0.000000
0.000000
0.000000
0.000000
0.000000
0.000000
0.000000
0.000000
0.000000
0.000000
0.000000
0.000000
0.000000
0.000000
0.000000
0.000000
0.000000
0.000000
0.000000
0.000000
0.000000
0.000000
0.000000
0.000000
0.000000
0.000000
0.000000
0.000000
0.000000
0.000000
0.000000
0.000000
0.000000
0.000000
0.000000
0.000000
0.000000
0.000000
0.000000
0.000000
0.000000
0.000000
0.000000
0.000000
0.000000
0.000000
0.000000
0.000000
0.000000
0.000000
0.000000
0.016000
0.032000
0.048000
0.064000
0.080000
0.096000
0.112000
0.128000
0.144000
0.160000
0.176000
0.192000
0.208000
0.224000
0.240000
0.256000
0.272000
0.288000
0.304000
0.320000
0.336000
0.352000
0.368000
0.384000
0.400000
0.400000
0.400000
0.400000
0.400000
0.400000
0.400000
0.400000
0.400000
0.400000
0.400000
0.400000
0.400000
0.400000
0.400000
0.400000
0.400000
0.400000
0.400000
0.400000
0.400000
0.400000
0.400000
0.400000
0.400000
0.400000
0.400000
0.400000
0.400000
0.400000
0.400000
0.400000
0.400000
0.400000
0.400000
0.400000
0.400000
0.400000
0.400000
0.400000
0.400000
0.400000
0.400000
0.400000
0.400000
0.400000
0.400000
0.400000
0.400000
0.400000
0.400000
0.400000
0.400000
0.400000
0.400000
0.400000
0.400000
0.400000
0.400000
0.400000
0.400000
0.400000
0.400000
0.400000
0.400000
0.400000
0.400000
0.400000
0.400000
0.400000
0.400000
0.400000
0.400000
0.400000
0.400000
0.400000
0.400000
0.400000
0.400000
0.400000
0.400000
0.400000
0.400000
0.400000
0.400000
0.400000
0.400000
0.400000
0.400000
0.400000
0.400000
0.400000
0.400000
0.400000
0.400000
0.400000
0.400000
0.400000
0.400000
0.400000
0.400000
0.400000
0.400000
0.400000
0.400000
0.400000
0.400000
0.400000
0.400000
0.400000
0.400000
0.400000
0.400000
0.400000
0.400000
0.400000
0.400000
0.400000
0.400000
0.400000
0.400000
0.400000
0.400000
0.400000
0.400000
0.400000
0.400000
0.400000
0.400000
0.400000
0.400000
0.400000
0.400000
0.400000
0.400000
0.400000
0.400000
0.400000
0.400000
0.400000
0.400000
0.400000
0.400000
0.400000
0.400000
0.400000
0.400000
0.400000
0.400000
0.400000
0.400000
0.400000
0.320000
0.240000
0.160000
0.080000
0.000000
0.000000
0.000000
0.000000
0.000000
0.000000
0.000000
0.000000
0.000000
0.000000
0.000000
0.000000
0.000000
0.000000
0.000000
0.000000
0.000000
0.000000
0.000000
0.000000
0.000000
0.000000
0.000000
0.000000
0.000000
0.000000
0.000000
0.000000
0.000000
0.000000
0.000000
0.000000
0.000000
0.000000
0.000000
0.000000
0.000000
0.000000
0.000000
0.000000
0.000000
0.000000
0.000000
0.000000
0.000000
0.000000
0.000000
0.000000
0.000000
0.000000
0.000000
0.000000
0.016000
0.032000
0.048000
0.064000
0.080000
0.096000
0.112000
0.128000
0.144000
0.160000
0.176000
0.192000
0.208000
0.224000
0.240000
0.256000
0.272000
0.288000
0.304000
0.320000
0.336000
0.352000
0.368000
0.384000
0.400000
0.400000
0.400000
0.400000
0.400000
0.400000
0.400000
0.400000
0.400000
0.400000
0.400000
0.400000
0.400000
0.400000
0.400000
0.400000
0.400000
0.400000
0.400000
0.400000
0.400000
0.400000
0.400000
0.400000
0.400000
0.400000
0.400000
0.400000
0.400000
0.400000
0.400000
0.400000
0.400000
0.400000
0.400000
0.400000
0.400000
0.400000
0.400000
0.400000
0.400000
0.400000
0.400000
0.400000
0.400000
0.400000
0.400000
0.400000
0.400000
0.400000
0.400000
0.400000
0.400000
0.400000
0.400000
0.400000
0.400000
0.400000
0.400000
0.400000
0.400000
0.400000
0.400000
0.400000
0.400000
0.400000
0.400000
0.400000
0.400000
0.400000
0.400000
0.400000
0.400000
0.400000
0.400000
0.400000
0.400000
0.400000
0.400000
0.400000
0.400000
0.400000
0.400000
0.400000
0.400000
0.400000
0.400000
0.400000
0.400000
0.400000
0.400000
0.400000
0.400000
0.400000
0.400000
0.400000
0.400000
0.400000
0.400000
0.400000
0.400000
0.400000
0.400000
0.400000
0.400000
0.400000
0.400000
0.400000
0.400000
0.400000
0.400000
0.400000
0.400000
0.400000
0.400000
0.400000
0.400000
0.400000
0.400000
0.400000
0.400000
0.400000
0.400000
0.400000
0.400000
0.400000
0.400000
0.400000
0.400000
0.400000
0.400000
0.400000
0.400000
0.400000
0.400000
0.400000
0.400000
0.400000
0.400000
0.400000
0.400000
0.400000
0.400000
0.400000
0.400000
0.400000
0.400000
0.400000
0.400000
0.400000
0.400000
0.400000
0.320000
0.240000
0.160000
0.080000
0.000000
0.000000
0.000000
0.000000
0.000000
0.000000
0.000000
0.000000
0.000000
0.000000
0.000000
0.000000
0.000000
0.000000
0.000000
0.000000
0.000000
0.000000
0.000000
0.000000
0.000000
0.000000
0.000000
0.000000
0.000000
0.000000
0.000000
0.000000
0.000000
0.000000
0.000000
0.000000
0.000000
0.000000
0.000000
0.000000
0.000000
0.000000
0.000000
0.000000
0.000000
0.000000
0.000000
0.000000
0.000000
0.000000
0.000000
0.000000
0.000000
0.000000
0.000000
0.000000
0.016000
0.032000
0.048000
0.064000
0.080000
0.096000
0.112000
0.128000
0.144000
0.160000
0.176000
0.192000
0.208000
0.224000
0.240000
0.256000
0.272000
0.288000
0.304000
0.320000
0.336000
0.352000
0.368000
0.384000
0.400000
0.400000
0.400000
0.400000
0.400000
0.400000
0.400000
0.400000
0.400000
0.400000
0.400000
0.400000
0.400000
0.400000
0.400000
0.400000
0.400000
0.400000
0.400000
0.400000
0.400000
0.400000
0.400000
0.400000
0.400000
0.400000
0.400000
0.400000
0.400000
0.400000
0.400000
0.400000
0.400000
0.400000
0.400000
0.400000
0.400000
0.400000
0.400000
0.400000
0.400000
0.400000
0.400000
0.400000
0.400000
0.400000
0.400000
0.400000
0.400000
0.400000
0.400000
0.400000
0.400000
0.400000
0.400000
0.400000
0.400000
0.400000
0.400000
0.400000
0.400000
0.400000
0.400000
0.400000
0.400000
0.400000
0.400000
0.400000
0.400000
0.400000
0.400000
0.400000
0.400000
0.400000
0.400000
0.400000
0.400000
0.400000
0.400000
0.400000
0.400000
0.400000
0.400000
0.400000
0.400000
0.400000
0.400000
0.400000
0.400000
0.400000
0.400000
0.400000
0.400000
0.400000
0.400000
0.400000
0.400000
0.400000
0.400000
0.400000
0.400000
0.400000
0.400000
0.400000
0.400000
0.400000
0.400000
0.400000
0.400000
0.400000
0.400000
0.400000
0.400000
0.400000
0.400000
0.400000
0.400000
0.400000
0.400000
0.400000
0.400000
0.400000
0.400000
0.400000
0.400000
0.400000
0.400000
0.400000
0.400000
0.400000
0.400000
0.400000
0.400000
0.400000
0.400000
0.400000
0.400000
0.400000
0.400000
0.400000
0.400000
0.400000
0.400000
0.400000
0.400000
0.400000
0.400000
0.400000
0.400000
0.400000
0.400000
0.400000
0.320000
0.240000
0.160000
0.080000
0.000000
0.000000
0.000000
0.000000
0.000000
0.000000
0.000000
0.000000
0.000000
0.000000
0.000000
0.000000
0.000000
0.000000
0.000000
0.000000
0.000000
0.000000
0.000000
0.000000
0.000000
0.000000
0.000000
0.000000
0.000000
0.000000
0.000000
0.000000
0.000000
0.000000
0.000000
0.000000
0.000000
0.000000
0.000000
0.000000
0.000000
0.000000
0.000000
0.000000
0.000000
0.000000
0.000000
0.000000
0.000000
0.000000
0.000000
0.000000
0.000000
0.000000
0.000000
