0.000000
0.000000
0.000000
0.000000
0.000000
0.000000
0.000000
0.000000
0.000000
0.000000
0.000000
0.000000
0.000000
0.000000
0.000000
0.000000
0.000000
0.000000
0.000000
0.000000
0.000000
0.000000
0.000000
0.000000
0.000000
0.000000
0.000000
0.000000
0.000000
0.000000
0.000000
0.000000
0.000000
0.000000
0.000000
0.000000
0.000000
0.000000
0.000000
0.000000
0.000000
0.000000
0.000000
0.000000
0.000000
0.000000
0.000000
0.000000
0.000000
0.000000
0.000000
0.004000
0.008000
0.012000
0.016000
0.020000
0.024000
0.028000
0.032000
0.036000
0.040000
0.044000
0.048000
0.052000
0.056000
0.060000
0.064000
0.068000
0.072000
0.076000
0.080000
0.084000
0.088000
0.092000
0.096000
0.100000
0.104000
0.108000
0.112000
0.116000
0.120000
0.124000
0.128000
0.132000
0.136000
0.140000
0.144000
0.148000
0.152000
0.156000
0.160000
0.164000
0.168000
0.172000
0.176000
0.180000
0.184000
0.188000
0.192000
0.196000
0.200000
0.204000
0.208000
0.212000
0.216000
0.220000
0.224000
0.228000
0.232000
0.236000
0.240000
0.244000
0.248000
0.252000
0.256000
0.260000
0.264000
0.268000
0.272000
0.276000
0.280000
0.284000
0.288000
0.292000
0.296000
0.300000
0.304000
0.308000
0.312000
0.316000
0.320000
0.324000
0.328000
0.332000
0.336000
0.340000
0.344000
0.348000
0.352000
0.356000
0.360000
0.364000
0.368000
0.372000
0.376000
0.380000
0.384000
0.388000
0.392000
0.396000
0.400000
0.400000
0.400000
0.400000
0.400000
0.400000
0.400000
0.400000
0.400000
0.400000
0.400000
0.400000
0.400000
0.400000
0.400000
0.400000
0.400000
0.400000
0.400000
0.400000
0.400000
0.400000
0.400000
0.400000
0.400000
0.400000
0.400000
0.400000
0.400000
0.400000
0.400000
0.400000
0.400000
0.400000
0.400000
0.400000
0.400000
0.400000
0.400000
0.400000
0.400000
0.400000
0.400000
0.400000
0.400000
0.400000
0.400000
0.400000
0.400000
0.400000
0.400000
0.400000
0.400000
0.400000
0.400000
0.400000
0.400000
0.400000
0.400000
0.400000
0.400000
0.400000
0.400000
0.400000
0.400000
0.400000
0.400000
0.400000
0.400000
0.400000
0.400000
0.400000
0.400000
0.400000
0.400000
0.400000
0.400000
0.400000
0.400000
0.400000
0.400000
0.400000
0.400000
0.400000
0.400000
0.400000
0.400000
0.400000
0.400000
0.400000
0.400000
0.400000
0.400000
0.400000
0.400000
0.400000
0.400000
0.400000
0.400000
0.400000
0.400000
0.400000
0.400000
0.400000
0.400000
0.400000
0.400000
0.400000
0.400000
0.400000
0.400000
0.400000
0.400000
0.400000
0.400000
0.400000
0.400000
0.400000
0.400000
0.400000
0.400000
0.400000
0.400000
0.400000
0.400000
0.400000
0.400000
0.400000
0.400000
0.400000
0.400000
0.400000
0.400000
0.400000
0.400000
0.400000
0.400000
0.400000
0.400000
0.400000
0.400000
0.400000
0.400000
0.400000
0.400000
0.400000
0.400000
0.400000
0.400000
0.400000
0.400000
0.400000
0.398400
0.396800
0.395200
0.393600
0.392000
0.390400
0.388800
0.387200
0.385600
0.384000
0.382400
0.380800
0.379200
0.377600
0.376000
0.374400
0.372800
0.371200
0.369600
0.368000
0.366400
0.364800
0.363200
0.361600
0.360000
0.358400
0.356800
0.355200
0.353600
0.352000
0.350400
0.348800
0.347200
0.345600
0.344000
0.342400
0.340800
0.339200
0.337600
0.336000
0.334400
0.332800
0.331200
0.329600
0.328000
0.326400
0.324800
0.323200
0.321600
0.320000
0.318400
0.316800
0.315200
0.313600
0.312000
0.310400
0.308800
0.307200
0.305600
0.304000
0.302400
0.300800
0.299200
0.297600
0.296000
0.294400
0.292800
0.291200
0.289600
0.288000
0.286400
0.284800
0.283200
0.281600
0.280000
0.278400
0.276800
0.275200
0.273600
0.272000
0.270400
0.268800
0.267200
0.265600
0.264000
0.262400
0.260800
0.259200
0.257600
0.256000
0.254400
0.252800
0.251200
0.249600
0.248000
0.246400
0.244800
0.243200
0.241600
0.240000
0.238400
0.236800
0.235200
0.233600
0.232000
0.230400
0.228800
0.227200
0.225600
0.224000
0.222400
0.220800
0.219200
0.217600
0.216000
0.214400
0.212800
0.211200
0.209600
0.208000
0.206400
0.204800
0.203200
0.201600
0.200000
0.198400
0.196800
0.195200
0.193600
0.192000
0.190400
0.188800
0.187200
0.185600
0.184000
0.182400
0.180800
0.179200
0.177600
0.176000
0.174400
0.172800
0.171200
0.169600
0.168000
0.166400
0.164800
0.163200
0.161600
0.160000
0.158400
0.156800
0.155200
0.153600
0.152000
0.150400
0.148800
0.147200
0.145600
0.144000
0.142400
0.140800
0.139200
0.137600
0.136000
0.134400
0.132800
0.131200
0.129600
0.128000
0.126400
0.124800
0.123200
0.121600
0.120000
0.118400
0.116800
0.115200
0.113600
0.112000
0.110400
0.108800
0.107200
0.105600
0.104000
0.102400
0.100800
0.099200
0.097600
0.096000
0.094400
0.092800
0.091200
0.089600
0.088000
0.086400
0.084800
0.083200
0.081600
0.080000
0.078400
0.076800
0.075200
0.073600
0.072000
0.070400
0.068800
0.067200
0.065600
0.064000
0.062400
0.060800
0.059200
0.057600
0.056000
0.054400
0.052800
0.051200
0.049600
0.048000
0.046400
0.044800
0.043200
0.041600
0.040000
0.038400
0.036800
0.035200
0.033600
0.032000
0.030400
0.028800
0.027200
0.025600
0.024000
0.022400
0.020800
0.019200
0.017600
0.016000
0.014400
0.012800
0.011200
0.009600
0.008000
0.006400
0.004800
0.003200
0.001600
0.000000
0.000000
0.000000
0.000000
0.000000
0.000000
0.000000
0.000000
0.000000
0.000000
0.000000
0.000000
0.000000
0.000000
0.000000
0.000000
0.000000
0.000000
0.000000
0.000000
0.000000
0.000000
0.000000
0.000000
0.000000
0.000000
0.000000
0.000000
0.000000
0.000000
0.000000
0.000000
0.000000
0.000000
0.000000
0.000000
0.000000
0.000000
0.000000
0.000000
0.000000
0.000000
0.000000
0.000000
0.000000
0.000000
0.000000
0.000000
0.000000
0.000000
0.000000
0.000000
0.004000
0.008000
0.012000
0.016000
0.020000
0.024000
0.028000
0.032000
0.036000
0.040000
0.044000
0.048000
0.052000
0.056000
0.060000
0.064000
0.068000
0.072000
0.076000
0.080000
0.084000
0.088000
0.092000
0.096000
0.100000
0.104000
0.108000
0.112000
0.116000
0.120000
0.124000
0.128000
0.132000
0.136000
0.140000
0.144000
0.148000
0.152000
0.156000
0.160000
0.164000
0.168000
0.172000
0.176000
0.180000
0.184000
0.188000
0.192000
0.196000
0.200000
0.204000
0.208000
0.212000
0.216000
0.220000
0.224000
0.228000
0.232000
0.236000
0.240000
0.244000
0.248000
0.252000
0.256000
0.260000
0.264000
0.268000
0.272000
0.276000
0.280000
0.284000
0.288000
0.292000
0.296000
0.300000
0.304000
0.308000
0.312000
0.316000
0.320000
0.324000
0.328000
0.332000
0.336000
0.340000
0.344000
0.348000
0.352000
0.356000
0.360000
0.364000
0.368000
0.372000
0.376000
0.380000
0.384000
0.388000
0.392000
0.396000
0.400000
0.400000
0.400000
0.400000
0.400000
0.400000
0.400000
0.400000
0.400000
0.400000
0.400000
0.400000
0.400000
0.400000
0.400000
0.400000
0.400000
0.400000
0.400000
0.400000
0.400000
0.400000
0.400000
0.400000
0.400000
0.400000
0.400000
0.400000
0.400000
0.400000
0.400000
0.400000
0.400000
0.400000
0.400000
0.400000
0.400000
0.400000
0.400000
0.400000
0.400000
0.400000
0.400000
0.400000
0.400000
0.400000
0.400000
0.400000
0.400000
0.400000
0.400000
0.400000
0.400000
0.400000
0.400000
0.400000
0.400000
0.400000
0.400000
0.400000
0.400000
0.400000
0.400000
0.400000
0.400000
0.400000
0.400000
0.400000
0.400000
0.400000
0.400000
0.400000
0.400000
0.400000
0.400000
0.400000
0.400000
0.400000
0.400000
0.400000
0.400000
0.400000
0.400000
0.400000
0.400000
0.400000
0.400000
0.400000
0.400000
0.400000
0.400000
0.400000
0.400000
0.400000
0.400000
0.400000
0.400000
0.400000
0.400000
0.400000
0.400000
0.400000
0.400000
0.400000
0.400000
0.400000
0.400000
0.400000
0.400000
0.400000
0.400000
0.400000
0.400000
0.400000
0.400000
0.400000
0.400000
0.400000
0.400000
0.400000
0.400000
0.400000
0.400000
0.400000
0.400000
0.400000
0.400000
0.400000
0.400000
0.400000
0.400000
0.400000
0.400000
0.400000
0.400000
0.400000
0.400000
0.400000
0.400000
0.400000
0.400000
0.400000
0.400000
0.400000
0.400000
0.400000
0.400000
0.400000
0.400000
0.400000
0.400000
0.400000
0.398400
0.396800
0.395200
0.393600
0.392000
0.390400
0.388800
0.387200
0.385600
0.384000
0.382400
0.380800
0.379200
0.377600
0.376000
0.374400
0.372800
0.371200
0.369600
0.368000
0.366400
0.364800
0.363200
0.361600
0.360000
0.358400
0.356800
0.355200
0.353600
0.352000
0.350400
0.348800
0.347200
0.345600
0.344000
0.342400
0.340800
0.339200
0.337600
0.336000
0.334400
0.332800
0.331200
0.329600
0.328000
0.326400
0.324800
0.323200
0.321600
0.320000
0.318400
0.316800
0.315200
0.313600
0.312000
0.310400
0.308800
0.307200
0.305600
0.304000
0.302400
0.300800
0.299200
0.297600
0.296000
0.294400
0.292800
0.291200
0.289600
0.288000
0.286400
0.284800
0.283200
0.281600
0.280000
0.278400
0.276800
0.275200
0.273600
0.272000
0.270400
0.268800
0.267200
0.265600
0.264000
0.262400
0.260800
0.259200
0.257600
0.256000
0.254400
0.252800
0.251200
0.249600
0.248000
0.246400
0.244800
0.243200
0.241600
0.240000
0.238400
0.236800
0.235200
0.233600
0.232000
0.230400
0.228800
0.227200
0.225600
0.224000
0.222400
0.220800
0.219200
0.217600
0.216000
0.214400
0.212800
0.211200
0.209600
0.208000
0.206400
0.204800
0.203200
0.201600
0.200000
0.198400
0.196800
0.195200
0.193600
0.192000
0.190400
0.188800
0.187200
0.185600
0.184000
0.182400
0.180800
0.179200
0.177600
0.176000
0.174400
0.172800
0.171200
0.169600
0.168000
0.166400
0.164800
0.163200
0.161600
0.160000
0.158400
0.156800
0.155200
0.153600
0.152000
0.150400
0.148800
0.147200
0.145600
0.144000
0.142400
0.140800
0.139200
0.137600
0.136000
0.134400
0.132800
0.131200
0.129600
0.128000
0.126400
0.124800
0.123200
0.121600
0.120000
0.118400
0.116800
0.115200
0.113600
0.112000
0.110400
0.108800
0.107200
0.105600
0.104000
0.102400
0.100800
0.099200
0.097600
0.096000
0.094400
0.092800
0.091200
0.089600
0.088000
0.086400
0.084800
0.083200
0.081600
0.080000
0.078400
0.076800
0.075200
0.073600
0.072000
0.070400
0.068800
0.067200
0.065600
0.064000
0.062400
0.060800
0.059200
0.057600
0.056000
0.054400
0.052800
0.051200
0.049600
0.048000
0.046400
0.044800
0.043200
0.041600
0.040000
0.038400
0.036800
0.035200
0.033600
0.032000
0.030400
0.028800
0.027200
0.025600
0.024000
0.022400
0.020800
0.019200
0.017600
0.016000
0.014400
0.012800
0.011200
0.009600
0.008000
0.006400
0.004800
0.003200
0.001600
0.000000
0.000000
0.000000
0.000000
0.000000
0.000000
0.000000
0.000000
0.000000
0.000000
0.000000
0.000000
0.000000
0.000000
0.000000
0.000000
0.000000
0.000000
0.000000
0.000000
0.000000
0.000000
0.000000
0.000000
0.000000
0.000000
0.000000
0.000000
0.000000
0.000000
0.000000
0.000000
0.000000
0.000000
0.000000
0.000000
0.000000
0.000000
0.000000
0.000000
0.000000
0.000000
0.000000
0.000000
0.000000
0.000000
0.000000
0.000000
0.000000
0.000000
0.000000
0.000000
0.004000
0.008000
0.012000
0.016000
0.020000
0.024000
0.028000
0.032000
0.036000
0.040000
0.044000
0.048000
0.052000
0.056000
0.060000
0.064000
0.068000
0.072000
0.076000
0.080000
0.084000
0.088000
0.092000
0.096000
0.100000
0.104000
0.108000
0.112000
0.116000
0.120000
0.124000
0.128000
0.132000
0.136000
0.140000
0.144000
0.148000
0.152000
0.156000
0.160000
0.164000
0.168000
0.172000
0.176000
0.180000
0.184000
0.188000
0.192000
0.196000
0.200000
0.204000
0.208000
0.212000
0.216000
0.220000
0.224000
0.228000
0.232000
0.236000
0.240000
0.244000
0.248000
0.252000
0.256000
0.260000
0.264000
0.268000
0.272000
0.276000
0.280000
0.284000
0.288000
0.292000
0.296000
0.300000
0.304000
0.308000
0.312000
0.316000
0.320000
0.324000
0.328000
0.332000
0.336000
0.340000
0.344000
0.348000
0.352000
0.356000
0.360000
0.364000
0.368000
0.372000
0.376000
0.380000
0.384000
0.388000
0.392000
0.396000
0.400000
0.400000
0.400000
0.400000
0.400000
0.400000
0.400000
0.400000
0.400000
0.400000
0.400000
0.400000
0.400000
0.400000
0.400000
0.400000
0.400000
0.400000
0.400000
0.400000
0.400000
0.400000
0.400000
0.400000
0.400000
0.400000
0.400000
0.400000
0.400000
0.400000
0.400000
0.400000
0.400000
0.400000
0.400000
0.400000
0.400000
0.400000
0.400000
0.400000
0.400000
0.400000
0.400000
0.400000
0.400000
0.400000
0.400000
0.400000
0.400000
0.400000
0.400000
0.400000
0.400000
0.400000
0.400000
0.400000
0.400000
0.400000
0.400000
0.400000
0.400000
0.400000
0.400000
0.400000
0.400000
0.400000
0.400000
0.400000
0.400000
0.400000
0.400000
0.400000
0.400000
0.400000
0.400000
0.400000
0.400000
0.400000
0.400000
0.400000
0.400000
0.400000
0.400000
0.400000
0.400000
0.400000
0.400000
0.400000
0.400000
0.400000
0.400000
0.400000
0.400000
0.400000
0.400000
0.400000
0.400000
0.400000
0.400000
0.400000
0.400000
0.400000
0.400000
0.400000
0.400000
0.400000
0.400000
0.400000
0.400000
0.400000
0.400000
0.400000
0.400000
0.400000
0.400000
0.400000
0.400000
0.400000
0.400000
0.400000
0.400000
0.400000
0.400000
0.400000
0.400000
0.400000
0.400000
0.400000
0.400000
0.400000
0.400000
0.400000
0.400000
0.400000
0.400000
0.400000
0.400000
0.400000
0.400000
0.400000
0.400000
0.400000
0.400000
0.400000
0.400000
0.400000
0.400000
0.400000
0.400000
0.400000
0.400000
0.400000
0.398400
0.396800
0.395200
0.393600
0.392000
0.390400
0.388800
0.387200
0.385600
0.384000
0.382400
0.380800
0.379200
0.377600
0.376000
0.374400
0.372800
0.371200
0.369600
0.368000
0.366400
0.364800
0.363200
0.361600
0.360000
0.358400
0.356800
0.355200
0.353600
0.352000
0.350400
0.348800
0.347200
0.345600
0.344000
0.342400
0.340800
0.339200
0.337600
0.336000
0.334400
0.332800
0.331200
0.329600
0.328000
0.326400
0.324800
0.323200
0.321600
0.320000
0.318400
0.316800
0.315200
0.313600
0.312000
0.310400
0.308800
0.307200
0.305600
0.304000
0.302400
0.300800
0.299200
0.297600
0.296000
0.294400
0.292800
0.291200
0.289600
0.288000
0.286400
0.284800
0.283200
0.281600
0.280000
0.278400
0.276800
0.275200
0.273600
0.272000
0.270400
0.268800
0.267200
0.265600
0.264000
0.262400
0.260800
0.259200
0.257600
0.256000
0.254400
0.252800
0.251200
0.249600
0.248000
0.246400
0.244800
0.243200
0.241600
0.240000
0.238400
0.236800
0.235200
0.233600
0.232000
0.230400
0.228800
0.227200
0.225600
0.224000
0.222400
0.220800
0.219200
0.217600
0.216000
0.214400
0.212800
0.211200
0.209600
0.208000
0.206400
0.204800
0.203200
0.201600
0.200000
0.198400
0.196800
0.195200
0.193600
0.192000
0.190400
0.188800
0.187200
0.185600
0.184000
0.182400
0.180800
0.179200
0.177600
0.176000
0.174400
0.172800
0.171200
0.169600
0.168000
0.166400
0.164800
0.163200
0.161600
0.160000
0.158400
0.156800
0.155200
0.153600
0.152000
0.150400
0.148800
0.147200
0.145600
0.144000
0.142400
0.140800
0.139200
0.137600
0.136000
0.134400
0.132800
0.131200
0.129600
0.128000
0.126400
0.124800
0.123200
0.121600
0.120000
0.118400
0.116800
0.115200
0.113600
0.112000
0.110400
0.108800
0.107200
0.105600
0.104000
0.102400
0.100800
0.099200
0.097600
0.096000
0.094400
0.092800
0.091200
0.089600
0.088000
0.086400
0.084800
0.083200
0.081600
0.080000
0.078400
0.076800
0.075200
0.073600
0.072000
0.070400
0.068800
0.067200
0.065600
0.064000
0.062400
0.060800
0.059200
0.057600
0.056000
0.054400
0.052800
0.051200
0.049600
0.048000
0.046400
0.044800
0.043200
0.041600
0.040000
0.038400
0.036800
0.035200
0.033600
0.032000
0.030400
0.028800
0.027200
0.025600
0.024000
0.022400
0.020800
0.019200
0.017600
0.016000
0.014400
0.012800
0.011200
0.009600
0.008000
0.006400
0.004800
0.003200
0.001600
0.000000
0.000000
0.000000
0.000000
0.000000
0.000000
0.000000
0.000000
0.000000
0.000000
0.000000
0.000000
0.000000
0.000000
0.000000
0.000000
0.000000
0.000000
0.000000
0.000000
0.000000
0.000000
0.000000
0.000000
0.000000
0.000000
0.000000
0.000000
0.000000
0.000000
0.000000
0.000000
0.000000
0.000000
0.000000
0.000000
0.000000
0.000000
0.000000
0.000000
0.000000
0.000000
0.000000
0.000000
0.000000
0.000000
0.000000
0.000000
0.000000
0.000000
0.000000
