1573043463.090470 0.000000 0.000000 0.028730 10.198701 0.000000 0.202319 0.000000 -0.004476
1573043463.110146 0.000000 0.000000 0.014964 10.275315 0.000000 0.202319 0.000000 -0.001088
1573043463.130228 0.000000 0.000000 0.025738 10.303447 0.000000 0.202319 0.000000 -0.003524
1573043463.150060 0.000000 0.000000 0.036512 10.225037 0.000000 0.202291 0.000000 -0.002206
1573043463.170153 0.000000 0.000000 0.043694 10.269928 0.000000 0.202291 0.000000 -0.002850
1573043463.190131 0.000000 0.000000 0.033519 10.219649 0.000000 0.202291 0.000000 -0.003803
1573043463.210124 0.000000 0.000000 0.041300 10.225037 0.000000 0.202291 0.000000 -0.002540
1573043463.230139 0.000000 0.000000 0.041899 10.208876 0.000000 0.202291 0.000000 -0.004126
1573043463.250154 0.000000 0.000000 0.053271 10.226233 0.000000 0.202319 0.000000 -0.005408
1573043463.270144 0.000000 0.000000 0.035913 10.242993 0.000000 0.202319 0.000000 -0.003506
1573043463.290149 0.000000 0.000000 0.052074 10.196905 0.000000 0.202291 0.000000 -0.005142
1573043463.309992 0.000000 0.000000 0.038307 10.229825 0.000000 0.202291 0.000000 -0.004774
1573043463.330247 0.000000 0.000000 0.049680 10.258555 0.000000 0.202291 0.000000 -0.005876
1573043463.350080 0.000000 0.000000 0.033519 10.230424 0.000000 0.202291 0.000000 -0.004132
1573043463.370365 0.000000 0.000000 0.060454 10.291476 0.001267 0.202319 0.000000 -0.003921
1573043463.390077 0.000000 0.000000 0.035913 10.249578 0.001267 0.202319 0.000000 -0.002393
1573043463.410162 0.000000 0.000000 0.030526 10.217854 0.001267 0.202319 0.000000 -0.003523
1573043463.430203 0.000000 0.000000 0.040701 10.204087 0.000000 0.202291 0.000000 -0.003998
1573043463.450100 0.000000 0.000000 0.029329 10.195109 0.000000 0.202291 0.000000 -0.002543
1573043463.470188 0.000000 0.000634 0.035314 10.235212 -0.001267 0.202291 0.000000 -0.004535
1573043463.489990 0.000000 0.000634 0.035913 10.219051 -0.001267 0.202291 0.000000 -0.003150
1573043463.510065 0.000000 0.000000 0.022745 10.256760 0.000000 0.202291 0.000000 -0.002496
1573043463.530174 0.000000 0.000000 0.028132 10.266336 0.000000 0.202291 0.000000 -0.001959
1573043463.550167 0.000000 0.000000 0.011372 10.273520 0.000000 0.202319 0.000000 -0.001608
1573043463.570212 0.000000 0.000000 0.014964 10.199299 0.000000 0.202319 0.000000 -0.002682
1573043463.590167 0.000000 0.000662 0.029329 10.166977 -0.001325 0.202291 0.000000 -0.003037
1573043463.610136 0.000000 0.000662 0.051475 10.208278 -0.001325 0.202291 0.000000 -0.004444
1573043463.630070 0.000000 0.000662 0.039504 10.223840 -0.001325 0.202291 0.000000 -0.003311
1573043463.650085 0.000000 0.000000 0.021548 10.229825 0.000000 0.202291 0.000000 -0.001942
1573043463.670077 0.000000 0.000000 0.044891 10.204087 0.000000 0.202291 0.000000 -0.004626
1573043463.690060 0.000000 -0.000634 0.043694 10.253767 0.001267 0.202319 0.000000 -0.005668
1573043463.710040 0.000000 -0.000634 0.026336 10.280104 0.001267 0.202319 0.000000 -0.003000
1573043463.730291 0.000000 0.000000 0.025738 10.221445 0.000000 0.202291 0.000000 -0.003393
1573043463.750158 0.000000 0.000000 0.034117 10.253767 0.000000 0.202291 0.000000 -0.003355
1573043463.770258 0.000000 0.000000 0.029329 10.259154 0.000000 0.202291 0.000000 -0.003355
1573043463.790242 0.000000 0.000000 0.017957 10.233417 0.000000 0.202291 0.000000 -0.003199
1573043463.810265 0.000000 0.000000 0.017358 10.174160 0.000000 0.202291 0.000000 -0.001921
1573043463.830146 0.000000 0.000662 0.028730 10.239402 -0.001325 0.202291 0.000000 -0.002279
1573043463.850252 0.000000 -0.000634 0.017957 10.252570 0.001267 0.202319 0.000000 -0.001351
1573043463.870166 0.000000 0.000662 0.014964 10.260950 -0.001325 0.202291 0.000000 -0.002980
1573043463.890248 0.000000 0.000662 0.037110 10.201095 -0.001325 0.202291 0.000000 -0.001452
1573043463.910163 0.000000 0.000000 0.032322 10.295666 0.000000 0.202291 0.000000 -0.002886
1573043463.930075 0.000000 0.000000 0.037709 10.182540 0.000000 0.202291 0.000000 -0.003731
1573043463.950102 0.000000 0.000000 0.037110 10.204087 0.000000 0.202319 0.000000 -0.003239
1573043463.970081 0.000000 0.000000 0.025139 10.273520 0.000000 0.202319 0.000000 -0.002281
1573043463.990246 0.000000 0.000000 0.029329 10.211868 0.000000 0.202319 0.000000 -0.002962
1573043464.010169 0.000000 0.000000 0.039504 10.250175 0.000000 0.202319 0.000000 -0.005087
1573043464.030173 0.000000 0.000000 0.043096 10.228029 0.000000 0.202319 0.000000 -0.002962
1573043464.050179 0.000000 0.000634 0.046088 10.187926 -0.001267 0.202291 0.000000 -0.004580
1573043464.070107 0.000000 0.000634 0.032322 10.240001 -0.001267 0.202291 0.000000 -0.002772
1573043464.090211 0.000000 0.000662 0.013767 10.247183 -0.001325 0.202291 0.000000 -0.001792
1573043464.110246 0.000000 0.000662 0.037110 10.187328 -0.001325 0.202291 0.000000 -0.003683
1573043464.130093 0.000000 0.000000 0.020351 10.207080 0.000000 0.202319 0.000000 -0.001110
1573043464.150118 0.000000 0.000000 0.041300 10.224438 0.000000 0.202319 0.000000 -0.002295
1573043464.170178 0.000000 0.000662 0.043694 10.219051 -0.001325 0.202291 0.000000 -0.004381
1573043464.190216 0.000000 0.000662 0.026935 10.178349 -0.001325 0.202291 0.000000 -0.002962
1573043464.210222 0.000000 0.000000 0.041899 10.275315 0.000000 0.202319 0.000000 -0.003812
1573043464.230104 0.000000 0.000000 0.040103 10.262147 0.000000 0.202319 0.000000 -0.003465
1573043464.250102 0.000000 0.000000 0.047884 10.210073 0.000000 0.202319 0.000000 -0.004388
1573043464.270010 0.000000 0.000000 0.025139 10.177752 0.000000 0.202291 0.000000 -0.003157
1573043464.289998 0.000000 0.000000 0.040103 10.289680 0.000000 0.202291 0.000000 -0.003884
1573043464.310067 0.000000 0.000000 0.032322 10.167576 0.000000 0.202319 0.000000 -0.003397
1573043464.330213 0.000000 0.000000 0.051475 10.286688 0.000000 0.202319 0.000000 -0.005226
1573043464.350235 0.000000 -0.000634 0.025139 10.251971 0.001267 0.202319 0.000000 -0.003723
1573043464.370166 0.000000 -0.000634 0.028132 10.156203 0.001267 0.202319 0.000000 -0.002469
1573043464.390371 0.000000 0.000000 0.035913 10.270527 0.000000 0.202319 0.000000 -0.001338
1573043464.410122 0.000000 0.000000 0.042497 10.289082 0.000000 0.202319 0.000000 -0.000691
1573043464.430086 0.000000 0.000000 0.009577 10.223840 0.000000 0.202319 0.000000 -0.002271
1573043464.450173 0.000000 0.000000 0.030526 10.251971 0.000000 0.202319 0.000000 -0.003080
1573043464.470200 0.000000 0.000000 0.053271 10.190321 0.000000 0.202319 0.000000 -0.004794
1573043464.489997 0.000000 0.000000 0.029928 10.238205 0.000000 0.202319 0.000000 -0.003255
1573043464.510031 0.000000 0.000000 0.032920 10.218452 0.000000 0.202319 0.000000 -0.000722
1573043464.530063 0.000000 0.000000 0.025738 10.220847 0.000000 0.202291 0.000000 -0.003943
1573043464.550053 0.000000 0.000000 0.053870 10.169971 0.000000 0.202291 0.000000 -0.004917
1573043464.570184 0.000000 0.000662 0.024541 10.174160 -0.001325 0.202291 0.000000 -0.002675
1573043464.590086 0.000000 0.000662 0.032322 10.284892 -0.001325 0.202291 0.000000 -0.003533
1573043464.610104 0.000000 0.000634 0.020949 10.207679 -0.001267 0.202291 0.000000 -0.001840
1573043464.630110 0.000000 0.000634 0.058658 10.218452 -0.001267 0.202291 0.000000 -0.003875
1573043464.650098 0.000000 0.000662 0.034117 10.211270 -0.001325 0.202291 0.000000 -0.002214
1573043464.670194 0.000000 0.000662 0.014365 10.243592 -0.001325 0.202291 0.000000 -0.002930
1573043464.690221 0.000000 0.000662 0.014365 10.196905 -0.001325 0.202291 0.000000 -0.002409
1573043464.709998 0.000000 0.000662 0.056264 10.198102 -0.001325 0.202291 0.000000 -0.002534
1573043464.730086 0.000000 0.000662 0.044293 10.262746 -0.001325 0.202291 0.000000 -0.004154
1573043464.750011 0.000000 -0.000662 0.045490 10.135853 0.001325 0.202319 0.000000 -0.004477
1573043464.770032 0.000000 -0.000662 0.018555 10.293870 0.001325 0.202319 0.000000 -0.002450
1573043464.790164 0.000000 -0.000634 0.049680 10.286089 0.001267 0.202319 0.000000 -0.004552
1573043464.810242 0.000000 -0.000634 0.002993 10.206482 0.001267 0.202319 0.000000 -0.002685
1573043464.830158 0.000000 -0.000662 0.020351 10.175956 0.001325 0.202319 0.000000 -0.000719
1573043464.850144 0.000000 -0.000662 0.046088 10.168773 0.001325 0.202319 0.000000 -0.003818
1573043464.870093 0.000000 0.000000 0.038307 10.255563 0.000000 0.202291 0.000000 -0.003134
1573043464.890126 0.000000 0.000000 0.058658 10.231621 0.000000 0.202291 0.000000 -0.003669
1573043464.910176 0.000000 0.000000 0.035913 10.258555 0.000000 0.202291 0.000000 -0.001853
1573043464.930141 0.000000 0.000000 0.041300 10.243592 0.000000 0.202291 0.000000 -0.005182
1573043464.950112 0.000000 0.000000 0.034117 10.302848 0.000000 0.202291 0.000000 -0.003861
1573043464.970176 0.000000 -0.000634 0.044891 10.293870 0.001267 0.202319 0.000000 -0.003989
1573043464.990139 0.000000 -0.000634 0.013168 10.187926 0.001267 0.202319 0.000000 -0.000871
1573043465.010127 0.000000 0.000000 0.032322 10.195109 0.000000 0.202319 0.000000 -0.003619
1573043465.030124 0.000000 0.000000 0.026336 10.214861 0.000000 0.202319 0.000000 -0.002825
1573043465.050215 0.000000 -0.000662 0.021548 10.208876 0.001325 0.202319 0.000000 -0.001204
1573043465.070148 0.000000 -0.000662 0.028132 10.245387 0.001325 0.202319 0.000000 -0.002212
1573043465.090168 0.000000 -0.000662 0.012570 10.236409 0.001325 0.202319 0.000000 -0.002171
1573043465.110129 0.000000 0.000000 0.043694 10.235212 0.000000 0.202291 0.000000 -0.001939
1573043465.130213 0.000000 0.000000 0.044891 10.263344 0.000000 0.202291 0.000000 -0.003963
1573043465.150134 0.000000 -0.000662 0.035314 10.221445 0.001325 0.202319 0.000000 -0.003656
1573043465.170143 0.000000 -0.000662 0.028730 10.210671 0.001325 0.202319 0.000000 -0.002259
1573043465.190106 0.000000 -0.000662 0.031723 10.238205 0.001325 0.202319 0.000000 -0.003615
1573043465.210142 0.000000 -0.000662 0.046088 10.207080 0.001325 0.202319 0.000000 -0.004360
1573043465.230171 0.000000 0.000662 0.047884 10.178349 -0.001325 0.202291 0.000000 -0.004225
1573043465.250108 0.000000 0.000662 0.046687 10.238205 -0.001325 0.202291 0.000000 -0.004544
1573043465.270203 0.000000 0.000000 0.011971 10.247782 0.000000 0.202319 0.000000 -0.001295
1573043465.290266 0.000000 0.000000 0.039504 10.229227 0.000000 0.202319 0.000000 -0.001620
1573043465.310112 0.000000 0.000000 0.008978 10.240599 0.000000 0.202319 0.000000 -0.001668
1573043465.330108 0.000000 0.000000 0.021548 10.235810 0.000000 0.202319 0.000000 -0.002021
1573043465.350410 0.000000 0.000000 0.032920 10.256162 0.000000 0.202319 0.000000 -0.002810
1573043465.370099 0.000000 0.000000 0.026336 10.225037 0.000000 0.202291 0.000000 -0.003828
1573043465.390258 0.000000 0.000000 0.016759 10.211270 0.000000 0.202291 0.000000 -0.001782
1573043465.410195 0.000000 -0.000662 0.029329 10.195109 0.001325 0.202319 0.000000 -0.002636
1573043465.430215 0.000000 -0.000662 0.023942 10.190919 0.001325 0.202319 0.000000 -0.002111
1573043465.450033 0.000000 0.000634 0.029329 10.235810 -0.001267 0.202291 0.000000 -0.000827
1573043465.470111 0.000000 0.000634 0.037709 10.251971 -0.001267 0.202291 0.000000 -0.003451
1573043465.490004 0.000000 0.000000 0.018555 10.253767 0.000000 0.202291 0.000000 -0.001773
1573043465.510013 0.000000 0.000000 0.037709 10.198701 0.000000 0.202291 0.000000 -0.002906
1573043465.530067 0.000000 0.000000 0.028730 10.181342 0.000000 0.202291 0.000000 -0.002856
1573043465.550272 0.000000 0.000000 0.028730 10.284892 0.000000 0.202319 0.000000 -0.002447
1573043465.570073 0.000000 0.000000 0.038906 10.225037 0.000000 0.202319 0.000000 -0.002269
1573043465.590079 0.000000 0.000000 0.011971 10.217854 0.000000 0.202291 0.000000 -0.000424
1573043465.610089 0.000000 0.000000 0.017957 10.207080 0.000000 0.202291 0.000000 -0.002684
1573043465.630177 0.000000 0.000000 0.051475 10.234015 0.000000 0.202291 0.000000 -0.005256
1573043465.650146 0.000000 0.000000 0.022745 10.222643 0.000000 0.202291 0.000000 -0.001977
1573043465.670152 0.000000 0.000000 0.004190 10.197503 0.000000 0.202319 0.000000 -0.000443
1573043465.690169 0.000000 0.000000 0.019154 10.275315 0.000000 0.202319 0.000000 -0.003137
1573043465.710270 0.000000 -0.000662 0.050278 10.204087 0.001325 0.202319 0.000000 -0.005297
1573043465.730321 0.000000 -0.000662 0.010175 10.169971 0.001325 0.202319 0.000000 -0.002463
1573043465.750630 0.000000 -0.000662 0.010774 10.264541 0.001325 0.202319 0.000000 -0.002394
1573043465.770590 0.000000 0.000000 0.046687 10.167576 0.000000 0.202291 0.000000 -0.004160
1573043465.790144 0.000000 0.000000 0.040103 10.204087 0.000000 0.202291 0.000000 -0.002702
1573043465.810133 0.000000 0.000000 0.043096 10.221445 0.000000 0.202319 0.000000 -0.003751
1573043465.830242 0.000000 0.000000 0.021548 10.244190 0.000000 0.202319 0.000000 -0.001679
1573043465.850281 0.000000 0.000000 0.017957 10.265140 0.000000 0.202291 0.000000 -0.001639
1573043465.870070 0.000000 0.000000 0.032322 10.254964 0.000000 0.202291 0.000000 -0.002653
1573043465.890125 0.000000 0.000000 0.016161 10.275315 0.000000 0.202291 0.000000 -0.003399
1573043465.910110 0.000000 0.000000 0.036512 10.196306 0.000000 0.202291 0.000000 -0.003598
1573043465.930233 0.000000 0.000000 0.025738 10.301053 0.000000 0.202291 0.000000 -0.002913
1573043465.950113 0.000000 0.000000 0.044293 10.169372 0.000000 0.202291 0.000000 -0.003337
1573043465.970135 0.000000 0.000000 0.023942 10.136452 0.000000 0.202291 0.000000 -0.002471
1573043465.990169 0.000000 -0.000662 0.025738 10.281899 0.001325 0.202319 0.000000 -0.003684
1573043466.010189 0.000000 -0.000662 0.034716 10.301651 0.001325 0.202319 0.000000 -0.002226
1573043466.030227 0.000000 0.000634 0.028132 10.184934 -0.001267 0.202291 0.000000 -0.003697
1573043466.050128 0.000000 0.000634 0.046687 10.242993 -0.001267 0.202291 0.000000 -0.004349
1573043466.070092 0.000000 0.000000 0.015562 10.229227 0.000000 0.202319 0.000000 -0.001223
1573043466.090099 0.000000 0.000000 0.025738 10.260351 0.000000 0.202319 0.000000 -0.003722
1573043466.110119 0.000000 0.000000 0.044293 10.223241 0.000000 0.202319 0.000000 -0.002707
1573043466.129990 0.000000 0.000000 0.034716 10.259154 0.000000 0.202319 0.000000 -0.003614
1573043466.150366 0.000000 0.000000 0.062249 10.178948 0.000000 0.202319 0.000000 -0.003685
1573043466.170332 0.000000 0.000000 0.037110 10.214861 0.000000 0.202319 0.000000 -0.003297
1573043466.190186 0.000000 0.000000 0.032920 10.250175 0.000000 0.202319 0.000000 -0.003097
1573043466.210073 0.000000 -0.000662 0.035913 10.269329 0.001325 0.202319 0.000000 -0.003205
1573043466.229879 0.000000 -0.000662 0.007781 10.241796 0.001325 0.202319 0.000000 -0.001394
1573043466.249947 0.000000 0.000000 0.038906 10.207080 0.000000 0.202319 0.000000 -0.003760
1573043466.270008 0.000000 0.000000 0.031125 10.236409 0.000000 0.202319 0.000000 -0.002818
1573043466.290155 0.000000 0.000662 0.018555 10.238804 -0.001325 0.202291 0.000000 -0.002706
1573043466.310204 0.000000 0.000662 0.049081 10.212467 -0.001325 0.202291 0.000000 -0.004072
1573043466.330146 0.000000 0.000662 0.037709 10.219051 -0.001325 0.202291 0.000000 -0.003561
1573043466.350104 0.000000 0.000000 0.031125 10.186729 0.000000 0.202291 0.000000 -0.003718
1573043466.370227 0.000000 0.000000 0.026935 10.296265 0.000000 0.202291 0.000000 -0.002404
1573043466.390107 0.000000 0.000000 0.008380 10.238205 0.000000 0.202319 0.000000 -0.003829
1573043466.410065 0.000000 0.000000 0.053870 10.236409 0.000000 0.202319 0.000000 -0.004936
1573043466.430063 0.000000 0.000634 0.042497 10.220248 -0.001267 0.202291 0.000000 -0.003165
1573043466.450097 0.000000 0.000634 0.048483 10.216059 -0.001267 0.202291 0.000000 -0.003711
1573043466.470022 0.000000 -0.000662 0.018555 10.231022 0.001325 0.202319 0.000000 -0.002752
1573043466.490100 0.000000 -0.000662 0.043694 10.223840 0.001325 0.202319 0.000000 -0.004382
1573043466.510141 0.000000 0.000634 0.029329 10.229825 -0.001267 0.202291 0.000000 -0.001806
1573043466.530243 0.000000 0.000634 0.020351 10.242993 -0.001267 0.202291 0.000000 -0.001370
1573043466.550209 0.000000 0.000634 0.032322 10.168175 -0.001267 0.202291 0.000000 -0.002515
1573043466.570128 0.000000 0.000000 0.039504 10.296265 0.000000 0.202291 0.000000 -0.004556
1573043466.590146 0.000000 0.000000 0.038906 10.316615 0.000000 0.202291 0.000000 -0.005069
1573043466.610152 0.000000 -0.000662 0.022146 10.255563 0.001325 0.202319 0.000000 -0.001915
1573043466.630076 0.000000 -0.000662 0.031125 10.188525 0.001325 0.202319 0.000000 -0.004358
1573043466.650185 0.000000 0.000000 0.049680 10.175956 0.000000 0.202291 0.000000 -0.003168
1573043466.670080 0.000000 0.000000 0.022146 10.293271 0.000000 0.202291 0.000000 -0.001687
1573043466.690162 0.000000 0.000000 0.043694 10.171167 0.000000 0.202319 0.000000 -0.003861
1573043466.710126 0.000000 0.000000 0.013767 10.185533 0.000000 0.202319 0.000000 -0.000820
1573043466.730070 0.000000 0.000000 0.029928 10.302250 0.000000 0.202319 0.000000 -0.003234
1573043466.750107 0.000000 0.000000 0.038307 10.237008 0.000000 0.202319 0.000000 -0.003126
1573043466.770118 0.000000 0.000000 0.023343 10.299257 0.000000 0.202319 0.000000 -0.002273
1573043466.790259 0.000000 0.000000 0.020949 10.217256 0.000000 0.202291 0.000000 -0.001998
1573043466.810158 0.000000 0.000000 0.044891 10.195707 0.000000 0.202291 0.000000 -0.004106
1573043466.830170 0.000000 0.000000 0.041300 10.219649 0.000000 0.202319 0.000000 -0.003813
1573043466.850120 0.000000 0.000000 0.037110 10.201694 0.000000 0.202319 0.000000 -0.003056
1573043466.870008 0.000000 0.000662 0.017957 10.251373 -0.001325 0.202291 0.000000 -0.003357
1573043466.890240 0.000000 0.000662 0.044293 10.259752 -0.001325 0.202291 0.000000 -0.003418
1573043466.910079 0.000000 0.000662 0.008380 10.279505 -0.001325 0.202291 0.000000 -0.001448
1573043466.930329 0.000000 0.000662 0.020949 10.201694 -0.001325 0.202291 0.000000 -0.001283
1573043466.950089 0.000000 0.000662 0.034117 10.269928 -0.001325 0.202291 0.000000 -0.002273
1573043466.970145 0.000000 -0.000662 0.037110 10.265140 0.001325 0.202319 0.000000 -0.003345
1573043466.990144 0.000000 -0.000662 0.026935 10.228628 0.001325 0.202319 0.000000 -0.002486
1573043467.010231 0.000000 0.000662 0.032322 10.124480 -0.001325 0.202319 0.000000 -0.003022
1573043467.030086 0.000000 0.000662 0.023343 10.237008 -0.001325 0.202319 0.000000 -0.001965
1573043467.050234 0.000000 0.000662 0.020351 10.256162 -0.001325 0.202291 0.000000 -0.002412
1573043467.070094 0.000000 0.000662 0.024541 10.207080 -0.001325 0.202291 0.000000 -0.001912
1573043467.090033 0.000000 0.000000 0.058059 10.234015 0.000000 0.202319 0.000000 -0.002311
1573043467.110150 0.000000 0.000000 0.032322 10.234015 0.000000 0.202319 0.000000 -0.003146
1573043467.130218 0.000000 -0.000662 0.023942 10.215460 0.001325 0.202319 0.000000 -0.002762
1573043467.150396 0.000000 -0.000662 0.026336 10.210671 0.001325 0.202319 0.000000 -0.002267
1573043467.170120 0.000000 -0.000662 0.031723 10.195707 0.001325 0.202319 0.000000 -0.002798
1573043467.190300 0.000000 0.000634 0.013168 10.222643 -0.001267 0.202291 0.000000 -0.001368
1573043467.210088 0.000000 0.000634 0.040103 10.114305 -0.001267 0.202291 0.000000 -0.003513
1573043467.230627 0.000000 0.000000 0.046687 10.195707 0.000000 0.202291 0.000000 -0.003802
1573043467.250221 0.000000 0.000000 0.031723 10.272921 0.000000 0.202291 0.000000 -0.002828
1573043467.270199 0.000000 0.000000 0.023343 10.223241 0.000000 0.202319 0.000000 -0.004427
1573043467.290248 0.000000 0.000000 0.035913 10.222044 0.000000 0.202319 0.000000 -0.002343
1573043467.310148 0.000000 0.000662 0.031125 10.274117 -0.001325 0.202291 0.000000 -0.002991
1573043467.330214 0.000000 0.000662 0.041300 10.143634 -0.001325 0.202291 0.000000 -0.005053
1573043467.350158 0.000000 -0.000634 0.023343 10.279505 0.001267 0.202319 0.000000 -0.003061
1573043467.370315 0.000000 -0.000634 0.019154 10.217854 0.001267 0.202319 0.000000 -0.001909
1573043467.390358 0.000000 -0.000634 0.019752 10.184336 0.001267 0.202319 0.000000 -0.001948
1573043467.410085 0.000000 0.000000 0.036512 10.236409 0.000000 0.202291 0.000000 -0.004526
1573043467.430066 0.016000 0.000000 0.023343 10.188525 0.000000 0.202291 0.000000 -0.002396
1573043467.450065 0.032000 0.023366 0.029928 10.227431 0.001267 0.202319 0.000000 -0.002517
1573043467.470063 0.048000 0.047366 0.026336 10.259752 0.001267 0.202319 0.000000 -0.001884
1573043467.490117 0.064000 0.072000 0.062249 10.238804 0.000000 0.202319 0.000000 -0.002539
1573043467.510334 0.080000 0.096000 0.208296 10.267534 0.000000 0.202319 0.000000 -0.005959
1573043467.530083 0.096000 0.116688 0.517148 10.296265 0.006624 0.202491 0.000000 -0.010370
1573043467.550272 0.112000 0.069537 0.748188 10.053851 0.006624 0.202491 -0.011706 -0.012357
1573043467.570148 0.128000 0.038868 1.757943 10.436325 0.050342 0.204122 -0.028733 -0.016195
1573043467.590039 0.144000 0.166829 1.420360 10.008960 0.050342 0.204122 -0.006385 -0.021066
1573043467.610254 0.160000 0.092830 0.187346 10.287286 0.050342 0.204122 0.021284 -0.023005
1573043467.630143 0.176000 0.131328 -0.144251 10.466851 0.067565 0.205581 0.020220 -0.018213
1573043467.650230 0.192000 0.230218 1.009755 10.194510 0.067565 0.205581 -0.005321 -0.022560
1573043467.670002 0.208000 0.123839 0.716465 10.521319 0.099360 0.209328 0.020220 -0.026131
1573043467.690118 0.224000 0.262320 0.554856 10.092757 0.099360 0.209328 0.000000 -0.025827
1573043467.710224 0.240000 0.121072 2.257732 10.085574 0.111283 0.213989 -0.014899 -0.029473
1573043467.730361 0.256000 0.304358 0.448314 9.827600 0.111283 0.213989 0.018091 -0.033351
1573043467.750149 0.272000 0.185542 -0.301669 10.326790 0.156327 0.220567 0.043632 -0.031040
1573043467.770110 0.288000 0.208557 -0.681749 10.599131 0.156327 0.220567 0.018091 -0.027151
1573043467.790061 0.304000 0.147673 1.295862 10.209475 0.181210 0.228004 -0.051082 -0.030571
1573043467.810175 0.320000 0.365395 1.135450 10.294469 0.181210 0.228004 -0.008514 -0.034170
1573043467.830303 0.336000 0.389395 -0.500388 10.022128 0.181210 0.228004 0.000000 -0.033686
1573043467.850178 0.352000 0.278006 -0.119710 9.659407 0.204019 0.241133 0.026605 -0.029054
1573043467.870241 0.368000 0.242090 2.412757 10.626664 0.204019 0.241133 -0.030862 -0.031842
1573043467.890139 0.384000 0.418944 2.470217 9.651027 0.266112 0.252003 0.007449 -0.036727
1573043467.910155 0.400000 0.272480 1.156399 10.943297 0.286157 0.258181 0.042568 -0.038899
1573043467.930340 0.400000 0.450297 -0.354342 10.086772 0.299405 0.264646 0.008514 -0.035098
1573043467.950081 0.400000 0.274200 -0.599748 10.372280 0.299405 0.264646 -0.012770 -0.033176
1573043467.970195 0.400000 0.312101 -0.874482 10.625467 0.312653 0.271396 0.021284 -0.029720
1573043467.990224 0.400000 0.252748 1.432331 9.804854 0.312653 0.271396 -0.032990 -0.032907
1573043468.010088 0.400000 0.291803 0.539892 10.719440 0.316800 0.285441 0.022348 -0.033535
1573043468.030304 0.400000 0.305741 -0.660201 11.669937 0.316800 0.285441 0.019156 -0.030237
1573043468.050172 0.400000 0.441600 -1.204283 9.814431 0.316800 0.285441 0.000000 -0.026103
1573043468.070182 0.400000 0.335965 -0.820014 9.102755 0.331200 0.299572 0.010642 -0.021390
1573043468.090159 0.400000 0.434400 0.229245 10.148422 0.331200 0.299572 0.000000 -0.019256
1573043468.110232 0.400000 0.335389 2.096722 10.788871 0.291456 0.312675 -0.014899 -0.021393
1573043468.130129 0.400000 0.298286 1.025317 10.143035 0.291456 0.312675 -0.029798 -0.026430
1573043468.150139 0.400000 0.430425 0.633865 10.445902 0.339149 0.326753 -0.004257 -0.028081
1573043468.170207 0.400000 0.303254 -0.150236 10.228029 0.339149 0.326753 0.019156 -0.028499
1573043468.190263 0.400000 0.322990 0.211288 8.914810 0.339149 0.341289 0.021284 -0.024892
1573043468.210049 0.400000 0.430425 0.417788 10.970232 0.339149 0.341289 -0.009578 -0.028038
1573043468.230238 0.400000 0.274444 -0.395642 10.180145 0.364320 0.356942 -0.018091 -0.025785
1573043468.250131 0.400000 0.320778 -0.352546 12.428900 0.364320 0.356942 0.013835 -0.021626
1573043468.270014 0.400000 0.417840 0.942118 7.444171 0.364320 0.356942 -0.006385 -0.024239
1573043468.290065 0.400000 0.423801 -0.878672 11.867459 0.352397 0.372254 0.000000 -0.021973
1573043468.310035 0.400000 0.305074 -1.309030 9.238028 0.352397 0.372254 -0.029798 -0.018978
1573043468.330115 0.400000 0.303670 0.969652 12.056601 0.339149 0.387194 -0.031926 -0.020243
1573043468.350166 0.400000 0.351334 0.077812 9.349956 0.339149 0.387194 0.024477 -0.019735
1573043468.370100 0.400000 0.356305 0.411204 8.164227 0.333850 0.402049 0.015963 -0.017908
1573043468.390128 0.400000 0.335885 -0.501585 10.960056 0.333850 0.402049 -0.023412 -0.015692
1573043468.410125 0.400000 0.328518 -0.189740 10.244190 0.345773 0.416645 -0.045761 -0.012397
1573043468.430540 0.400000 0.319797 0.584784 11.535264 0.345773 0.416645 -0.035119 -0.015844
1573043468.450083 0.400000 0.348880 0.670376 7.830835 0.337824 0.431271 0.019156 -0.019507
1573043468.470173 0.400000 0.333048 0.287903 11.679514 0.337824 0.431271 0.013835 -0.021821
1573043468.490170 0.400000 0.431088 -0.316633 9.633669 0.337824 0.431271 0.000000 -0.018165
1573043468.510145 0.400000 0.439065 0.022146 10.855310 0.321869 0.445722 0.000000 -0.016313
1573043468.530134 0.400000 0.380559 -0.446519 10.281899 0.321869 0.445722 0.018091 -0.014596
1573043468.550146 0.400000 0.431750 0.464475 9.450513 0.336500 0.460517 0.000000 -0.015408
1573043468.570168 0.400000 0.280268 0.964265 9.366715 0.336500 0.460517 -0.065980 -0.019740
1573043468.590193 0.400000 0.268375 1.467047 9.676166 0.372269 0.476141 -0.025541 -0.025011
1573043468.610170 0.400000 0.251049 0.594959 11.018715 0.372269 0.476141 -0.017027 -0.029839
1573043468.630206 0.400000 0.345959 0.047884 8.793304 0.384193 0.492910 0.081943 -0.025500
1573043468.650223 0.400000 0.356994 -2.245163 11.708244 0.384193 0.492910 0.056403 -0.019206
1573043468.670307 0.400000 0.323341 -1.607108 9.555858 0.384193 0.492910 -0.012770 -0.014869
1573043468.690244 0.400000 0.335090 -0.023343 10.436924 0.328551 0.507848 -0.050017 -0.012124
1573043468.710113 0.400000 0.329778 1.026514 12.221202 0.328551 0.507848 -0.032990 -0.015911
1573043468.730131 0.400000 0.319574 0.587178 7.449558 0.321927 0.521642 -0.023412 -0.020147
1573043468.750133 0.400000 0.319843 0.757765 10.587160 0.321927 0.521642 -0.011706 -0.021966
1573043468.770107 0.400000 0.306765 0.169390 9.699510 0.317952 0.535149 -0.014899 -0.024468
1573043468.790203 0.400000 0.290583 0.363919 10.037092 0.317952 0.535149 -0.020220 -0.026853
1573043468.810122 0.400000 0.337955 0.425569 12.315175 0.315533 0.549344 0.028733 -0.025453
1573043468.830151 0.400000 0.386067 -0.256180 8.999804 0.315533 0.549344 0.060659 -0.020939
1573043468.850248 0.400000 0.442349 -0.354940 11.164761 0.315303 0.563252 0.000000 -0.016796
1573043468.870164 0.400000 0.345465 0.216675 8.892664 0.315303 0.563252 -0.027669 -0.014950
1573043468.890221 0.400000 0.303192 1.479617 11.689690 0.315303 0.563252 -0.059595 -0.018296
1573043468.910355 0.400000 0.310663 1.262343 9.213487 0.329876 0.577418 0.017027 -0.022881
1573043468.930213 0.400000 0.320394 1.003170 8.711902 0.329876 0.577418 0.018091 -0.025828
1573043468.950112 0.400000 0.278716 -0.135871 10.812813 0.361671 0.592785 -0.011706 -0.026217
1573043468.970274 0.400000 0.419165 -0.712874 10.739790 0.361671 0.592785 0.000000 -0.022926
1573043468.990091 0.400000 0.338539 -1.330578 11.102511 0.373594 0.608668 0.021284 -0.018338
1573043469.010086 0.400000 0.402366 -0.469862 8.823831 0.373594 0.608668 0.068109 -0.013065
1573043469.030148 0.400000 0.316322 0.860716 9.220071 0.373594 0.608668 -0.024477 -0.015460
1573043469.050147 0.400000 0.318696 0.234632 11.388618 0.335175 0.623177 -0.044696 -0.015592
1573043469.070099 0.400000 0.314049 0.484826 10.683526 0.335175 0.623177 -0.021284 -0.020267
1573043469.090061 0.400000 0.367048 -0.129287 10.175357 0.353722 0.638260 0.057467 -0.020413
1573043469.110037 0.400000 0.376906 -0.478242 7.626131 0.353722 0.638260 0.052146 -0.017590
1573043469.130026 0.400000 0.435897 -0.852336 11.711237 0.328205 0.653342 0.005321 -0.012977
1573043469.150087 0.400000 0.435897 -0.542885 10.953472 0.328205 0.653342 0.006385 -0.010958
1573043469.170115 0.400000 0.356332 0.105943 9.012374 0.344448 0.668223 -0.031926 -0.009181
1573043469.190145 0.400000 0.333644 1.669357 12.302007 0.344448 0.668223 -0.027669 -0.014399
1573043469.210028 0.400000 0.332162 1.163582 8.365939 0.381543 0.684449 0.018091 -0.018308
1573043469.230189 0.400000 0.355631 0.057461 12.051214 0.381543 0.684449 0.046825 -0.018211
1573043469.250104 0.400000 0.409229 -0.956484 9.199121 0.381543 0.684449 0.009578 -0.013396
1573043469.270229 0.400000 0.382335 -0.746392 12.296021 0.389492 0.701161 0.027669 -0.009011
1573043469.290591 0.400000 0.411841 0.025738 8.597578 0.389492 0.701161 0.038311 -0.004812
1573043469.310273 0.400000 0.404361 0.136469 11.889606 0.374919 0.717644 -0.023412 -0.004504
1573043469.330101 0.400000 0.357574 -0.539294 8.891466 0.374919 0.717644 -0.047889 -0.003331
1573043469.349987 0.400000 0.408566 0.846949 10.110714 0.382868 0.733899 -0.005321 -0.005432
1573043469.370103 0.400000 0.388676 0.899621 8.457518 0.382868 0.733899 0.021284 -0.007383
1573043469.390233 0.400000 0.388310 0.601543 8.738836 0.377569 0.750269 0.022348 -0.008157
1573043469.410339 0.400000 0.388863 -0.313042 11.121067 0.377569 0.750269 0.018091 -0.007365
1573043469.430119 0.400000 0.359652 -0.283114 10.505158 0.377569 0.750269 -0.035119 -0.004694
1573043469.450215 0.400000 0.411187 0.643442 9.428366 0.377626 0.767212 0.000000 -0.009075
1573043469.470098 0.400000 0.404309 0.339977 9.834782 0.377626 0.767212 0.041504 -0.008016
1573043469.490373 0.400000 0.410293 -0.515352 10.837953 0.396116 0.784414 0.012770 -0.003044
1573043469.510326 0.400000 0.382835 0.412401 10.312425 0.396116 0.784414 -0.009578 -0.001365
1573043469.530001 0.400000 0.397295 0.932542 8.751406 0.400090 0.801473 0.023412 -0.004278
1573043469.550399 0.400000 0.393916 0.430956 9.014768 0.400090 0.801473 0.025541 -0.005294
1573043469.570612 0.400000 0.445282 -0.467468 13.517064 0.388167 0.818391 0.057467 -0.001322
1573043469.590197 0.400000 0.379269 -0.064045 10.102334 0.388167 0.818391 -0.042568 0.001481
1573043469.610169 0.400000 0.431049 0.733823 9.683349 0.388167 0.818391 0.010642 0.003324
1573043469.630310 0.400000 0.399955 -0.223858 8.913014 0.400090 0.835567 0.000000 0.000948
1573043469.650176 0.400000 0.381923 -0.330400 9.890447 0.400090 0.835567 -0.021284 -0.000201
1573043469.670035 0.400000 0.397305 1.096544 11.799224 0.405389 0.852859 -0.005321 -0.003298
1573043469.690300 0.400000 0.415049 0.068833 8.546103 0.405389 0.852859 0.050017 -0.004454
1573043469.710315 0.400000 0.409285 -0.229843 12.218209 0.412013 0.870580 0.023412 -0.000688
1573043469.730170 0.400000 0.393993 -0.288501 12.308591 0.412013 0.870580 0.008514 0.000172
1573043469.750088 0.400000 0.389543 -0.548272 10.870872 0.412013 0.888159 -0.022348 0.002686
1573043469.770077 0.400000 0.393993 0.015562 11.137228 0.412013 0.888159 0.000000 0.000406
1573043469.790163 0.400000 0.416151 -0.497994 9.564836 0.402740 0.905567 0.010642 0.001801
1573043469.810139 0.400000 0.398630 -0.035913 10.181342 0.402740 0.905567 0.000000 0.000637
1573043469.830063 0.400000 0.398630 0.050877 11.355100 0.402740 0.905567 0.000000 0.002268
1573043469.850167 0.400000 0.384270 0.019752 9.953894 0.408039 0.922887 -0.020220 0.000893
1573043469.870080 0.400000 0.354910 0.386065 11.617265 0.408039 0.922887 -0.040440 -0.001744
1573043469.890052 0.400000 0.374210 0.184354 9.988609 0.398765 0.940063 -0.025541 -0.001195
1573043469.910048 0.400000 0.391201 0.673968 10.802638 0.398765 0.940063 0.012770 -0.003927
1573043469.930194 0.400000 0.423064 0.037110 10.088567 0.390298 0.957697 0.045761 -0.003679
1573043469.950043 0.400000 0.422014 -0.890643 10.178948 0.390298 0.957697 0.012770 0.001389
1573043469.970384 0.400000 0.404627 -0.618901 9.308656 0.385517 0.974673 -0.030862 0.004415
1573043469.990184 0.400000 0.368949 0.202310 11.715427 0.385517 0.974673 -0.057467 0.001536
1573043470.010082 0.400000 0.408019 0.410007 9.489418 0.383962 0.992079 0.007449 -0.002691
1573043470.030114 0.400000 0.408019 0.593762 9.370307 0.383962 0.992079 -0.004257 -0.005734
1573043470.050166 0.400000 0.382077 -0.420781 10.149619 0.383962 0.992079 -0.018091 -0.002294
1573043470.070146 0.400000 0.397968 -0.141258 12.422316 0.404065 1.009455 -0.006385 0.001461
1573043470.090119 0.400000 0.429285 0.116717 8.295909 0.404065 1.009455 0.047889 -0.001399
1573043470.110016 0.400000 0.393209 0.012570 13.187263 0.409364 1.027060 -0.010642 0.001281
1573043470.130207 0.400000 0.392477 -0.453103 11.471817 0.409364 1.027060 -0.015963 0.001986
1573043470.150156 0.400000 0.389138 -0.106542 10.026917 0.404065 1.044294 -0.041504 0.004875
1573043470.170149 0.400000 0.397968 -0.216077 11.455656 0.404065 1.044294 0.000000 0.002583
1573043470.190139 0.400000 0.403929 0.533308 7.908048 0.392141 1.061527 -0.008514 0.003706
1573043470.210200 0.400000 0.405651 -0.122703 10.439318 0.392141 1.061527 -0.015963 0.002898
1573043470.230107 0.400000 0.394646 -0.171784 11.383232 0.392141 1.061527 -0.011706 0.000016
1573043470.250150 0.400000 0.411389 0.100556 8.672996 0.380161 1.078589 0.021284 -0.003112
1573043470.270183 0.400000 0.366466 0.429161 10.665570 0.380161 1.078589 -0.020220 -0.005456
1573043470.290188 0.400000 0.364695 -0.342371 9.874287 0.393466 1.095566 -0.029798 -0.002947
1573043470.310136 0.400000 0.348163 0.350751 11.948862 0.393466 1.095566 -0.038311 -0.004891
1573043470.330037 0.400000 0.377619 0.404620 8.510190 0.415988 1.113088 0.034054 -0.008326
1573043470.350016 0.400000 0.374575 -0.446519 8.109161 0.415988 1.113088 0.017027 -0.006211
1573043470.370245 0.400000 0.407241 -0.943914 11.445481 0.385517 1.130009 0.000000 -0.002705
1573043470.390064 0.400000 0.372629 -0.894833 9.077017 0.385517 1.130009 -0.048953 0.000910
1573043470.410108 0.400000 0.398464 0.489614 10.171167 0.385517 1.146673 -0.014899 0.000628
1573043470.430139 0.400000 0.381414 0.600346 8.798691 0.385517 1.146673 -0.011706 -0.003292
1573043470.450102 0.400000 0.407241 0.317232 11.300632 0.385517 1.146673 -0.005321 -0.007298
1573043470.470146 0.400000 0.348656 0.092177 10.074800 0.374919 1.162850 -0.043632 -0.005796
1573043470.490076 0.400000 0.412541 0.660201 10.568604 0.374919 1.162850 0.004257 -0.010536
1573043470.510059 0.400000 0.359344 0.171784 10.015544 0.390817 1.179685 0.023412 -0.012796
1573043470.530218 0.400000 0.366508 -0.411204 12.837709 0.390817 1.179685 0.022348 -0.010089
1573043470.550139 0.400000 0.342669 -0.800262 10.831368 0.375092 1.196809 -0.035119 -0.008338
1573043470.570020 0.400000 0.358429 -0.645836 9.462483 0.375092 1.196809 -0.031926 -0.005697
1573043470.590048 0.400000 0.374518 0.123900 10.778097 0.380218 1.213618 -0.014899 -0.004691
1573043470.610132 0.400000 0.409891 -0.828394 10.500370 0.380218 1.213618 0.009578 -0.001487
1573043470.630086 0.400000 0.418299 -1.045069 10.639234 0.349748 1.229425 -0.015963 0.001189
1573043470.650214 0.400000 0.381168 0.246004 9.539098 0.349748 1.229425 -0.059595 0.000744
1573043470.670139 0.400000 0.369797 1.439514 9.245809 0.349748 1.229425 -0.041504 -0.004425
1573043470.690041 0.400000 0.403151 1.026514 9.706094 0.368295 1.245119 0.037247 -0.008500
1573043470.710079 0.400000 0.382987 -0.165798 11.775282 0.368295 1.245119 0.017027 -0.009297
1573043470.730124 0.400000 0.360495 -0.171185 9.416994 0.382868 1.261616 -0.021284 -0.006209
1573043470.750231 0.400000 0.408566 -0.192733 10.723629 0.382868 1.261616 0.007449 -0.006157
1573043470.770380 0.400000 0.386976 -0.122104 8.989629 0.393466 1.278716 0.026605 -0.007515
1573043470.790059 0.400000 0.403267 -0.480636 12.580931 0.393466 1.278716 0.006385 -0.004658
1573043470.810169 0.400000 0.344847 -0.334590 10.770316 0.382868 1.295530 -0.070237 -0.001506
1573043470.830212 0.400000 0.371843 0.079009 9.640253 0.382868 1.295530 -0.031926 -0.002236
1573043470.850041 0.400000 0.367260 0.390255 8.877101 0.382868 1.295530 -0.013835 -0.006048
1573043470.870178 0.400000 0.410553 -0.701501 10.834361 0.378893 1.312375 0.005321 -0.002466
1573043470.890101 0.400000 0.383286 -0.666187 9.787497 0.378893 1.312375 -0.038311 0.000676
1573043470.910140 0.400000 0.405804 0.412401 9.780313 0.376244 1.328789 0.013835 -0.003428
1573043470.930107 0.400000 0.403742 0.219069 9.598354 0.376244 1.328789 0.010642 -0.003330
1573043470.950055 0.384000 0.373433 0.991199 11.075577 0.354816 1.344833 -0.027669 -0.005405
1573043470.970255 0.368000 0.318784 0.295085 10.466851 0.354816 1.344833 -0.056403 -0.009869
1573043470.990046 0.352000 0.247934 0.697910 10.904391 0.396116 1.361707 -0.058531 -0.011837
1573043471.010111 0.336000 0.329942 -0.050877 7.788937 0.396116 1.361707 0.009578 -0.013785
1573043471.030219 0.320000 0.278556 -0.520739 12.103887 0.385517 1.378522 0.021284 -0.009943
1573043471.050181 0.304000 0.287241 -1.953070 9.012374 0.385517 1.378522 0.009578 -0.005068
1573043471.070336 0.288000 0.227627 -0.630274 11.971607 0.385517 1.378522 -0.034054 -0.001674
1573043471.090043 0.272000 0.278604 -1.374272 9.357738 0.339149 1.393590 0.012770 0.001193
1573043471.110074 0.256000 0.238425 -0.328006 10.988787 0.339149 1.393590 -0.008514 0.003722
1573043471.130102 0.240000 0.264775 -0.907402 10.340557 0.292781 1.406682 -0.012770 0.007476
1573043471.150108 0.224000 0.247464 -0.801459 10.517129 0.292781 1.406682 -0.015963 0.009325
1573043471.170154 0.208000 0.231662 -0.667384 10.368689 0.262311 1.418570 -0.042568 0.012174
1573043471.190138 0.192000 0.194576 0.049081 10.519524 0.262311 1.418570 -0.042568 0.009557
1573043471.210111 0.176000 0.169517 0.653617 10.089765 0.236967 1.429398 0.000000 0.005096
1573043471.230315 0.160000 0.166034 0.249596 10.153810 0.236967 1.429398 0.015963 0.001549
1573043471.250159 0.144000 0.121517 -0.691326 10.936713 0.236967 1.429398 0.000000 0.004481
1573043471.270163 0.128000 0.133112 -1.224036 9.240421 0.234490 1.439538 -0.010642 0.008574
1573043471.290055 0.112000 0.074755 -1.086968 10.766725 0.234490 1.439538 -0.008514 0.012881
1573043471.310087 0.096000 0.137843 -1.029507 9.676764 0.206669 1.448962 -0.014899 0.017019
1573043471.330114 0.080000 0.114947 -1.061230 9.476849 0.206669 1.448962 -0.019156 0.017921
1573043471.350144 0.064000 0.132717 -0.438737 10.949283 0.156327 1.456209 -0.022348 0.021752
1573043471.370210 0.048000 0.017837 -0.322619 9.983222 0.156327 1.456209 0.000000 0.022348
1573043471.390145 0.032000 0.008410 -0.104746 10.629058 0.127181 1.462052 0.007449 0.019096
1573043471.410167 0.016000 -0.015590 0.208296 9.674969 0.127181 1.462052 0.000000 0.014927
1573043471.430113 0.000000 0.071963 -1.067814 9.965266 0.127181 1.462052 0.019156 0.019246
1573043471.450278 0.000000 0.088758 -1.847127 10.624868 0.105984 1.466978 0.025541 0.024264
1573043471.470076 0.000000 -0.052992 -1.445499 10.339360 0.105984 1.466978 0.000000 0.028825
1573043471.490191 0.000000 0.106340 -0.068833 10.143634 0.045043 1.469670 -0.014899 0.028156
1573043471.510224 0.000000 0.077760 1.178546 10.645219 0.045043 1.469670 -0.026605 0.024313
1573043471.530103 0.000000 -0.015840 -0.839168 9.827001 0.031680 1.471131 0.000000 0.024286
1573043471.550139 0.000000 -0.015840 -0.234632 11.023503 0.031680 1.471131 0.008514 0.024691
1573043471.570202 0.000000 0.074903 0.471658 9.737817 0.021197 1.471990 -0.024477 0.021017
1573043471.590157 0.000000 0.090159 0.005986 10.067019 0.021197 1.471990 0.017027 0.017427
1573043471.610104 0.000000 -0.004435 -0.397437 10.036493 0.008870 1.472764 0.005321 0.022066
1573043471.630252 0.000000 0.067669 0.584784 10.549451 0.008870 1.472764 -0.019156 0.017486
1573043471.650252 0.000000 0.036567 1.316212 10.009559 0.008870 1.472764 -0.026605 0.012457
1573043471.670194 0.000000 0.057985 -0.111330 10.093355 0.037094 1.474024 0.022348 0.011731
1573043471.689996 0.000000 0.012911 0.299874 9.712678 0.037094 1.474024 -0.011706 0.008165
1573043471.710175 0.000000 -0.021197 0.484227 10.033501 0.042394 1.475714 -0.006385 0.004626
1573043471.730414 0.000000 -0.021197 0.143054 10.435726 0.042394 1.475714 0.000000 0.000341
1573043471.750029 0.000000 -0.025834 -0.196923 10.004770 0.051667 1.478005 0.000000 0.000310
1573043471.770075 0.000000 0.001829 -0.690129 10.780492 0.051667 1.478005 0.012770 0.003489
1573043471.790074 0.000000 0.042212 -1.528698 10.087370 0.022522 1.479552 0.014899 0.008311
1573043471.810126 0.000000 -0.011261 -0.842759 10.597934 0.022522 1.479552 -0.007449 0.012682
1573043471.830240 0.000000 0.034177 0.812831 10.237606 -0.003974 1.479581 -0.021284 0.009843
1573043471.850145 0.000000 0.017892 1.151012 9.888053 -0.003974 1.479581 -0.011706 0.005054
1573043471.870169 0.000000 0.001987 0.582390 10.152014 -0.003974 1.479581 0.005321 0.000748
1573043471.890264 0.000000 0.002650 0.291494 10.156802 -0.005299 1.479323 0.005321 -0.002749
1573043471.910078 0.000000 0.002650 0.244209 9.985018 -0.005299 1.479323 0.004257 -0.005964
1573043471.930175 0.000000 -0.006624 0.025139 10.011354 0.013248 1.479724 0.000000 -0.005911
1573043471.950140 0.000000 -0.006624 0.029928 10.355521 0.013248 1.479724 0.000000 -0.005064
1573043471.970209 0.000000 -0.006624 -0.096367 10.181941 0.013248 1.480211 0.000000 -0.003436
1573043471.990271 0.000000 -0.006624 -0.330400 10.122684 0.013248 1.480211 0.000000 0.000384
1573043472.010160 0.000000 -0.000634 0.008978 10.263344 0.001267 1.480383 0.000000 0.002895
1573043472.030090 0.000000 -0.000634 0.371700 10.134057 0.001267 1.480383 0.000000 -0.001565
1573043472.050080 0.000000 -0.000634 0.383671 10.316016 0.001267 1.480383 0.000000 -0.005960
1573043472.070134 0.000000 0.003312 0.169988 10.193913 -0.006624 1.480297 0.000000 -0.008597
1573043472.090111 0.000000 0.003312 0.073622 10.265140 -0.006624 1.480297 0.000000 -0.007375
1573043472.110237 0.000000 0.000634 0.172383 10.290877 -0.001267 1.480325 0.000000 -0.009490
1573043472.130114 0.000000 0.000634 0.153827 10.271724 -0.001267 1.480325 0.000000 -0.010474
1573043472.150157 0.000000 -0.000662 0.175375 10.180744 0.001325 1.480411 0.000000 -0.013919
1573043472.170260 0.000000 -0.000662 0.112527 10.215460 0.001325 1.480411 0.000000 -0.013144
1573043472.190122 0.000000 0.000000 0.114922 10.317213 0.000000 1.480411 0.000000 -0.011200
1573043472.210117 0.000000 0.000000 0.209493 10.226832 0.000000 1.480411 0.000000 -0.014756
1573043472.230318 0.000000 0.000000 0.205901 10.247183 0.000000 1.480411 0.000000 -0.018936
1573043472.250122 0.000000 0.000000 0.142455 10.259154 0.000000 1.480383 0.000000 -0.015842
1573043472.270060 0.000000 0.000000 0.153229 10.181941 0.000000 1.480383 0.000000 -0.015440
1573043472.290026 0.000000 -0.000662 0.147842 10.159795 0.001325 1.480383 0.000000 -0.013912
1573043472.310115 0.000000 -0.000662 0.190339 10.194510 0.001325 1.480383 0.000000 -0.016442
1573043472.330277 0.000000 0.000662 0.183156 10.223241 -0.001325 1.480383 0.000000 -0.017987
1573043472.349973 0.000000 0.000662 0.169390 10.203489 -0.001325 1.480383 0.000000 -0.016559
1573043472.370104 0.000000 -0.001325 0.175974 10.244190 0.002650 1.480412 0.000000 -0.017889
1573043472.390197 0.000000 -0.001325 0.165798 10.262147 0.002650 1.480412 0.000000 -0.015891
1573043472.410211 0.000000 -0.001325 0.134674 10.196905 0.002650 1.480412 0.000000 -0.014192
1573043472.430164 0.000000 -0.000662 0.184354 10.222044 0.001325 1.480412 0.000000 -0.016438
1573043472.450070 0.000000 -0.000662 0.173580 10.198102 0.001325 1.480412 0.000000 -0.018192
1573043472.470254 0.000000 0.000662 0.159813 10.200496 -0.001325 1.480354 0.000000 -0.017988
1573043472.490825 0.000000 0.000662 0.159813 10.212467 -0.001325 1.480354 0.000000 -0.015321
1573043472.510143 0.000000 -0.000662 0.133477 10.208876 0.001325 1.480383 0.000000 -0.013840
1573043472.530069 0.000000 -0.000662 0.153229 10.296265 0.001325 1.480383 0.000000 -0.014961
1573043472.550060 0.000000 -0.001325 0.148441 10.269928 0.002650 1.480383 0.000000 -0.016285
1573043472.570092 0.000000 -0.001325 0.174178 10.169971 0.002650 1.480383 0.000000 -0.017816
1573043472.590202 0.000000 -0.001325 0.162806 10.190919 0.002650 1.480383 0.000000 -0.015525
1573043472.610125 0.000000 0.000000 0.177769 10.204087 0.000000 1.480383 0.000000 -0.016043
1573043472.630094 0.000000 0.000000 0.165798 10.257957 0.000000 1.480383 0.000000 -0.014195
1573043472.650141 0.000000 0.001325 0.165798 10.238804 -0.002650 1.480354 0.000000 -0.016654
1573043472.670042 0.000000 0.001325 0.174178 10.213066 -0.002650 1.480354 0.000000 -0.017698
1573043472.690376 0.000000 0.000000 0.158017 10.240001 0.000000 1.480383 0.000000 -0.015436
1573043472.710107 0.000000 0.000000 0.146645 10.155006 0.000000 1.480383 0.000000 -0.014036
1573043472.730178 0.000000 0.000000 0.142455 10.190919 0.000000 1.480383 0.000000 -0.014062
1573043472.750181 0.000000 0.000000 0.172981 10.225037 0.000000 1.480383 0.000000 -0.016630
1573043472.770101 0.000000 0.000000 0.190339 10.240001 0.000000 1.480383 0.000000 -0.015862
1573043472.790151 0.000000 -0.001267 0.174777 10.228628 0.002534 1.480412 0.000000 -0.017533
1573043472.810065 0.000000 -0.001267 0.150835 10.178349 0.002534 1.480412 0.000000 -0.015240
1573043472.830171 0.000000 0.000000 0.145448 10.241796 0.000000 1.480354 0.000000 -0.014021
1573043472.850206 0.000000 -0.001267 0.189142 10.295067 0.002534 1.480412 0.000000 -0.016299
1573043472.870114 0.000000 0.000662 0.146046 10.245387 -0.001325 1.480383 0.000000 -0.016794
1573043472.890300 0.000000 0.000662 0.153229 10.217854 -0.001325 1.480383 0.000000 -0.015681
1573043472.910092 0.000000 0.000000 0.153229 10.222044 0.000000 1.480383 0.000000 -0.014478
1573043472.930123 0.000000 0.000000 0.160412 10.263344 0.000000 1.480383 0.000000 -0.015220
1573043472.949995 0.000000 0.000662 0.157419 10.186729 -0.001325 1.480354 0.000000 -0.015590
1573043472.970058 0.000000 0.000662 0.171784 10.280104 -0.001325 1.480354 0.000000 -0.015495
1573043472.990183 0.000000 0.000662 0.165200 10.284293 -0.001325 1.480354 0.000000 -0.015953
1573043473.010233 0.000000 0.000662 0.159214 10.251971 -0.001325 1.480354 0.000000 -0.015800
1573043473.030169 0.000000 -0.000634 0.165200 10.215460 0.001267 1.480383 0.000000 -0.017158
1573043473.050221 0.000000 0.000662 0.173580 10.190321 -0.001325 1.480354 0.000000 -0.017031
1573043473.070079 0.000000 0.000662 0.178368 10.190919 -0.001325 1.480354 0.000000 -0.017950
1573043473.090112 0.000000 0.000000 0.171784 10.262147 0.000000 1.480354 0.000000 -0.016568
1573043473.110232 0.000000 0.000000 0.164601 10.212467 0.000000 1.480354 0.000000 -0.016267
1573043473.130128 0.000000 0.000000 0.167594 10.212467 0.000000 1.480383 0.000000 -0.016242
1573043473.150128 0.000000 0.000000 0.164003 10.269329 0.000000 1.480383 0.000000 -0.015032
1573043473.170178 0.000000 0.000000 0.153229 10.227431 0.000000 1.480383 0.000000 -0.016734
1573043473.190098 0.000000 0.000634 0.187346 10.228628 -0.001267 1.480383 0.000000 -0.015933
1573043473.210154 0.000000 0.000634 0.156820 10.218452 -0.001267 1.480383 0.000000 -0.016824
1573043473.230876 0.000000 -0.001325 0.165798 10.247782 0.002650 1.480440 0.000000 -0.016308
1573043473.250078 0.000000 -0.001325 0.156222 10.204686 0.002650 1.480440 0.000000 -0.016459
1573043473.270178 0.000000 0.001325 0.156222 10.200496 -0.002650 1.480383 0.000000 -0.015722
1573043473.290078 0.000000 0.001325 0.173580 10.237008 -0.002650 1.480383 0.000000 -0.017682
1573043473.310193 0.000000 0.000000 0.198719 10.266336 0.000000 1.480383 0.000000 -0.018929
1573043473.330049 0.000000 0.000000 0.176572 10.210671 0.000000 1.480383 0.000000 -0.017525
1573043473.350108 0.000000 0.000000 0.158616 10.213664 0.000000 1.480383 0.000000 -0.016203
1573043473.370088 0.000000 0.000000 0.177769 10.293271 0.000000 1.480383 0.000000 -0.017352
1573043473.390136 0.000000 0.000634 0.153229 10.188525 -0.001267 1.480354 0.000000 -0.016360
1573043473.410292 0.000000 0.000634 0.175375 10.259154 -0.001267 1.480354 0.000000 -0.015446
1573043473.430170 0.000000 0.000634 0.181361 10.180744 -0.001267 1.480354 0.000000 -0.014513
1573043473.450669 0.000000 -0.000662 0.171784 10.232818 0.001325 1.480412 0.000000 -0.016544
1573043473.470121 0.000000 -0.000662 0.172981 10.217854 0.001325 1.480412 0.000000 -0.016670
1573043473.489988 0.000000 0.000000 0.147842 10.198102 0.000000 1.480383 0.000000 -0.015410
1573043473.510185 0.000000 0.000000 0.169390 10.234015 0.000000 1.480383 0.000000 -0.017852
1573043473.530129 0.000000 0.000662 0.172383 10.253767 -0.001325 1.480354 0.000000 -0.016849
1573043473.550156 0.000000 0.000662 0.157419 10.247183 -0.001325 1.480354 0.000000 -0.018274
1573043473.570279 0.000000 0.000000 0.168193 10.244190 0.000000 1.480383 0.000000 -0.016199
1573043473.590270 0.000000 0.000000 0.166996 10.220847 0.000000 1.480383 0.000000 -0.015641
1573043473.610105 0.000000 0.000000 0.176572 10.213066 0.000000 1.480383 0.000000 -0.016870
1573043473.630123 0.000000 -0.000662 0.158616 10.214263 0.001325 1.480383 0.000000 -0.016539
1573043473.650198 0.000000 -0.000662 0.156222 10.240599 0.001325 1.480383 0.000000 -0.015982
1573043473.670155 0.000000 0.000000 0.157419 10.289680 0.000000 1.480383 0.000000 -0.015679
1573043473.690090 0.000000 0.000000 0.172383 10.214263 0.000000 1.480383 0.000000 -0.017178
1573043473.710075 0.000000 -0.000662 0.133477 10.147823 0.001325 1.480383 0.000000 -0.013983
1573043473.730146 0.000000 -0.000662 0.166397 10.281899 0.001325 1.480383 0.000000 -0.014986
1573043473.750231 0.000000 0.000662 0.143652 10.246585 -0.001325 1.480354 0.000000 -0.014979
1573043473.770074 0.000000 0.000662 0.168193 10.183138 -0.001325 1.480354 0.000000 -0.016523
1573043473.790108 0.000000 0.000662 0.159813 10.223840 -0.001325 1.480354 0.000000 -0.016220
1573043473.810198 0.000000 0.000000 0.184952 10.241198 0.000000 1.480354 0.000000 -0.017373
1573043473.830103 0.000000 0.000000 0.159813 10.204087 0.000000 1.480354 0.000000 -0.017343
1573043473.850372 0.000000 0.000634 0.153827 10.225636 -0.001267 1.480383 0.000000 -0.015021
1573043473.870021 0.000000 0.000634 0.187945 10.231621 -0.001267 1.480383 0.000000 -0.018662
1573043473.890195 0.000000 -0.000662 0.185551 10.227431 0.001325 1.480412 0.000000 -0.018336
1573043473.910174 0.000000 -0.000662 0.171784 10.235810 0.001325 1.480412 0.000000 -0.017275
1573043473.930314 0.000000 0.000000 0.147243 10.211270 0.000000 1.480383 0.000000 -0.015306
1573043473.950191 0.000000 0.000000 0.159813 10.237606 0.000000 1.480383 0.000000 -0.015689
1573043473.970194 0.000000 0.000000 0.173580 10.191518 0.000000 1.480383 0.000000 -0.015800
1573043473.990442 0.000000 -0.001325 0.179565 10.205883 0.002650 1.480412 0.000000 -0.017624
1573043474.010202 0.000000 0.000634 0.154426 10.198701 -0.001267 1.480383 0.000000 -0.016105
1573043474.030336 0.000000 0.000000 0.177171 10.245986 0.000000 1.480383 0.000000 -0.017773
1573043474.050256 0.000000 0.000000 0.153229 10.280702 0.000000 1.480383 0.000000 -0.015647
1573043474.070102 0.000000 0.000000 0.138265 10.218452 0.000000 1.480383 0.000000 -0.015688
1573043474.090134 0.000000 0.000000 0.167594 10.208278 0.000000 1.480383 0.000000 -0.016578
1573043474.110237 0.000000 0.000000 0.160412 10.244190 0.000000 1.480355 0.000000 -0.015746
1573043474.130306 0.000000 0.000000 0.148441 10.230424 0.000000 1.480355 0.000000 -0.014687
1573043474.150188 0.000000 0.000000 0.162806 10.204087 0.000000 1.480383 0.000000 -0.013779
1573043474.170105 0.000000 0.000000 0.155623 10.192117 0.000000 1.480383 0.000000 -0.015080
1573043474.190092 0.000000 0.000634 0.160412 10.217256 -0.001267 1.480355 0.000000 -0.016039
1573043474.210039 0.000000 0.000634 0.150835 10.247782 -0.001267 1.480355 0.000000 -0.016485
1573043474.230126 0.000000 0.000634 0.145448 10.213066 -0.001267 1.480355 0.000000 -0.016901
1573043474.250143 0.000000 -0.000662 0.165798 10.228029 0.001325 1.480383 0.000000 -0.016586
1573043474.270075 0.000000 -0.000662 0.168791 10.275315 0.001325 1.480383 0.000000 -0.016850
1573043474.290130 0.000000 -0.000634 0.147243 10.178948 0.001267 1.480412 0.000000 -0.013709
1573043474.310293 0.000000 -0.000634 0.171185 10.316016 0.001267 1.480412 0.000000 -0.014890
1573043474.330135 0.000000 -0.001987 0.156222 10.207080 0.003974 1.480412 0.000000 -0.015933
1573043474.350102 0.000000 -0.001987 0.164003 10.227431 0.003974 1.480412 0.000000 -0.016559
1573043474.370255 0.000000 -0.000662 0.161609 10.282497 0.001325 1.480383 0.000000 -0.015433
1573043474.390112 0.000000 -0.000662 0.175375 10.275315 0.001325 1.480383 0.000000 -0.016930
1573043474.410192 0.000000 0.000000 0.161609 10.273520 0.000000 1.480383 0.000000 -0.015489
1573043474.430273 0.000000 0.000000 0.164003 10.225037 0.000000 1.480383 0.000000 -0.015621
1573043474.450028 0.000000 0.000000 0.179565 10.193314 0.000000 1.480383 0.000000 -0.015155
1573043474.470024 0.000000 -0.000662 0.186149 10.266336 0.001325 1.480412 0.000000 -0.017638
1573043474.490052 0.000000 -0.000662 0.152630 10.231022 0.001325 1.480412 0.000000 -0.014402
1573043474.510091 0.000000 -0.000662 0.170587 10.219051 0.001325 1.480440 0.000000 -0.016023
1573043474.530187 0.000000 -0.000662 0.177171 10.186729 0.001325 1.480440 0.000000 -0.017096
1573043474.550108 0.000000 0.000662 0.147243 10.221445 -0.001325 1.480412 0.000000 -0.015674
1573043474.570209 0.000000 0.000662 0.161010 10.262147 -0.001325 1.480412 0.000000 -0.017161
1573043474.590095 0.000000 0.001267 0.171784 10.250175 -0.002534 1.480326 0.000000 -0.016363
1573043474.610170 0.000000 0.001267 0.168791 10.226233 -0.002534 1.480326 0.000000 -0.015398
1573043474.630248 0.000000 0.001267 0.158616 10.251373 -0.002534 1.480326 0.000000 -0.015472
1573043474.650108 0.000000 0.001325 0.165798 10.237008 -0.002650 1.480326 0.000000 -0.016219
1573043474.670072 0.000000 0.001325 0.166397 10.167576 -0.002650 1.480326 0.000000 -0.018337
1573043474.690212 0.000000 -0.001267 0.161010 10.237606 0.002534 1.480412 0.000000 -0.015818
1573043474.710271 0.000000 -0.001267 0.141258 10.210671 0.002534 1.480412 0.000000 -0.014507
1573043474.730247 0.000000 0.000662 0.151433 10.207080 -0.001325 1.480355 0.000000 -0.015904
1573043474.750168 0.000000 0.000662 0.177769 10.230424 -0.001325 1.480355 0.000000 -0.015328
1573043474.770202 0.000000 -0.000662 0.160412 10.223840 0.001325 1.480412 0.000000 -0.016018
1573043474.790345 0.000000 -0.000662 0.163404 10.248979 0.001325 1.480412 0.000000 -0.015622
1573043474.810133 0.000000 -0.000662 0.173580 10.195707 0.001325 1.480412 0.000000 -0.015130
1573043474.830137 0.000000 0.000662 0.165798 10.220248 -0.001325 1.480326 0.000000 -0.015844
1573043474.850029 0.000000 0.000662 0.161010 10.241796 -0.001325 1.480326 0.000000 -0.015486
1573043474.870105 0.000000 -0.000662 0.171185 10.221445 0.001325 1.480412 0.000000 -0.016940
1573043474.890345 0.000000 -0.000662 0.180762 10.257359 0.001325 1.480412 0.000000 -0.017434
1573043474.910132 0.000000 0.000000 0.161609 10.250175 0.000000 1.480383 0.000000 -0.015819
1573043474.930213 0.000000 0.000000 0.155025 10.192117 0.000000 1.480383 0.000000 -0.017135
1573043474.950091 0.000000 -0.001325 0.159813 10.280104 0.002650 1.480440 0.000000 -0.015722
1573043474.970193 0.000000 -0.001325 0.168193 10.240599 0.002650 1.480440 0.000000 -0.014339
1573043474.990141 0.000000 0.000634 0.178967 10.120291 -0.001267 1.480383 0.000000 -0.016417
1573043475.010036 0.000000 0.000634 0.187945 10.287286 -0.001267 1.480383 0.000000 -0.018227
1573043475.030206 0.000000 0.000634 0.159214 10.152014 -0.001267 1.480383 0.000000 -0.015692
1573043475.050056 0.000000 0.000662 0.169390 10.245387 -0.001325 1.480355 0.000000 -0.016398
1573043475.070075 0.000000 0.000662 0.133477 10.257359 -0.001325 1.480355 0.000000 -0.013400
1573043475.090063 0.000000 0.000634 0.168791 10.226233 -0.001267 1.480355 0.000000 -0.015169
1573043475.110182 0.000000 0.000634 0.153827 10.166977 -0.001267 1.480355 0.000000 -0.013802
1573043475.130174 0.000000 0.001987 0.162806 10.257957 -0.003974 1.480355 0.000000 -0.016057
1573043475.150116 0.000000 0.001987 0.177171 10.208876 -0.003974 1.480355 0.000000 -0.017964
1573043475.170206 0.000000 -0.000662 0.167594 10.207679 0.001325 1.480383 0.000000 -0.018313
1573043475.190073 0.000000 -0.000662 0.162207 10.237606 0.001325 1.480383 0.000000 -0.015453
1573043475.210080 0.000000 0.000000 0.164601 10.238804 0.000000 1.480383 0.000000 -0.016593
1573043475.230372 0.000000 0.000000 0.156820 10.231022 0.000000 1.480383 0.000000 -0.018507
1573043475.250030 0.000000 0.000000 0.158616 10.214263 0.000000 1.480383 0.000000 -0.015459
1573043475.270106 0.000000 -0.000662 0.159813 10.207679 0.001325 1.480383 0.000000 -0.015654
1573043475.290075 0.000000 -0.000662 0.181361 10.171765 0.001325 1.480383 0.000000 -0.017011
1573043475.310031 0.000000 0.000000 0.169988 10.246585 0.000000 1.480383 0.000000 -0.016454
1573043475.330102 0.000000 0.000000 0.164003 10.241198 0.000000 1.480383 0.000000 -0.015122
1573043475.349990 0.000000 -0.000662 0.159214 10.225636 0.001325 1.480383 0.000000 -0.014368
1573043475.370139 0.000000 -0.000662 0.168193 10.257359 0.001325 1.480383 0.000000 -0.016872
1573043475.390127 0.000000 -0.000662 0.179565 10.242993 0.001325 1.480355 0.000000 -0.017517
1573043475.410055 0.000000 -0.000662 0.171185 10.202291 0.001325 1.480355 0.000000 -0.016362
1573043475.430090 0.000000 -0.000662 0.146046 10.273520 0.001325 1.480355 0.000000 -0.016728
1573043475.450216 0.000000 0.000662 0.164601 10.227431 -0.001325 1.480383 0.000000 -0.016636
1573043475.470201 0.016000 0.000662 0.152032 10.205883 -0.001325 1.480383 0.000000 -0.014811
1573043475.490020 0.032000 0.023338 0.135871 10.213664 0.001325 1.480383 0.000000 -0.014270
1573043475.510311 0.048000 0.047338 0.168791 10.214263 0.001325 1.480383 0.000000 -0.016410
1573043475.530055 0.064000 0.072000 0.161010 10.250774 0.000000 1.480383 0.000000 -0.015617
1573043475.550061 0.080000 0.096000 0.319027 10.234613 0.000000 1.480383 0.000000 -0.015624
1573043475.570333 0.096000 0.116026 0.925958 10.273520 0.007949 1.480555 -0.006385 -0.020132
1573043475.590097 0.112000 0.004885 1.522114 10.336367 0.007949 1.480555 -0.013835 -0.024815
1573043475.610105 0.128000 0.164026 1.475427 10.059238 0.007949 1.480555 -0.005321 -0.029420
1573043475.630171 0.144000 0.170458 0.927155 9.873089 0.043085 1.482016 0.000000 -0.033853
1573043475.650110 0.160000 0.056677 -0.343568 10.522516 0.043085 1.482016 0.022348 -0.031132
1573043475.670073 0.176000 0.201581 1.026514 10.351331 0.076839 1.485195 -0.008514 -0.032551
1573043475.690187 0.192000 0.038964 0.560842 10.265140 0.076839 1.485195 -0.018091 -0.034429
1573043475.710135 0.208000 0.090990 0.546477 9.952696 0.102643 1.489519 0.023412 -0.032884
1573043475.730196 0.224000 0.260678 0.673968 10.035296 0.102643 1.489519 0.000000 -0.036690
1573043475.750138 0.240000 0.134715 -0.219668 10.650606 0.109959 1.494216 0.024477 -0.033177
1573043475.770166 0.256000 0.305021 -0.325013 9.978434 0.109959 1.494216 0.007449 -0.028359
1573043475.790112 0.272000 0.140407 1.911770 10.120889 0.109959 1.494216 -0.028733 -0.033125
1573043475.810063 0.288000 0.332486 1.507150 10.894814 0.151027 1.502635 0.000000 -0.037558
1573043475.830014 0.304000 0.105831 1.314417 9.958083 0.151027 1.502635 -0.046825 -0.042639
1573043475.849971 0.320000 0.358627 1.045668 10.507552 0.194746 1.510598 0.008514 -0.046322
1573043475.869998 0.336000 0.100315 1.474828 10.472238 0.226541 1.515495 -0.021284 -0.049877
1573043475.890075 0.352000 0.067818 2.079963 10.375872 0.268935 1.521309 -0.050017 -0.052340
1573043475.910551 0.368000 0.145892 0.971447 9.649231 0.268935 1.521309 0.069173 -0.055539
1573043475.930550 0.384000 0.237701 -0.384868 9.340978 0.240768 1.526751 0.075558 -0.050872
1573043475.950201 0.400000 0.258208 -2.082955 9.272144 0.240768 1.526751 0.036183 -0.045271
1573043475.970074 0.400000 0.250591 -1.462857 10.956466 0.240768 1.526751 -0.029798 -0.041037
1573043475.990102 0.400000 0.263076 0.412401 10.335769 0.180173 1.535344 -0.064916 -0.038981
1573043476.010094 0.400000 0.239543 1.456872 10.490793 0.180173 1.535344 -0.064916 -0.043688
1573043476.030159 0.400000 0.242437 1.819593 10.632051 0.182477 1.543536 -0.025541 -0.049178
1573043476.050263 0.400000 0.508761 0.921768 10.490793 0.182477 1.543536 0.020220 -0.053252
1573043476.070044 0.400000 0.235075 0.939126 8.844181 0.219917 1.552701 0.031926 -0.056101
1573043476.090268 0.400000 0.490041 1.908777 8.907029 0.219917 1.552701 0.007449 -0.057875
1573043476.110098 0.400000 0.102583 1.956661 11.168352 0.282183 1.563871 -0.052146 -0.062922
1573043476.129988 0.400000 0.111275 1.578377 10.346542 0.282183 1.563871 -0.022348 -0.065951
1573043476.150003 0.400000 0.031185 1.173757 9.668983 0.348423 1.578363 -0.048953 -0.071088
1573043476.170099 0.400000 0.151963 -0.857723 9.848549 0.348423 1.578363 0.072366 -0.066344
1573043476.190151 0.400000 0.185062 -2.762310 9.269152 0.348423 1.578363 0.072366 -0.059724
1573043476.210059 0.400000 0.505277 -1.510741 9.580398 0.189447 1.595691 0.006385 -0.054936
1573043476.230009 0.400000 0.505277 -1.681927 10.681730 0.189447 1.595691 -0.005321 -0.050569
1573043476.250130 0.400000 0.255821 -1.273117 10.222044 0.158976 1.602394 -0.032990 -0.047660
1573043476.270090 0.400000 0.165285 2.819172 9.156624 0.158976 1.602394 -0.128768 -0.050442
1573043476.290140 0.400000 0.099980 3.318363 10.003573 0.215943 1.607064 -0.152181 -0.054061
1573043476.310606 0.400000 0.211568 1.603517 11.738173 0.215943 1.607064 0.013835 -0.058306
1573043476.330138 0.400000 0.266139 -0.577601 10.210671 0.235815 1.617950 0.069173 -0.054258
1573043476.350341 0.400000 0.306598 -0.551863 9.634268 0.235815 1.617950 0.083008 -0.048380
1573043476.370205 0.400000 0.288990 -0.794875 10.671556 0.235815 1.617950 0.025541 -0.042707
1573043476.390100 0.400000 0.281571 0.291494 10.586561 0.211968 1.627146 -0.020220 -0.039254
1573043476.410207 0.400000 0.217615 1.728614 9.612122 0.211968 1.627146 -0.065980 -0.044723
1573043476.430275 0.400000 0.218032 1.813608 10.339958 0.231840 1.637000 -0.020220 -0.049974
1573043476.450182 0.400000 0.484080 0.293290 10.396222 0.231840 1.637000 0.008514 -0.048661
1573043476.470093 0.400000 0.258869 -0.123301 8.916606 0.258509 1.648258 0.018091 -0.045270
1573043476.490122 0.400000 0.248973 1.450886 10.235212 0.258509 1.648258 0.015963 -0.046908
1573043476.510058 0.400000 0.170827 1.487398 10.079589 0.313978 1.660806 -0.019156 -0.051372
1573043476.530196 0.400000 0.443011 0.172981 10.744578 0.313978 1.660806 0.000000 -0.048045
1573043476.550193 0.400000 0.210708 -0.826000 11.257536 0.315303 1.674787 -0.013835 -0.044115
1573043476.570204 0.400000 0.298778 -1.072602 9.424176 0.315303 1.674787 0.063852 -0.038930
1573043476.590037 0.400000 0.214805 0.784101 9.178172 0.315303 1.674787 -0.028733 -0.040911
1573043476.610053 0.400000 0.246864 0.291494 10.043077 0.300730 1.693955 0.019156 -0.043619
1573043476.630251 0.400000 0.449635 -0.743400 11.598710 0.300730 1.693955 0.004257 -0.039378
1573043476.650274 0.400000 0.298296 -1.012149 9.665392 0.273716 1.706219 0.012770 -0.035012
1573043476.670083 0.400000 0.320240 -0.600346 11.556811 0.273716 1.706219 0.017027 -0.031305
1573043476.690145 0.400000 0.468845 -0.317830 8.810662 0.262311 1.711892 0.000000 -0.029539
1573043476.710131 0.400000 0.307091 0.718859 8.883087 0.262311 1.711892 -0.019156 -0.029286
1573043476.730152 0.400000 0.465533 1.924340 10.158598 0.268935 1.723355 0.000000 -0.034034
1573043476.750094 0.400000 0.465533 1.324592 11.508927 0.268935 1.723355 0.000000 -0.038342
1573043476.770355 0.400000 0.262320 1.644817 10.997766 0.268935 1.723355 0.012770 -0.042686
1573043476.790159 0.400000 0.230566 1.629254 8.403049 0.332525 1.737341 0.031926 -0.045742
1573043476.810120 0.400000 0.215762 1.450288 10.065224 0.332525 1.737341 0.036183 -0.049384
1573043476.830080 0.400000 0.216700 -0.299874 11.515512 0.404065 1.753736 0.059595 -0.045789
1573043476.850007 0.400000 0.212056 -2.315193 11.467628 0.404065 1.753736 0.022348 -0.040758
1573043476.870102 0.400000 0.265116 -1.435324 10.933721 0.359885 1.770420 0.053210 -0.039502
1573043476.890107 0.400000 0.286959 -1.413776 7.747038 0.359885 1.770420 0.045761 -0.033941
1573043476.910117 0.400000 0.335401 -1.783680 9.765350 0.270260 1.783006 0.026605 -0.030151
1573043476.930188 0.400000 0.464870 -1.459864 10.219649 0.270260 1.783006 0.007449 -0.025436
1573043476.950031 0.400000 0.306991 0.246603 9.909600 0.249639 1.794331 -0.060659 -0.023932
1573043476.970024 0.400000 0.307446 2.184709 11.467029 0.249639 1.794331 -0.038311 -0.027417
1573043476.990152 0.400000 0.475181 1.039682 8.771158 0.249639 1.794331 0.000000 -0.031988
1573043477.010231 0.400000 0.437049 1.923741 10.671556 0.325901 1.813540 0.000000 -0.036229
1573043477.030078 0.400000 0.272934 1.028310 11.098322 0.325901 1.813540 0.042568 -0.039634
1573043477.050133 0.400000 0.423801 1.426346 10.211868 0.352397 1.828218 -0.009578 -0.043932
1573043477.070037 0.400000 0.189855 1.946486 11.701660 0.380161 1.836817 0.019156 -0.047078
1573043477.090117 0.400000 0.195427 1.402404 7.413645 0.410689 1.845703 0.053210 -0.048359
1573043477.110080 0.400000 0.209194 -0.497395 11.971008 0.410689 1.845703 0.069173 -0.048160
1573043477.129996 0.400000 0.295396 -2.840122 11.562797 0.335175 1.861669 0.098971 -0.043239
1573043477.150129 0.400000 0.280755 -1.830966 10.041881 0.335175 1.861669 0.044696 -0.037483
1573043477.170272 0.400000 0.327657 -1.931522 10.678140 0.335175 1.861669 0.068109 -0.031848
1573043477.190090 0.400000 0.462883 -1.309628 9.616910 0.274234 1.873594 -0.008514 -0.026745
1573043477.210178 0.400000 0.308683 -0.064643 10.919355 0.274234 1.873594 -0.045761 -0.023518
1573043477.230247 0.400000 0.305210 1.600524 9.527725 0.274234 1.885489 -0.036183 -0.025745
1573043477.250082 0.400000 0.262028 1.605911 9.668983 0.274234 1.885489 -0.055338 -0.031317
1573043477.270049 0.400000 0.288039 0.998382 9.833585 0.315533 1.899245 0.022348 -0.034415
1573043477.290184 0.400000 0.332302 0.976236 9.590573 0.315533 1.899245 0.083008 -0.035267
1573043477.310179 0.400000 0.311998 -0.064643 9.219472 0.315533 1.899245 0.059595 -0.035582
1573043477.330196 0.400000 0.296934 -0.240019 9.875484 0.319277 1.912799 0.021284 -0.032091
1573043477.350048 0.400000 0.280343 -0.144251 10.483610 0.319277 1.912799 -0.021284 -0.028598
1573043477.370081 0.400000 0.323617 0.247201 12.476185 0.311732 1.927099 0.010642 -0.025806
1573043477.390215 0.400000 0.381719 -0.666785 9.020155 0.311732 1.927099 0.052146 -0.020826
1573043477.410149 0.400000 0.371150 -0.837372 10.988189 0.307354 1.940768 0.011706 -0.016908
1573043477.430196 0.400000 0.363305 0.200514 9.375693 0.307354 1.940768 -0.014899 -0.014220
1573043477.450190 0.400000 0.324911 1.665167 11.018715 0.315303 1.954295 -0.029798 -0.018720
1573043477.470009 0.400000 0.345086 0.755371 10.735002 0.315303 1.954295 0.012770 -0.021496
1573043477.489998 0.400000 0.351170 0.588375 8.367735 0.336500 1.968824 0.042568 -0.022927
1573043477.510233 0.400000 0.326751 -0.342969 12.144588 0.336500 1.968824 0.000000 -0.023802
1573043477.530157 0.400000 0.309757 -0.384269 9.728839 0.336500 1.968824 -0.019156 -0.021334
1573043477.550095 0.400000 0.422477 0.005387 10.969035 0.355047 1.983984 -0.005321 -0.024125
1573043477.570113 0.400000 0.370587 0.466869 8.479065 0.355047 1.983984 0.069173 -0.021446
1573043477.590040 0.400000 0.390623 -0.140061 10.017939 0.319335 1.998857 0.037247 -0.015902
1573043477.610082 0.400000 0.325677 0.507571 10.183737 0.319335 1.998857 -0.027669 -0.018504
1573043477.630100 0.400000 0.415190 0.818218 10.277709 0.369620 2.014420 0.000000 -0.023220
1573043477.649996 0.400000 0.331498 0.164601 10.573393 0.369620 2.014420 0.041504 -0.023379
1573043477.670046 0.400000 0.351455 -0.609923 8.715492 0.368295 2.030213 0.043632 -0.019861
1573043477.690346 0.400000 0.415853 -0.199317 11.916540 0.368295 2.030213 0.006385 -0.016478
1573043477.710087 0.400000 0.415853 -0.514753 9.163208 0.368295 2.030213 -0.006385 -0.014588
1573043477.730219 0.400000 0.347236 -0.256180 11.168352 0.369620 2.045976 -0.011706 -0.011718
1573043477.750191 0.400000 0.415190 0.330998 10.824784 0.369620 2.045976 -0.008514 -0.013178
1573043477.770139 0.400000 0.303147 1.027711 9.751583 0.373594 2.061855 -0.026605 -0.017754
1573043477.790185 0.400000 0.413203 0.316633 9.959280 0.373594 2.061855 0.000000 -0.018388
1573043477.810115 0.400000 0.292200 -0.108936 9.869498 0.385517 2.078336 -0.025541 -0.018922
1573043477.830262 0.400000 0.354835 0.160412 9.591770 0.385517 2.078336 0.041504 -0.017122
1573043477.850009 0.400000 0.337635 -0.276530 9.668385 0.376244 2.094788 -0.012770 -0.012805
1573043477.870170 0.400000 0.328509 -0.904410 12.063784 0.376244 2.094788 -0.040440 -0.010203
1573043477.890093 0.400000 0.414528 -0.754772 10.102933 0.370944 2.110925 0.000000 -0.006127
1573043477.910098 0.400000 0.414528 -0.477643 10.160394 0.370944 2.110925 -0.007449 -0.005202
1573043477.930220 0.400000 0.417262 -0.172383 9.822811 0.370944 2.110925 0.011706 -0.001326
1573043477.950278 0.400000 0.390303 1.022324 10.428544 0.353722 2.126173 -0.018091 -0.003673
1573043477.970141 0.400000 0.366875 1.083975 9.996989 0.353722 2.126173 -0.015963 -0.008699
1573043477.990215 0.400000 0.403929 0.854131 10.844537 0.392141 2.142598 -0.007449 -0.013078
1573043478.010114 0.400000 0.339713 0.390853 8.735844 0.392141 2.142598 0.024477 -0.016760
1573043478.030132 0.400000 0.339740 -0.253785 10.727819 0.401415 2.159827 0.035119 -0.017529
1573043478.050102 0.400000 0.399293 -0.735020 9.742605 0.401415 2.159827 0.005321 -0.015910
1573043478.070178 0.400000 0.320088 -1.001973 10.487801 0.405389 2.177400 -0.015963 -0.012889
1573043478.090437 0.400000 0.397305 -1.073201 8.259398 0.405389 2.177400 0.011706 -0.008653
1573043478.110128 0.400000 0.398213 -0.761955 9.260174 0.360346 2.193570 0.020220 -0.007558
1573043478.130128 0.400000 0.431346 -0.306458 11.022305 0.360346 2.193570 0.034054 -0.003145
1573043478.150185 0.400000 0.412100 -0.672172 9.379285 0.360346 2.193570 -0.018091 0.001349
1573043478.170249 0.400000 0.389392 1.177349 10.850522 0.368295 2.209281 -0.013835 -0.003079
1573043478.190207 0.400000 0.415853 0.963666 9.188946 0.368295 2.209281 -0.008514 -0.006861
1573043478.210197 0.400000 0.390227 0.879271 11.915941 0.364954 2.225595 0.030862 -0.010397
1573043478.230122 0.400000 0.417523 -0.169390 10.559627 0.364954 2.225595 -0.005321 -0.007783
1573043478.250058 0.400000 0.394656 0.869095 9.419388 0.410689 2.243084 0.000000 -0.009879
1573043478.270289 0.400000 0.346186 0.291494 8.620323 0.410689 2.243084 0.014899 -0.012078
1573043478.290055 0.400000 0.359926 -0.031723 10.942101 0.390298 2.260661 0.013835 -0.011199
1573043478.310110 0.400000 0.404851 0.323217 10.557232 0.390298 2.260661 -0.008514 -0.010519
1573043478.330271 0.400000 0.356133 -0.708085 12.553398 0.390298 2.260661 -0.017027 -0.007019
1573043478.350181 0.400000 0.433246 -0.588974 9.179369 0.385517 2.277750 0.051082 -0.002972
1573043478.370175 0.400000 0.402578 -0.171784 10.849923 0.385517 2.277750 0.010642 -0.002635
1573043478.390248 0.400000 0.375434 -0.450110 8.194754 0.381543 2.294150 -0.041504 -0.000118
1573043478.410200 0.400000 0.352061 0.733823 11.863269 0.381543 2.294150 -0.044696 -0.004282
1573043478.430459 0.400000 0.344042 0.620098 8.519767 0.388167 2.310693 -0.025541 -0.008288
1573043478.450063 0.400000 0.351273 0.396240 11.827954 0.388167 2.310693 -0.012770 -0.008885
1573043478.470147 0.400000 0.361496 -0.325013 9.273341 0.388167 2.327436 -0.014899 -0.006500
1573043478.490123 0.400000 0.367985 0.008380 11.041459 0.388167 2.327436 -0.015963 -0.005032
1573043478.510159 0.400000 0.440335 -0.707487 9.378687 0.365645 2.343778 0.041504 -0.002009
1573043478.530161 0.400000 0.405583 -0.462679 9.013571 0.365645 2.343778 -0.022348 0.001257
1573043478.550228 0.400000 0.396406 -0.040701 9.740211 0.365645 2.343778 -0.039375 0.002146
1573043478.570064 0.400000 0.350521 0.968455 10.501567 0.372269 2.359977 -0.058531 -0.003304
1573043478.590184 0.400000 0.413865 0.263362 9.572019 0.372269 2.359977 0.009578 -0.007348
1573043478.610068 0.400000 0.414989 0.579397 9.929353 0.370023 2.376863 -0.006385 -0.010771
1573043478.630125 0.400000 0.355872 -0.295085 10.145430 0.370023 2.376863 -0.024477 -0.007907
1573043478.650147 0.400000 0.321544 -0.006584 10.530896 0.412013 2.394322 -0.052146 -0.006147
1573043478.670269 0.400000 0.393993 0.434548 7.420229 0.412013 2.394322 0.008514 -0.008689
1573043478.690045 0.400000 0.409286 0.214281 8.157045 0.381428 2.411782 -0.008514 -0.009885
1573043478.710226 0.400000 0.359071 -0.924760 12.277466 0.381428 2.411782 -0.010642 -0.008340
1573043478.730212 0.400000 0.344849 -0.375890 8.805275 0.381428 2.411782 -0.041504 -0.006247
1573043478.750235 0.400000 0.396643 0.081403 11.218032 0.406714 2.429128 0.000000 -0.008567
1573043478.770080 0.400000 0.384814 -0.109535 8.899247 0.406714 2.429128 0.020220 -0.005601
1573043478.790294 0.400000 0.378525 -0.697311 11.855488 0.377569 2.445699 -0.022348 -0.002962
1573043478.810151 0.400000 0.363796 -0.117316 9.885060 0.377569 2.445699 -0.054274 -0.000800
1573043478.830087 0.400000 0.383022 0.979228 8.869919 0.378893 2.462127 -0.017027 -0.002782
1573043478.850094 0.400000 0.410553 0.648230 9.113528 0.378893 2.462127 0.000000 -0.006816
1573043478.870103 0.400000 0.414528 0.366313 11.295245 0.370944 2.478269 0.000000 -0.005643
1573043478.890410 0.400000 0.368024 0.319027 10.227431 0.370944 2.478269 -0.042568 -0.008197
1573043478.910203 0.400000 0.317128 0.927155 10.937312 0.390817 2.495128 -0.045761 -0.010171
1573043478.930213 0.400000 0.351855 0.467468 9.392453 0.390817 2.495128 0.014899 -0.012931
1573043478.950183 0.400000 0.346976 0.084396 8.884284 0.390817 2.495128 0.013835 -0.013737
1573043478.970145 0.400000 0.344627 -0.837971 10.654796 0.377569 2.511702 -0.017027 -0.010593
1573043478.990178 0.384000 0.337421 -0.534506 11.660360 0.377569 2.511702 -0.047889 -0.007097
1573043479.010154 0.368000 0.396496 0.327407 8.835801 0.356372 2.527789 0.030862 -0.005202
1573043479.030154 0.352000 0.373814 0.292691 10.584765 0.356372 2.527789 0.000000 -0.005690
1573043479.050184 0.336000 0.307198 0.425569 10.226832 0.339149 2.542671 -0.026605 -0.005989
1573043479.070090 0.320000 0.250099 0.527323 10.385448 0.339149 2.542671 -0.050017 -0.008863
1573043479.090164 0.304000 0.222092 0.532710 11.459846 0.351072 2.558012 -0.036183 -0.010685
1573043479.110314 0.288000 0.243392 0.130484 9.217078 0.351072 2.558012 0.025541 -0.011501
1573043479.130190 0.272000 0.250200 -0.839168 9.583989 0.351072 2.558012 0.036183 -0.007042
1573043479.150110 0.256000 0.275759 -1.740585 11.582549 0.300730 2.571776 0.035119 -0.001994
1573043479.170167 0.240000 0.219025 -1.376067 10.464457 0.300730 2.571776 -0.031926 0.002186
1573043479.190239 0.224000 0.233391 -0.469264 10.369886 0.262311 2.583532 -0.028733 0.005507
1573043479.210270 0.208000 0.204845 0.080804 9.622296 0.262311 2.583532 0.000000 0.003199
1573043479.230075 0.192000 0.192768 0.299275 9.965266 0.238464 2.594141 0.000000 0.000322
1573043479.250103 0.176000 0.168768 0.271742 9.382876 0.238464 2.594141 0.009578 -0.001712
1573043479.270117 0.160000 0.172856 -0.229843 11.613674 0.224295 2.604492 0.024477 0.000284
1573043479.290157 0.144000 0.127853 -0.799065 10.659584 0.224295 2.604492 0.006385 0.002362
1573043479.310233 0.128000 0.112003 -0.945710 9.194931 0.207994 2.613898 0.000000 0.006561
1573043479.330275 0.112000 0.088003 -1.106121 11.220426 0.207994 2.613898 0.000000 0.009788
1573043479.350203 0.096000 0.151128 -1.110910 10.011952 0.207994 2.613898 0.019156 0.014360
1573043479.370159 0.080000 0.174796 -1.080982 10.217854 0.151027 2.621038 0.013835 0.019048
1573043479.390138 0.064000 0.044486 -0.876278 10.431537 0.151027 2.621038 0.000000 0.023516
1573043479.410246 0.048000 0.140225 0.185551 10.192117 0.117907 2.626429 -0.011706 0.022509
1573043479.430164 0.032000 0.091478 1.122881 9.523536 0.117907 2.626429 -0.013835 0.017900
1573043479.450166 0.016000 0.103153 -0.392051 10.305841 0.117907 2.631763 0.021284 0.019416
1573043479.470136 0.000000 0.062904 0.025738 10.418368 0.117907 2.631763 0.013835 0.017358
1573043479.490129 0.000000 0.010070 0.229843 10.084377 0.117907 2.634315 -0.011706 0.015678
1573043479.510450 0.000000 0.023426 -0.712275 10.915764 0.117907 2.634315 0.022348 0.015407
1573043479.530279 0.000000 -0.052330 -1.057639 10.498574 0.104659 2.639334 0.000000 0.018828
1573043479.550220 0.000000 -0.052330 -1.220444 10.417770 0.104659 2.639334 0.000000 0.023166
1573043479.570127 0.000000 -0.052330 -1.561618 9.977237 0.104659 2.639334 0.000000 0.027574
1573043479.590200 0.000000 -0.026496 -1.332373 10.518925 0.052992 2.642260 0.000000 0.032009
1573043479.610045 0.000000 0.146308 -0.667384 10.065224 0.052992 2.642260 -0.010642 0.036263
1573043479.630238 0.000000 0.001987 -0.310648 10.391434 -0.003974 2.642547 0.000000 0.038480
1573043479.650094 0.000000 0.001987 0.477045 10.266935 -0.003974 2.642547 -0.009578 0.033967
1573043479.670236 0.000000 0.132858 2.142212 9.987412 -0.036749 2.641227 -0.044696 0.030048
1573043479.690271 0.000000 0.105102 2.150592 10.420763 -0.036749 2.641227 -0.062788 0.027392
1573043479.710354 0.000000 0.120426 1.675941 10.035894 0.007949 2.641027 0.013835 0.022667
1573043479.730075 0.000000 -0.003974 1.608305 9.979033 0.007949 2.641027 0.000000 0.019353
1573043479.750309 0.000000 -0.029779 1.514333 9.796474 0.059558 2.642977 0.000000 0.014868
1573043479.770111 0.000000 -0.029779 0.741005 10.074800 0.059558 2.642977 0.000000 0.010473
1573043479.790188 0.000000 0.066225 -0.724845 10.446501 0.059558 2.642977 0.036183 0.013412
1573043479.810149 0.000000 0.069504 -1.748964 9.974843 0.074189 2.648368 0.019156 0.018255
1573043479.830150 0.000000 -0.037094 -1.182736 10.133458 0.074189 2.648368 0.000000 0.022743
1573043479.850018 0.000000 0.106665 -0.402824 9.943119 0.022810 2.649515 -0.018091 0.026508
1573043479.870103 0.000000 0.080781 0.654216 10.297462 0.027821 2.650117 -0.024477 0.022854
1573043479.890029 0.000000 0.061854 1.126472 9.983821 0.039744 2.650977 -0.026605 0.020602
1573043479.910157 0.000000 0.046679 1.362301 9.608530 0.039744 2.650977 -0.022348 0.016886
1573043479.930025 0.000000 -0.027158 1.092355 10.525509 0.054317 2.652153 0.008514 0.012468
1573043479.950094 0.000000 0.025791 0.416591 9.995792 0.054317 2.652153 0.013835 0.008376
1573043479.970252 0.000000 0.021693 -0.297480 10.093355 0.054317 2.652153 0.020220 0.006535
1573043479.990156 0.000000 0.041906 -1.251569 10.317812 0.071539 2.655049 0.025541 0.011449
1573043480.010089 0.000000 0.054185 -1.023521 9.600749 0.071539 2.655049 0.011706 0.016118
1573043480.030115 0.000000 -0.023184 -0.492008 10.429741 0.046368 2.657457 -0.007449 0.020478
1573043480.050153 0.000000 0.045139 0.132878 10.183737 0.046368 2.657457 -0.020220 0.016900
1573043480.070194 0.000000 0.040603 0.500388 10.484808 0.022810 2.658776 -0.019156 0.013467
1573043480.090373 0.000000 -0.011405 0.852336 9.932345 0.022810 2.658776 0.000000 0.011371
1573043480.110247 0.000000 -0.016560 0.676362 10.188525 0.033120 2.660583 0.000000 0.007142
1573043480.130172 0.000000 -0.016560 0.184354 10.204686 0.033120 2.660583 0.008514 0.003919
1573043480.150162 0.000000 0.019852 -0.659004 10.375273 0.033120 2.660583 0.012770 0.005239
1573043480.170095 0.000000 0.046038 -0.776320 10.207080 0.027821 2.661959 0.013835 0.009776
1573043480.190235 0.000000 -0.013910 -0.667384 10.297462 0.027821 2.661959 0.000000 0.014285
1573043480.210414 0.000000 -0.001987 0.172981 10.254366 0.003974 2.662303 -0.008514 0.012074
1573043480.230100 0.000000 0.025141 0.714669 10.072407 0.003974 2.662303 -0.012770 0.007469
1573043480.250138 0.000000 -0.001325 0.227449 10.274117 0.002650 2.662361 0.000000 0.003247
1573043480.270033 0.000000 -0.001325 -0.005986 10.201694 0.002650 2.662361 0.006385 0.000553
1573043480.290180 0.000000 -0.001987 0.001796 10.013150 0.003974 2.662504 0.007449 -0.000041
1573043480.310519 0.000000 -0.001987 -0.009577 10.353127 0.003974 2.662504 0.004257 0.001097
1573043480.330134 0.000000 -0.001987 0.053870 10.045471 0.003974 2.662504 0.000000 -0.001703
1573043480.350138 0.000000 -0.001987 0.036512 10.137649 0.003974 2.662676 0.000000 -0.004225
1573043480.370297 0.000000 -0.001987 0.054468 10.238804 0.003974 2.662676 0.000000 -0.004524
1573043480.390367 0.000000 0.000662 0.149638 10.311228 -0.001325 2.662648 0.000000 -0.008495
1573043480.410156 0.000000 0.000662 0.270545 10.175956 -0.001325 2.662648 0.000000 -0.012715
1573043480.430120 0.000000 -0.001325 0.111929 10.256760 0.002650 2.662677 0.000000 -0.013321
1573043480.450095 0.000000 -0.001325 0.041300 10.209475 0.002650 2.662677 0.000000 -0.009576
1573043480.470253 0.000000 0.000000 0.058059 10.201694 0.000000 2.662648 0.000000 -0.006495
1573043480.490174 0.000000 0.000000 0.077213 10.219051 0.000000 2.662648 0.000000 -0.006598
1573043480.510184 0.000000 0.000000 0.156820 10.294469 0.000000 2.662648 0.000000 -0.010022
1573043480.530214 0.000000 -0.000662 0.237026 10.225037 0.001325 2.662677 0.000000 -0.014325
1573043480.550240 0.000000 -0.000662 0.139462 10.280104 0.001325 2.662677 0.000000 -0.016574
1573043480.570086 0.000000 0.000000 0.068833 10.285490 0.000000 2.662648 0.000000 -0.012366
1573043480.590160 0.000000 0.000000 0.114323 10.183138 0.000000 2.662648 0.000000 -0.010841
1573043480.610942 0.000000 0.000000 0.153229 10.214861 0.000000 2.662677 0.000000 -0.013831
1573043480.630282 0.000000 0.000000 0.188543 10.189722 0.000000 2.662677 0.000000 -0.016861
1573043480.650080 0.000000 0.000000 0.149039 10.231621 0.000000 2.662677 0.000000 -0.014766
1573043480.670029 0.000000 0.000000 0.093972 10.321404 0.000000 2.662677 0.000000 -0.010309
1573043480.690043 0.000000 0.000000 0.098162 10.253767 0.000000 2.662677 0.000000 -0.009426
1573043480.710098 0.000000 0.000662 0.097564 10.188525 -0.001325 2.662648 0.000000 -0.009163
1573043480.730124 0.000000 0.000662 0.138265 10.245986 -0.001325 2.662648 0.000000 -0.012460
1573043480.750067 0.000000 0.001325 0.135871 10.245986 -0.002650 2.662648 0.000000 -0.013042
1573043480.770246 0.000000 0.001325 0.156222 10.221445 -0.002650 2.662648 0.000000 -0.014381
1573043480.790100 0.000000 -0.000634 0.106542 10.196905 0.001267 2.662677 0.000000 -0.010698
1573043480.810337 0.000000 -0.000634 0.122703 10.213664 0.001267 2.662677 0.000000 -0.012533
1573043480.830103 0.000000 0.000662 0.114323 10.206482 -0.001325 2.662648 0.000000 -0.012125
1573043480.850075 0.000000 0.000662 0.134075 10.242993 -0.001325 2.662648 0.000000 -0.013065
1573043480.870228 0.000000 0.000000 0.146645 10.247183 0.000000 2.662677 0.000000 -0.014961
1573043480.890199 0.000000 0.000000 0.127491 10.237008 0.000000 2.662677 0.000000 -0.013507
1573043480.910131 0.000000 0.000000 0.095170 10.242394 0.000000 2.662677 0.000000 -0.009495
1573043480.930255 0.000000 -0.000662 0.116717 10.257359 0.001325 2.662677 0.000000 -0.009126
1573043480.950158 0.000000 -0.000662 0.145448 10.256162 0.001325 2.662677 0.000000 -0.013433
1573043480.970150 0.000000 0.000662 0.151433 10.203489 -0.001325 2.662648 0.000000 -0.015173
1573043480.990077 0.000000 0.000662 0.127491 10.166379 -0.001325 2.662648 0.000000 -0.012389
1573043481.010176 0.000000 -0.000662 0.107739 10.167576 0.001325 2.662677 0.000000 -0.011659
1573043481.030085 0.000000 -0.000662 0.125696 10.294469 0.001325 2.662677 0.000000 -0.011840
1573043481.050075 0.000000 0.000662 0.123301 10.215460 -0.001325 2.662648 0.000000 -0.012913
1573043481.070149 0.000000 0.000662 0.131681 10.226233 -0.001325 2.662648 0.000000 -0.013310
1573043481.090163 0.000000 -0.000662 0.149638 10.244789 0.001325 2.662677 0.000000 -0.011718
1573043481.110328 0.000000 -0.000662 0.116119 10.214263 0.001325 2.662677 0.000000 -0.011416
1573043481.130186 0.000000 -0.000662 0.114922 10.225037 0.001325 2.662677 0.000000 -0.013038
1573043481.150160 0.000000 0.000662 0.103549 10.207080 -0.001325 2.662648 0.000000 -0.010223
1573043481.170183 0.000000 0.000662 0.134075 10.235212 -0.001325 2.662648 0.000000 -0.012848
1573043481.190174 0.000000 0.000662 0.141856 10.243592 -0.001325 2.662648 0.000000 -0.014514
1573043481.210186 0.000000 0.000662 0.129885 10.287885 -0.001325 2.662648 0.000000 -0.012413
1573043481.230471 0.000000 0.000000 0.116119 10.287286 0.000000 2.662648 0.000000 -0.010802
1573043481.250146 0.000000 0.000000 0.098761 10.236409 0.000000 2.662648 0.000000 -0.009117
1573043481.270274 0.000000 -0.000662 0.135871 10.205883 0.001325 2.662677 0.000000 -0.011037
1573043481.290105 0.000000 -0.000662 0.119112 10.183737 0.001325 2.662677 0.000000 -0.012531
1573043481.310128 0.000000 -0.000662 0.136469 10.217256 0.001325 2.662705 0.000000 -0.012262
1573043481.330154 0.000000 -0.000662 0.135871 10.253169 0.001325 2.662705 0.000000 -0.010903
1573043481.350642 0.000000 -0.000662 0.132878 10.194510 0.001325 2.662705 0.000000 -0.012589
1573043481.370145 0.000000 0.000000 0.130484 10.192117 0.000000 2.662648 0.000000 -0.013064
1573043481.390128 0.000000 0.000000 0.143652 10.307038 0.000000 2.662648 0.000000 -0.013043
1573043481.410114 0.000000 0.000000 0.132280 10.294469 0.000000 2.662648 0.000000 -0.012819
1573043481.430173 0.000000 0.000000 0.130484 10.244190 0.000000 2.662648 0.000000 -0.012635
1573043481.450258 0.000000 0.000634 0.122703 10.266935 -0.001267 2.662619 0.000000 -0.011664
1573043481.470240 0.000000 0.000634 0.131083 10.283694 -0.001267 2.662619 0.000000 -0.011567
1573043481.490121 0.000000 0.000000 0.123301 10.205284 0.000000 2.662677 0.000000 -0.013093
1573043481.510256 0.000000 0.000000 0.109535 10.190919 0.000000 2.662677 0.000000 -0.012166
1573043481.530136 0.000000 0.000634 0.135272 10.211270 -0.001267 2.662648 0.000000 -0.013178
1573043481.550070 0.000000 0.000634 0.130484 10.201095 -0.001267 2.662648 0.000000 -0.011751
1573043481.570000 0.000000 0.000634 0.135871 10.253767 -0.001267 2.662648 0.000000 -0.012923
1573043481.590056 0.000000 0.000000 0.127491 10.217854 0.000000 2.662648 0.000000 -0.012858
1573043481.609938 0.000000 0.000000 0.128688 10.299257 0.000000 2.662648 0.000000 -0.012467
1573043481.630170 0.000000 0.000000 0.122703 10.266336 0.000000 2.662677 0.000000 -0.012022
1573043481.650126 0.000000 0.000000 0.100556 10.226233 0.000000 2.662677 0.000000 -0.011058
1573043481.670266 0.000000 0.000000 0.138265 10.271724 0.000000 2.662705 0.000000 -0.013714
1573043481.690395 0.000000 0.000000 0.103549 10.186131 0.000000 2.662705 0.000000 -0.010684
1573043481.710193 0.000000 0.000000 0.134075 10.242394 0.000000 2.662648 0.000000 -0.013114
1573043481.730259 0.000000 0.000000 0.125696 10.249578 0.000000 2.662648 0.000000 -0.012176
1573043481.750218 0.000000 0.000000 0.140659 10.212467 0.000000 2.662676 0.000000 -0.013532
1573043481.770212 0.000000 0.000000 0.114323 10.232818 0.000000 2.662676 0.000000 -0.011027
1573043481.790174 0.000000 0.000000 0.130484 10.248381 0.000000 2.662676 0.000000 -0.011874
1573043481.810265 0.000000 0.000000 0.128090 10.238205 0.000000 2.662676 0.000000 -0.012265
1573043481.830247 0.000000 0.000000 0.115520 10.204686 0.000000 2.662676 0.000000 -0.010799
1573043481.850023 0.000000 -0.001267 0.105943 10.279505 0.002534 2.662676 0.000000 -0.010539
1573043481.869966 0.000000 -0.001267 0.113126 10.235810 0.002534 2.662676 0.000000 -0.011743
1573043481.890135 0.000000 0.000000 0.112527 10.185533 0.000000 2.662676 0.000000 -0.012050
1573043481.910113 0.000000 0.000000 0.120907 10.198102 0.000000 2.662676 0.000000 -0.011850
1573043481.930199 0.000000 0.000000 0.124498 10.289082 0.000000 2.662676 0.000000 -0.012146
1573043481.950174 0.000000 0.000000 0.144251 10.228628 0.000000 2.662676 0.000000 -0.012988
1573043481.970120 0.000000 0.000000 0.140659 10.200496 0.000000 2.662676 0.000000 -0.013847
1573043481.990093 0.000000 -0.000662 0.129287 10.254964 0.001325 2.662676 0.000000 -0.012567
1573043482.010025 0.000000 -0.000662 0.124498 10.211868 0.001325 2.662676 0.000000 -0.013298
1573043482.030204 0.000000 0.000662 0.108338 10.175357 -0.001325 2.662619 0.000000 -0.011246
1573043482.050147 0.000000 0.000662 0.137667 10.253767 -0.001325 2.662619 0.000000 -0.012260
1573043482.070025 0.000000 0.000000 0.115520 10.197503 0.000000 2.662648 0.000000 -0.011641
1573043482.090215 0.000000 0.000000 0.125097 10.227431 0.000000 2.662648 0.000000 -0.012362
1573043482.110106 0.000000 0.000000 0.128688 10.219051 0.000000 2.662648 0.000000 -0.011129
1573043482.130133 0.000000 0.000662 0.113126 10.254964 -0.001325 2.662648 0.000000 -0.010938
1573043482.150272 0.000000 0.000662 0.117914 10.232818 -0.001325 2.662648 0.000000 -0.011522
1573043482.170187 0.000000 -0.000662 0.111330 10.212467 0.001325 2.662677 0.000000 -0.010653
1573043482.190162 0.000000 -0.000662 0.116119 10.233417 0.001325 2.662677 0.000000 -0.012428
1573043482.210241 0.000000 -0.000662 0.119112 10.196306 0.001325 2.662677 0.000000 -0.011869
1573043482.230252 0.000000 -0.000662 0.121506 10.167576 0.001325 2.662677 0.000000 -0.013916
1573043482.250342 0.000000 -0.001325 0.141856 10.239402 0.002650 2.662705 0.000000 -0.013575
1573043482.270010 0.000000 -0.001325 0.137068 10.184336 0.002650 2.662705 0.000000 -0.012422
1573043482.290069 0.000000 -0.001325 0.120309 10.215460 0.002650 2.662705 0.000000 -0.012021
1573043482.310022 0.000000 -0.000634 0.125696 10.254964 0.001267 2.662677 0.000000 -0.011937
1573043482.330033 0.000000 -0.000634 0.121506 10.217854 0.001267 2.662677 0.000000 -0.012944
1573043482.350049 0.000000 -0.000662 0.129885 10.259752 0.001325 2.662677 0.000000 -0.011670
1573043482.370061 0.000000 -0.000662 0.128090 10.250774 0.001325 2.662677 0.000000 -0.012326
1573043482.390188 0.000000 0.000000 0.136469 10.210671 0.000000 2.662648 0.000000 -0.011360
1573043482.410077 0.000000 0.000000 0.122104 10.165780 0.000000 2.662648 0.000000 -0.013779
1573043482.430302 0.000000 -0.000662 0.113126 10.259752 0.001325 2.662677 0.000000 -0.011095
1573043482.450197 0.000000 -0.000662 0.145448 10.196905 0.001325 2.662677 0.000000 -0.011872
1573043482.470073 0.000000 -0.000662 0.115520 10.208278 0.001325 2.662677 0.000000 -0.013145
1573043482.490056 0.000000 -0.000662 0.109535 10.242993 0.001325 2.662677 0.000000 -0.011523
1573043482.510378 0.000000 -0.000662 0.121506 10.248381 0.001325 2.662677 0.000000 -0.011490
1573043482.530147 0.000000 -0.000634 0.110732 10.199898 0.001267 2.662677 0.000000 -0.010768
1573043482.550190 0.000000 -0.000634 0.120907 10.230424 0.001267 2.662677 0.000000 -0.010947
1573043482.570178 0.000000 0.000662 0.114922 10.253169 -0.001325 2.662648 0.000000 -0.013187
1573043482.590217 0.000000 0.000662 0.119710 10.159196 -0.001325 2.662648 0.000000 -0.011734
1573043482.610171 0.000000 0.000000 0.111929 10.258555 0.000000 2.662677 0.000000 -0.010922
1573043482.630236 0.000000 0.000000 0.134674 10.223840 0.000000 2.662677 0.000000 -0.012296
1573043482.650450 0.000000 -0.000662 0.116717 10.203489 0.001325 2.662677 0.000000 -0.012462
1573043482.670067 0.000000 -0.000662 0.117914 10.250774 0.001325 2.662677 0.000000 -0.013898
1573043482.690248 0.000000 -0.000662 0.115520 10.253169 0.001325 2.662677 0.000000 -0.011379
1573043482.710214 0.000000 0.000000 0.131681 10.245387 0.000000 2.662648 0.000000 -0.011391
1573043482.730138 0.000000 0.000000 0.138265 10.248979 0.000000 2.662648 0.000000 -0.013249
1573043482.750229 0.000000 0.000000 0.124498 10.260950 0.000000 2.662648 0.000000 -0.012519
1573043482.770055 0.000000 0.000000 0.126893 10.171765 0.000000 2.662648 0.000000 -0.012792
1573043482.790236 0.000000 0.000000 0.138864 10.259154 0.000000 2.662648 0.000000 -0.013307
1573043482.810152 0.000000 0.000000 0.108338 10.324995 0.000000 2.662648 0.000000 -0.010943
1573043482.830150 0.000000 0.000662 0.122104 10.181941 -0.001325 2.662648 0.000000 -0.011131
1573043482.850184 0.000000 0.000662 0.130484 10.198701 -0.001325 2.662648 0.000000 -0.012805
1573043482.870257 0.000000 0.000662 0.145448 10.280702 -0.001325 2.662648 0.000000 -0.014384
1573043482.890076 0.000000 0.001325 0.132878 10.272323 -0.002650 2.662648 0.000000 -0.012011
1573043482.910256 0.000000 0.001325 0.126893 10.251373 -0.002650 2.662648 0.000000 -0.013129
1573043482.930215 0.000000 0.000634 0.114323 10.259154 -0.001267 2.662648 0.000000 -0.012196
1573043482.950211 0.000000 0.000634 0.129287 10.224438 -0.001267 2.662648 0.000000 -0.012024
1573043482.970190 0.000000 -0.000662 0.119710 10.192715 0.001325 2.662677 0.000000 -0.011956
