1573040017.564004 0.000000 0.000000 0.014964 10.216059 0.000000 0.000029 0.000000 -0.000442
1573040017.583980 0.000000 0.000000 0.006584 10.243592 0.000000 0.000029 0.000000 -0.001808
1573040017.604180 0.000000 0.000000 -0.002394 10.263344 -0.001325 -0.000000 0.000000 -0.000147
1573040017.624111 0.000000 0.000000 0.017358 10.214861 -0.001325 -0.000029 0.000000 -0.002942
1573040017.644002 0.000000 0.000000 0.031723 10.251373 0.002534 0.000029 0.000000 -0.000695
1573040017.664037 0.000000 0.000000 0.004190 10.238205 0.000000 0.000029 0.000000 -0.000065
1573040017.683920 0.000000 0.000000 0.031125 10.220248 -0.001325 -0.000000 0.000000 -0.003448
1573040017.703944 0.000000 0.000000 0.022745 10.304644 0.001325 0.000029 0.000000 -0.002416
1573040017.723914 0.000000 0.000000 0.007781 10.147823 0.000000 0.000029 0.000000 -0.002417
1573040017.744017 0.000000 0.000000 0.022745 10.155605 -0.001325 -0.000000 0.000000 -0.002567
1573040017.764252 0.000000 0.000000 0.000599 10.212467 0.001325 0.000029 0.000000 -0.001208
1573040017.784000 0.000000 0.000000 0.028730 10.288483 0.001325 0.000029 0.000000 -0.003061
1573040017.804039 0.000000 0.000000 0.008978 10.245387 0.000000 0.000029 0.000000 -0.001483
1573040017.823985 0.000000 0.000000 0.026336 10.205284 0.000000 0.000029 0.000000 -0.002055
1573040017.844018 0.000000 0.000000 0.008380 10.231022 0.000000 0.000029 0.000000 -0.000191
1573040017.864042 0.000000 0.000000 0.024541 10.271125 -0.001325 -0.000000 0.000000 -0.003240
1573040017.883930 0.000000 0.000000 0.005986 10.227431 0.001325 0.000029 0.000000 -0.000442
1573040017.904131 0.000000 0.000000 0.011372 10.234015 0.000000 0.000029 0.000000 -0.001281
1573040017.923885 0.000000 0.000000 0.011372 10.195707 0.000000 0.000029 0.000000 -0.000841
1573040017.943955 0.000000 0.000000 0.038906 10.267534 -0.001325 -0.000000 0.000000 -0.003164
1573040017.963898 0.000000 0.000000 0.020949 10.289082 -0.001325 -0.000000 0.000000 -0.001782
1573040017.984039 0.000000 0.000000 0.021548 10.242394 0.001325 0.000029 0.000000 -0.001998
1573040018.004030 0.000000 0.000000 0.044293 10.241796 0.000000 0.000029 0.000000 -0.004345
1573040018.023978 0.000000 0.000000 0.034117 10.268132 0.000000 0.000029 0.000000 -0.003433
1573040018.043911 0.000000 0.000000 0.033519 10.239402 -0.001325 -0.000000 0.000000 -0.003380
1573040018.064014 0.000000 0.000000 -0.017957 10.243592 0.000000 -0.000000 0.000000 -0.000413
1573040018.083862 0.000000 0.000000 0.028730 10.263344 0.001325 0.000029 0.000000 -0.002587
1573040018.104023 0.000000 0.000000 0.030526 10.162787 0.000000 0.000029 0.000000 -0.003003
1573040018.124123 0.000000 0.000000 0.014964 10.279505 0.000000 0.000029 0.000000 -0.001481
1573040018.143916 0.000000 0.000000 0.011971 10.287885 0.000000 0.000029 0.000000 -0.002253
1573040018.163983 0.000000 0.000000 0.015562 10.276512 0.000000 0.000029 0.000000 -0.000748
1573040018.183989 0.000000 0.000000 0.002394 10.173561 0.000000 0.000029 0.000000 -0.002789
1573040018.204087 0.000000 0.000000 0.026336 10.146626 0.000000 0.000029 0.000000 -0.002578
1573040018.224053 0.000000 0.000000 0.029329 10.248979 -0.001325 -0.000000 0.000000 -0.001027
1573040018.243947 0.000000 0.000000 0.019752 10.247782 0.000000 -0.000000 0.000000 -0.001908
1573040018.264162 0.000000 0.000000 0.014365 10.169971 0.001325 0.000029 0.000000 -0.000882
1573040018.284113 0.000000 0.000000 -0.002394 10.236409 -0.001325 -0.000000 0.000000 -0.000467
1573040018.304112 0.000000 0.000000 0.010175 10.183737 0.001325 0.000029 0.000000 -0.001235
1573040018.324068 0.000000 0.000000 -0.001197 10.266935 -0.001267 -0.000000 0.000000 -0.001732
1573040018.344257 0.000000 0.000000 0.029928 10.340557 0.000000 -0.000000 0.000000 -0.002349
1573040018.364170 0.000000 0.000000 0.005387 10.257359 0.000000 -0.000000 0.000000 -0.000308
1573040018.383968 0.000000 0.000000 0.019752 10.210671 0.000000 -0.000000 0.000000 -0.002225
1573040018.403966 0.000000 0.000000 0.002993 10.214263 0.000000 -0.000000 0.000000 -0.001706
1573040018.423988 0.000000 0.000000 0.020351 10.207679 0.001267 0.000029 0.000000 -0.002015
1573040018.444165 0.000000 0.000000 0.006584 10.307038 0.000000 0.000029 0.000000 -0.001641
1573040018.464041 0.000000 0.000000 0.016161 10.241198 0.000000 0.000029 0.000000 -0.001651
1573040018.483938 0.000000 0.000000 0.024541 10.263344 0.000000 0.000029 0.000000 -0.002405
1573040018.503944 0.000000 0.000000 0.023942 10.228029 -0.001267 -0.000000 0.000000 -0.002637
1573040018.524001 0.000000 0.000000 -0.016161 10.207679 0.001325 0.000029 0.000000 0.000129
1573040018.544136 0.000000 0.000000 0.036512 10.283694 0.000000 0.000029 0.000000 -0.000131
1573040018.564064 0.000000 0.000000 0.026336 10.204087 0.000000 0.000029 0.000000 -0.002944
1573040018.583950 0.000000 0.000000 0.008380 10.191518 -0.001325 -0.000000 0.000000 -0.003039
1573040018.604095 0.000000 0.000000 0.029329 10.213664 0.000000 -0.000000 0.000000 -0.004262
1573040018.623998 0.000000 0.000000 0.007781 10.233417 0.001325 0.000029 0.000000 -0.000753
1573040018.644076 0.000000 0.000000 0.022745 10.254366 0.000000 0.000029 0.000000 -0.000410
1573040018.664036 0.000000 0.000000 0.038906 10.194510 0.000000 0.000029 0.000000 -0.002891
1573040018.684092 0.000000 0.000000 0.039504 10.217256 -0.001267 -0.000000 0.000000 -0.002908
1573040018.704278 0.000000 0.000000 0.017358 10.157400 0.001325 0.000029 0.000000 -0.001758
1573040018.724090 0.000000 0.000000 0.017957 10.207679 0.000000 0.000029 0.000000 -0.000350
1573040018.743958 0.000000 0.000000 0.000599 10.239402 0.000000 0.000029 0.000000 -0.002758
1573040018.764031 0.000000 0.000000 -0.004788 10.138247 0.000000 0.000029 0.000000 -0.000126
1573040018.784049 0.000000 0.000000 0.019752 10.156203 -0.001267 -0.000000 0.000000 -0.001734
1573040018.804166 0.000000 0.000000 0.022745 10.262746 0.001325 0.000029 0.000000 0.000302
1573040018.824143 0.000000 0.000000 0.008380 10.238804 0.000000 0.000029 0.000000 -0.000765
1573040018.844232 0.000000 0.000000 0.010774 10.181941 -0.001325 -0.000000 0.000000 -0.003193
1573040018.863950 0.000000 0.000000 0.006584 10.225037 0.000000 -0.000000 0.000000 -0.000054
1573040018.883900 0.000000 0.000000 0.023343 10.187926 0.001325 0.000029 0.000000 -0.001870
1573040018.904023 0.000000 0.000000 0.010774 10.193913 -0.001325 -0.000000 0.000000 -0.001689
1573040018.924113 0.000000 0.000000 0.026935 10.262746 0.000000 -0.000000 0.000000 -0.002626
1573040018.944103 0.000000 0.000000 0.034117 10.208876 0.000000 -0.000000 0.000000 -0.000444
1573040018.964049 0.000000 0.000000 0.037110 10.175357 0.000000 -0.000000 0.000000 -0.002504
1573040018.983962 0.000000 0.000000 -0.000599 10.163386 0.001325 0.000029 0.000000 -0.000048
1573040019.004175 0.000000 0.000000 0.015562 10.202890 -0.001325 -0.000000 0.000000 -0.002324
1573040019.024195 0.000000 0.000000 0.024541 10.268731 0.001325 0.000029 0.000000 -0.000530
1573040019.043949 0.000000 0.000000 0.015562 10.204087 0.000000 0.000029 0.000000 -0.001710
1573040019.063982 0.000000 0.000000 0.010774 10.234015 -0.001325 -0.000000 0.000000 -0.001060
1573040019.084058 0.000000 0.000000 0.012570 10.193314 0.000000 -0.000000 0.000000 -0.001104
1573040019.104043 0.000000 0.000000 0.024541 10.250774 0.001267 0.000029 0.000000 -0.002664
1573040019.124090 0.000000 0.000000 0.021548 10.305243 0.000000 0.000029 0.000000 -0.001808
1573040019.143954 0.000000 0.000000 0.043096 10.211270 0.000000 0.000029 0.000000 -0.001805
1573040019.163904 0.000000 0.000000 0.025139 10.213664 0.000000 0.000029 0.000000 -0.001279
1573040019.184009 0.000000 0.000000 0.007183 10.207080 -0.001325 -0.000000 0.000000 -0.002990
1573040019.203970 0.000000 0.000000 -0.002993 10.244789 -0.001267 -0.000029 0.000000 -0.000248
1573040019.224122 0.000000 0.000000 0.032920 10.248979 0.001325 0.000000 0.000000 -0.002427
1573040019.243958 0.000000 0.000000 0.007781 10.232220 0.001325 0.000029 0.000000 0.000758
1573040019.264099 0.000000 0.000000 0.001796 10.232818 0.000000 0.000029 0.000000 -0.000183
1573040019.284075 0.000000 0.000000 0.016161 10.230424 -0.001267 -0.000000 0.000000 -0.001175
1573040019.303939 0.000000 0.000000 0.023942 10.271724 0.000000 -0.000000 0.000000 -0.002265
1573040019.323913 0.000000 0.000000 0.027533 10.181342 0.000000 -0.000000 0.000000 -0.003374
1573040019.344046 0.000000 0.000000 0.013168 10.203489 0.000000 -0.000000 0.000000 -0.001787
1573040019.364018 0.000000 0.000000 0.002394 10.162189 0.001325 0.000029 0.000000 0.000047
1573040019.383875 0.000000 0.000000 0.019154 10.269928 -0.001267 -0.000000 0.000000 -0.001701
1573040019.403866 0.000000 0.000000 0.008380 10.261548 0.001325 0.000029 0.000000 -0.002122
1573040019.424290 0.000000 0.000000 0.027533 10.215460 0.000000 0.000029 0.000000 -0.002322
1573040019.443952 0.000000 0.000000 -0.005986 10.217256 0.000000 0.000029 0.000000 0.000386
1573040019.463939 0.000000 0.000000 0.023942 10.233417 -0.001267 -0.000000 0.000000 -0.002534
1573040019.483982 0.000000 0.000000 0.022745 10.227431 0.001325 0.000029 0.000000 -0.002898
1573040019.503931 0.000000 0.000000 0.016161 10.183737 0.000000 0.000029 0.000000 -0.001563
1573040019.523973 0.000000 0.000000 0.011372 10.166977 0.000000 0.000029 0.000000 -0.002572
1573040019.544004 0.000000 0.000000 0.014365 10.253169 0.000000 0.000029 0.000000 -0.001444
1573040019.564062 0.000000 0.000000 0.006584 10.245387 -0.001267 -0.000000 0.000000 -0.001364
1573040019.583987 0.000000 0.000000 0.038307 10.244190 0.001325 0.000029 0.000000 -0.003982
1573040019.604067 0.000000 0.000000 0.015562 10.235212 0.000000 0.000029 0.000000 -0.001389
1573040019.624014 0.000000 0.000000 -0.001796 10.230424 -0.001325 -0.000000 0.000000 0.001473
1573040019.644091 0.000000 0.000000 0.031125 10.163386 0.001267 0.000029 0.000000 -0.002549
1573040019.663933 0.000000 0.000000 0.000000 10.215460 -0.001325 -0.000000 0.000000 -0.000692
1573040019.684189 0.000000 0.000000 0.000599 10.214263 0.001325 0.000029 0.000000 -0.000248
1573040019.703949 0.000000 0.000000 0.034716 10.187926 0.000000 0.000029 0.000000 -0.001878
1573040019.723975 0.000000 0.000000 0.002394 10.229227 0.000000 0.000029 0.000000 -0.000290
1573040019.743987 0.000000 0.000000 0.032322 10.265738 0.000000 0.000029 0.000000 -0.002248
1573040019.764236 0.000000 0.000000 0.020949 10.271724 0.000000 0.000029 0.000000 -0.002748
1573040019.784230 0.000000 0.000000 0.041300 10.255563 0.000000 0.000029 0.000000 -0.001842
1573040019.803970 0.000000 0.000000 0.036512 10.213066 -0.001267 -0.000000 0.000000 -0.002274
1573040019.824390 0.000000 0.000000 0.038906 10.250774 -0.001267 -0.000000 0.000000 -0.003431
1573040019.843841 0.000000 0.000000 0.028132 10.231621 0.000000 0.000029 0.000000 -0.002411
1573040019.863819 0.000000 0.000000 0.029329 10.144233 0.000000 0.000029 0.000000 -0.003173
1573040019.883763 0.000000 0.000000 0.017358 10.275913 0.001325 0.000029 0.000000 -0.002894
1573040019.903974 0.000000 0.000000 0.029928 10.241796 0.001325 0.000029 0.000000 -0.003283
1573040019.923956 0.000000 0.000000 0.013168 10.275315 0.000000 -0.000000 0.000000 -0.001165
1573040019.943876 0.000000 0.000000 0.007781 10.285490 0.000000 -0.000000 0.000000 -0.000936
1573040019.963945 0.000000 0.000000 0.014365 10.310630 0.000000 -0.000000 0.000000 -0.000989
1573040019.983983 0.000000 0.000000 0.006584 10.225037 0.001267 0.000029 0.000000 -0.002517
1573040020.004038 0.000000 0.000000 0.000000 10.110714 0.001267 0.000029 0.000000 -0.000078
1573040020.023948 0.000000 0.000000 0.019154 10.234613 -0.001325 -0.000000 0.000000 -0.001204
1573040020.043948 0.000000 0.000000 0.007781 10.268132 -0.001325 -0.000000 0.000000 -0.000762
1573040020.063879 0.000000 0.000000 0.017957 10.233417 0.001267 0.000029 0.000000 -0.003402
1573040020.084008 0.000000 0.000000 0.020351 10.210671 0.001267 0.000029 0.000000 -0.002542
1573040020.104055 0.000000 0.000000 0.000599 10.223840 0.000000 0.000029 0.000000 -0.002604
1573040020.123988 0.000000 0.000000 0.009577 10.169971 0.000000 0.000029 0.000000 -0.000466
1573040020.143903 0.000000 0.000000 0.023942 10.306439 0.000000 0.000029 0.000000 -0.002746
1573040020.164260 0.000000 0.000000 0.009577 10.227431 0.000000 0.000029 0.000000 -0.000839
1573040020.184162 0.000000 0.000000 0.024541 10.172364 0.000000 0.000029 0.000000 -0.002549
1573040020.203973 0.000000 0.000000 0.006584 10.234015 0.000000 0.000029 0.000000 -0.000438
1573040020.224176 0.000000 0.000000 -0.012570 10.205883 0.000000 0.000029 0.000000 0.001187
1573040020.243936 0.000000 0.000000 0.017358 10.170568 0.000000 0.000029 0.000000 -0.002002
1573040020.264014 0.000000 0.000000 0.023343 10.278308 0.000000 0.000029 0.000000 -0.001847
1573040020.284042 0.000000 0.000000 0.026336 10.233417 0.000000 0.000029 0.000000 -0.002714
1573040020.304031 0.000000 0.000000 0.003591 10.148422 0.000000 0.000029 0.000000 -0.002334
1573040020.323986 0.000000 0.000000 -0.009577 10.180145 0.000000 0.000029 0.000000 0.000195
1573040020.344177 0.000000 0.000000 0.030526 10.300454 0.000000 0.000029 0.000000 -0.002665
1573040020.363946 0.000000 0.000000 0.020351 10.205883 0.000000 0.000029 0.000000 -0.002636
1573040020.384018 0.000000 0.000000 0.020949 10.146029 0.000000 0.000029 0.000000 -0.002002
1573040020.404106 0.000000 0.000000 0.020351 10.237008 0.000000 0.000029 0.000000 -0.000733
1573040020.424038 0.000000 0.000000 0.023343 10.210671 0.000000 0.000029 0.000000 -0.000389
1573040020.443923 0.000000 0.000000 0.030526 10.193314 0.000000 0.000029 0.000000 -0.003689
1573040020.463991 0.000000 0.000000 0.032920 10.281301 0.000000 0.000029 0.000000 -0.003498
1573040020.484126 0.000000 0.000000 0.036512 10.225636 0.000000 0.000029 0.000000 -0.003564
1573040020.503980 0.000000 0.000000 0.016161 10.219051 0.001267 0.000029 0.000000 -0.001567
1573040020.524026 0.000000 0.000000 0.019752 10.227431 0.001267 0.000029 0.000000 -0.002588
1573040020.544019 0.000000 0.000000 0.027533 10.208278 0.000000 0.000029 0.000000 -0.001320
1573040020.564344 0.000000 0.000000 0.009577 10.155006 0.000000 0.000029 0.000000 -0.002336
1573040020.583886 0.000000 0.000000 0.037709 10.198102 0.001267 0.000029 0.000000 -0.002050
1573040020.604046 0.000000 0.000000 0.011372 10.270527 0.001267 0.000029 0.000000 -0.003054
1573040020.623982 0.000000 0.000000 0.026336 10.205284 0.001267 0.000029 0.000000 -0.002593
1573040020.643886 0.000000 0.000000 0.021548 10.186729 0.001325 0.000029 0.000000 -0.002097
1573040020.664023 0.000000 0.000000 0.013767 10.244789 0.001325 0.000029 0.000000 -0.001915
1573040020.684002 0.000000 0.000000 0.019154 10.187926 0.000000 0.000029 0.000000 -0.000456
1573040020.704103 0.000000 0.000000 0.008380 10.242394 0.000000 0.000029 0.000000 -0.002921
1573040020.724121 0.000000 0.000000 0.014964 10.280104 -0.001325 -0.000000 0.000000 -0.003253
1573040020.743958 0.000000 0.000000 0.005387 10.166379 -0.001325 -0.000000 0.000000 -0.001497
1573040020.763917 0.000000 0.000000 0.035314 10.208876 0.000000 0.000029 0.000000 -0.003292
1573040020.784004 0.000000 0.000000 0.002993 10.189722 0.000000 0.000029 0.000000 -0.000464
1573040020.804015 0.000000 0.000000 0.016161 10.263344 0.000000 0.000029 0.000000 -0.000418
1573040020.823964 0.000000 0.000000 0.019154 10.210073 0.000000 0.000029 0.000000 -0.003276
1573040020.843958 0.000000 0.000000 0.008978 10.192117 0.000000 0.000029 0.000000 -0.000429
1573040020.864006 0.000000 0.000000 0.004788 10.268132 0.000000 0.000029 0.000000 -0.000201
1573040020.883962 0.000000 0.000000 0.014964 10.213066 0.000000 0.000029 0.000000 -0.001341
1573040020.904039 0.000000 0.000000 0.010774 10.250774 0.000000 0.000029 0.000000 -0.000305
1573040020.923943 0.000000 0.000000 0.004788 10.222044 0.000000 0.000029 0.000000 -0.002221
1573040020.943889 0.000000 0.000000 0.046088 10.219649 0.000000 0.000029 0.000000 -0.004082
1573040020.964307 0.000000 0.000000 0.031723 10.149619 0.000000 0.000029 0.000000 -0.001846
1573040020.984023 0.000000 0.000000 0.019752 10.268132 0.000000 0.000029 0.000000 -0.003406
1573040021.004011 0.000000 0.000000 0.000000 10.271125 0.000000 0.000029 0.000000 -0.001136
1573040021.024040 0.000000 0.000000 0.013767 10.204686 0.000000 0.000029 0.000000 -0.001263
1573040021.043948 0.000000 0.000000 0.031723 10.265140 0.000000 -0.000000 0.000000 -0.002759
1573040021.064059 0.000000 0.000000 0.002993 10.231621 0.000000 -0.000000 0.000000 -0.001058
1573040021.083990 0.000000 0.000000 0.016759 10.198102 0.000000 -0.000000 0.000000 -0.001232
1573040021.104168 0.000000 0.000000 0.025738 10.267534 0.000000 -0.000000 0.000000 -0.000087
1573040021.123961 0.000000 0.000000 0.040103 10.204686 -0.001267 -0.000000 0.000000 -0.002415
1573040021.144158 0.000000 0.000000 0.021548 10.159795 -0.001267 -0.000000 0.000000 -0.001862
1573040021.164013 0.000000 0.000000 0.008380 10.198102 -0.001267 -0.000000 0.000000 0.000355
1573040021.183929 0.000000 0.000000 0.015562 10.232818 0.000000 0.000029 0.000000 -0.001902
1573040021.204039 0.000000 0.000000 0.018555 10.227431 0.000000 0.000029 0.000000 -0.001483
1573040021.223955 0.000000 0.000000 0.015562 10.231621 0.000000 -0.000000 0.000000 -0.002984
1573040021.243933 0.000000 0.000000 0.016161 10.261548 0.000000 -0.000000 0.000000 -0.001709
1573040021.264136 0.000000 0.000000 0.019752 10.201694 0.001325 0.000029 0.000000 -0.002229
1573040021.283983 0.000000 0.000000 0.013168 10.191518 0.001325 0.000029 0.000000 -0.001474
1573040021.303942 0.000000 0.000000 0.013168 10.248381 0.000000 0.000029 0.000000 -0.001653
1573040021.323937 0.000000 0.000000 -0.009577 10.182540 0.000000 0.000029 0.000000 0.000411
1573040021.343907 0.000000 0.000000 0.004788 10.162189 0.000000 0.000029 0.000000 -0.000345
1573040021.364201 0.000000 0.000000 -0.007183 10.253169 0.000000 0.000029 0.000000 -0.000365
1573040021.383913 0.000000 0.000000 0.024541 10.230424 0.000000 0.000029 0.000000 -0.001651
1573040021.404084 0.000000 0.000000 0.016161 10.250175 0.000000 0.000029 0.000000 -0.002400
1573040021.424127 0.000000 0.000000 -0.008978 10.169971 0.000000 0.000029 0.000000 -0.000255
1573040021.444105 0.000000 0.000000 0.035314 10.257957 0.000000 0.000029 0.000000 -0.002220
1573040021.464023 0.000000 0.000000 0.018555 10.169372 0.000000 0.000029 0.000000 -0.002937
1573040021.483978 0.000000 0.000000 0.010774 10.238804 0.000000 0.000029 0.000000 -0.001251
1573040021.504111 0.000000 0.000000 0.028730 10.217256 0.000000 0.000029 0.000000 -0.001209
1573040021.524004 0.000000 0.000000 0.011971 10.232818 0.000000 -0.000000 0.000000 -0.001793
1573040021.544012 0.000000 0.000000 0.032920 10.250774 0.000000 -0.000000 0.000000 -0.001643
1573040021.563914 0.000000 0.000000 -0.011971 10.289082 0.000000 0.000029 0.000000 -0.000132
1573040021.583966 0.000000 0.000000 0.016161 10.279505 0.000000 0.000029 0.000000 -0.001590
1573040021.604033 0.000000 0.000000 0.044293 10.211868 0.000000 0.000029 0.000000 -0.002981
1573040021.623943 0.000000 0.000000 -0.018555 10.174160 -0.001325 -0.000000 0.000000 -0.000185
1573040021.643996 0.000000 0.000000 0.008978 10.222643 -0.001325 -0.000000 0.000000 -0.000933
1573040021.663918 0.000000 0.000000 0.025139 10.199898 -0.001325 -0.000000 0.000000 -0.002399
1573040021.683981 0.000000 0.000000 0.014365 10.259752 -0.001325 -0.000000 0.000000 -0.001119
1573040021.704041 0.016000 0.000000 0.016161 10.242993 -0.001325 -0.000000 0.000000 -0.001572
1573040021.724032 0.032000 0.016000 0.023942 10.286089 -0.001325 -0.000000 0.000000 -0.003505
1573040021.743927 0.048000 0.032000 0.010774 10.306439 0.000000 -0.000000 0.000000 -0.001528
1573040021.764021 0.064000 0.048000 0.011971 10.262147 0.000000 -0.000000 0.000000 -0.002707
1573040021.783944 0.080000 0.064000 0.052672 10.233417 0.000000 -0.000000 0.000000 -0.004652
1573040021.803978 0.096000 0.080000 0.676961 10.301053 0.000000 0.000029 0.000000 -0.007798
1573040021.824070 0.112000 0.096000 0.934337 10.353725 0.000000 0.000029 -0.008514 -0.011264
1573040021.843973 0.128000 0.112000 1.381454 10.242993 0.013939 0.000350 -0.009578 -0.013373
1573040021.863935 0.144000 0.128000 1.352125 10.366893 0.013939 0.000350 -0.010642 -0.018102
1573040021.884155 0.160000 0.144000 1.103128 10.106524 0.055642 0.002244 0.000000 -0.021592
1573040021.903918 0.176000 0.160000 1.110311 9.949105 0.055642 0.002244 -0.005321 -0.026030
1573040021.923944 0.192000 0.176000 1.012747 10.223241 0.104659 0.006266 -0.008514 -0.030641
1573040021.943980 0.208000 0.192000 0.808043 10.254964 0.104659 0.006266 -0.009578 -0.035257
1573040021.963968 0.224000 0.208000 0.526724 10.034100 0.140659 0.012270 -0.007449 -0.039716
1573040021.983978 0.240000 0.224000 0.703297 10.330381 0.140659 0.012270 0.000000 -0.044167
1573040022.003970 0.256000 0.240000 0.691326 10.460267 0.140659 0.012270 0.040440 -0.047253
1573040022.023859 0.272000 0.256000 0.660201 9.992799 0.170899 0.019557 0.035119 -0.049334
1573040022.044066 0.288000 0.272000 0.925359 10.256162 0.170899 0.019557 0.020220 -0.051100
1573040022.063963 0.304000 0.288000 0.943315 10.311827 0.200045 0.027892 0.000000 -0.054918
1573040022.084013 0.320000 0.304000 0.825401 10.375872 0.200045 0.027892 -0.014899 -0.057843
1573040022.104301 0.336000 0.320000 0.864905 10.684125 0.247738 0.038297 -0.014899 -0.061038
1573040022.124164 0.352000 0.336000 0.964863 9.742605 0.247738 0.038297 -0.023412 -0.059760
1573040022.143900 0.368000 0.352000 1.023521 11.119869 0.283508 0.050335 0.019156 -0.062307
1573040022.164003 0.384000 0.368000 0.785897 9.090784 0.283508 0.050335 0.059595 -0.064620
1573040022.183942 0.400000 0.384000 0.674566 11.036073 0.302055 0.063363 0.000000 -0.061533
1573040022.204044 0.400000 0.400000 0.319027 10.729016 0.302055 0.063363 -0.023412 -0.058595
1573040022.224309 0.400000 0.400000 0.490213 9.564836 0.302055 0.063363 -0.024477 -0.058546
1573040022.243950 0.400000 0.400000 1.420360 12.113463 0.330740 0.078343 0.017027 -0.062188
1573040022.263975 0.400000 0.400000 0.431555 8.984840 0.330740 0.078343 0.071301 -0.062173
1573040022.283927 0.400000 0.400000 -0.009577 9.931149 0.368295 0.094374 -0.008514 -0.059366
1573040022.303990 0.400000 0.400000 0.267552 9.566032 0.368295 0.094374 -0.032990 -0.057325
1573040022.324042 0.400000 0.400000 1.029507 11.149199 0.404065 0.111803 0.008514 -0.061794
1573040022.343973 0.400000 0.400000 0.165200 9.326612 0.404065 0.111803 0.077687 -0.058261
1573040022.363980 0.400000 0.400000 -0.084994 11.086949 0.381428 0.129377 -0.054274 -0.054152
1573040022.384081 0.400000 0.400000 -0.211887 9.722255 0.381428 0.129377 -0.041504 -0.051349
1573040022.404125 0.400000 0.400000 -0.077812 12.056601 0.409364 0.147593 0.044696 -0.051272
1573040022.423957 0.400000 0.400000 0.136469 9.710882 0.409364 0.147593 0.051082 -0.047640
1573040022.444006 0.400000 0.400000 0.223259 12.362460 0.409364 0.147593 -0.039375 -0.045039
1573040022.463916 0.400000 0.400000 -0.410606 10.387842 0.410689 0.165372 -0.053210 -0.043643
1573040022.483994 0.400000 0.400000 0.509965 9.513959 0.410689 0.165372 -0.015963 -0.042241
1573040022.504220 0.400000 0.400000 -0.113126 11.614871 0.402740 0.183268 0.064916 -0.040501
1573040022.523970 0.400000 0.400000 -0.435745 9.026739 0.402740 0.183268 -0.022348 -0.035889
1573040022.544014 0.400000 0.400000 0.143652 9.176975 0.412013 0.200959 -0.038311 -0.033528
1573040022.564071 0.400000 0.400000 0.384868 10.447099 0.412013 0.200959 0.018091 -0.033557
1573040022.584027 0.400000 0.400000 0.253785 11.660360 0.382695 0.218650 -0.017027 -0.031855
1573040022.604009 0.400000 0.400000 -0.024541 10.415975 0.382695 0.218650 -0.041504 -0.029882
1573040022.624085 0.400000 0.400000 0.032920 9.590573 0.414663 0.236662 -0.027669 -0.028455
1573040022.643955 0.400000 0.400000 0.496797 10.205284 0.414663 0.236662 0.035119 -0.028677
1573040022.663910 0.400000 0.400000 -0.347758 9.543288 0.414663 0.236662 0.074494 -0.026871
1573040022.684011 0.400000 0.400000 -0.325013 9.500193 0.400090 0.254412 0.009578 -0.023546
1573040022.704071 0.400000 0.400000 -0.580594 9.009979 0.400090 0.254412 -0.013835 -0.020073
1573040022.724066 0.400000 0.400000 0.314239 10.237606 0.409364 0.272424 -0.022348 -0.018057
1573040022.743992 0.400000 0.400000 0.580594 9.460688 0.409364 0.272424 0.010642 -0.016154
1573040022.763988 0.400000 0.400000 0.186748 11.492766 0.400090 0.290115 -0.037247 -0.015263
1573040022.783910 0.400000 0.400000 -0.300472 12.414535 0.400090 0.290115 -0.045761 -0.014622
1573040022.804049 0.400000 0.400000 0.005387 9.854534 0.386497 0.307836 0.000000 -0.013995
1573040022.823913 0.400000 0.400000 0.143054 9.394249 0.386497 0.307836 0.007449 -0.014724
1573040022.844261 0.400000 0.400000 0.305859 9.937134 0.394791 0.325236 0.000000 -0.016452
1573040022.863942 0.400000 0.400000 0.029928 10.347739 0.394791 0.325236 -0.025541 -0.015133
1573040022.883973 0.400000 0.400000 0.108936 8.593987 0.394791 0.325236 0.010642 -0.018673
1573040022.904078 0.400000 0.400000 -0.010774 10.171765 0.396116 0.342898 0.062788 -0.018173
1573040022.923989 0.400000 0.400000 0.269946 10.224438 0.396116 0.342898 -0.005321 -0.016307
1573040022.944002 0.400000 0.400000 -0.345364 12.315175 0.395367 0.360618 -0.004257 -0.013870
1573040022.964018 0.400000 0.400000 0.277129 10.089166 0.395367 0.360618 -0.023412 -0.015011
1573040022.983854 0.400000 0.400000 0.560842 9.111733 0.397441 0.378222 0.046825 -0.015943
1573040023.003952 0.400000 0.400000 -0.228646 11.294646 0.397441 0.378222 -0.008514 -0.017124
1573040023.023890 0.400000 0.400000 0.204106 12.043433 0.404065 0.395826 -0.013835 -0.014260
1573040023.044234 0.400000 0.400000 0.426168 11.276690 0.404065 0.395826 0.039375 -0.012637
1573040023.063907 0.400000 0.400000 0.314239 8.335413 0.378893 0.413372 0.048953 -0.012870
1573040023.083960 0.400000 0.400000 0.511162 9.800665 0.378893 0.413372 -0.032990 -0.011136
1573040023.103901 0.400000 0.400000 0.237026 9.339182 0.378893 0.413372 -0.017027 -0.012240
1573040023.124084 0.400000 0.400000 0.404620 11.815984 0.415988 0.431355 0.000000 -0.010330
1573040023.144025 0.400000 0.400000 0.521936 9.094974 0.415988 0.431355 0.051082 -0.012443
1573040023.163970 0.400000 0.400000 -0.291494 11.277288 0.400090 0.449046 0.010642 -0.009969
1573040023.184251 0.400000 0.400000 0.120309 9.922769 0.400090 0.449046 0.000000 -0.007592
1573040023.204008 0.400000 0.400000 0.415993 11.447875 0.408039 0.467116 0.038311 -0.005880
1573040023.223991 0.400000 0.400000 -0.785298 10.186131 0.408039 0.467116 0.024477 -0.003140
1573040023.244137 0.400000 0.400000 0.169988 10.640430 0.408039 0.484866 -0.031926 -0.005029
1573040023.264243 0.400000 0.400000 0.274136 9.689933 0.408039 0.484866 -0.006385 -0.005351
1573040023.284212 0.400000 0.400000 0.202310 12.641385 0.408039 0.484866 0.028733 -0.006966
1573040023.304143 0.400000 0.400000 0.044891 8.387487 0.394791 0.502616 0.042568 -0.007620
1573040023.324056 0.400000 0.400000 -0.121506 11.990162 0.394791 0.502616 0.011706 -0.007616
1573040023.344080 0.400000 0.400000 -0.011971 10.280104 0.410689 0.520511 -0.011706 -0.006226
1573040023.364042 0.400000 0.400000 0.202310 13.700819 0.410689 0.520511 0.017027 -0.007457
1573040023.383972 0.400000 0.400000 -0.347758 8.813056 0.400090 0.538202 0.050017 -0.003036
1573040023.403980 0.400000 0.400000 -0.565630 10.657788 0.400090 0.538202 -0.005321 -0.004469
1573040023.423897 0.400000 0.400000 -0.121506 9.458294 0.394100 0.555952 0.000000 -0.002748
1573040023.444132 0.400000 0.400000 -0.106542 12.518084 0.394100 0.555952 0.018091 -0.002787
1573040023.463967 0.400000 0.400000 -0.141856 8.986037 0.396116 0.573410 0.052146 -0.002102
1573040023.484257 0.400000 0.400000 -0.140659 10.126875 0.396116 0.573410 -0.026605 -0.000833
1573040023.503966 0.400000 0.400000 0.110732 9.625888 0.396116 0.573410 -0.024477 0.000465
1573040023.523981 0.400000 0.400000 1.097143 11.332953 0.405389 0.591218 0.006385 0.002403
1573040023.544065 0.400000 0.400000 -0.017957 9.816227 0.405389 0.591218 0.061724 0.004228
1573040023.564013 0.400000 0.400000 -0.282516 11.048043 0.397441 0.608793 -0.034054 0.007227
1573040023.584243 0.400000 0.400000 -0.303465 8.807670 0.397441 0.608793 -0.022348 0.007174
1573040023.604073 0.400000 0.400000 0.741604 10.178349 0.402740 0.626601 0.040440 0.004025
1573040023.624051 0.400000 0.400000 0.169988 10.293271 0.402740 0.626601 0.023412 0.002911
1573040023.644101 0.400000 0.400000 -0.052672 11.314997 0.401415 0.644205 -0.007449 0.003511
1573040023.663904 0.400000 0.400000 0.172981 9.353547 0.401415 0.644205 0.010642 0.001147
1573040023.683906 0.400000 0.400000 0.383671 10.283096 0.408039 0.662187 0.012770 0.001136
1573040023.704097 0.400000 0.400000 0.505177 11.737574 0.408039 0.662187 0.038311 -0.000086
1573040023.724100 0.400000 0.400000 -0.672172 9.484630 0.408039 0.662187 0.005321 0.004201
1573040023.744081 0.400000 0.400000 -0.002993 10.123283 0.412013 0.679966 -0.011706 0.006667
1573040023.763979 0.400000 0.400000 0.368109 8.662222 0.412013 0.679966 -0.004257 0.002286
1573040023.784013 0.400000 0.400000 0.211288 11.935694 0.389031 0.697774 0.007449 0.001527
1573040023.804094 0.400000 0.400000 -0.389656 10.619481 0.389031 0.697774 -0.029798 0.003239
1573040023.823880 0.400000 0.400000 -0.151433 10.211270 0.406714 0.715581 0.000000 0.001075
1573040023.844015 0.400000 0.400000 0.049680 10.468647 0.406714 0.715581 0.050017 -0.001589
1573040023.863979 0.400000 0.400000 -0.284910 10.317213 0.396116 0.733331 0.027669 -0.000163
1573040023.884062 0.400000 0.400000 -0.167594 9.078214 0.396116 0.733331 -0.029798 0.001376
1573040023.904254 0.400000 0.400000 -0.244209 10.477027 0.406714 0.751343 -0.036183 0.004138
1573040023.924063 0.400000 0.400000 0.025139 8.251018 0.406714 0.751343 -0.019156 0.000965
1573040023.944056 0.400000 0.400000 0.223858 12.350490 0.406714 0.751343 0.023412 -0.001380
1573040023.963955 0.400000 0.400000 -0.193332 10.075399 0.401415 0.769092 -0.034054 0.000656
1573040023.984055 0.400000 0.400000 -0.044891 10.901998 0.401415 0.769092 -0.032990 0.001670
1573040024.004006 0.400000 0.400000 -0.077213 9.958083 0.383962 0.786813 0.004257 0.001063
1573040024.024057 0.400000 0.400000 -0.259771 10.964247 0.383962 0.786813 -0.020220 0.004264
1573040024.044098 0.400000 0.400000 -0.129885 9.094974 0.396116 0.804358 -0.007449 0.003140
1573040024.063955 0.400000 0.400000 0.671574 11.170747 0.396116 0.804358 -0.027669 -0.000180
1573040024.083992 0.400000 0.400000 0.030526 9.433154 0.398765 0.821991 0.026605 -0.001149
1573040024.104142 0.400000 0.400000 0.514155 10.581174 0.398765 0.821991 0.050017 -0.002274
1573040024.124059 0.400000 0.400000 0.284311 10.763732 0.398765 0.821991 -0.009578 -0.003975
1573040024.144056 0.400000 0.400000 -0.114323 10.472836 0.395367 0.839653 0.005321 -0.003179
1573040024.164134 0.400000 0.400000 0.044293 10.133458 0.395367 0.839653 -0.007449 -0.001420
1573040024.184054 0.400000 0.400000 0.059256 9.977237 0.398765 0.857286 0.005321 0.000552
1573040024.203992 0.400000 0.400000 -0.413000 10.172963 0.398765 0.857286 -0.037247 0.000900
1573040024.224049 0.400000 0.400000 0.235230 10.111312 0.401415 0.875036 -0.010642 0.002146
1573040024.244277 0.400000 0.400000 -0.023942 10.444106 0.401415 0.875036 0.020220 0.003260
1573040024.263973 0.400000 0.400000 -0.036512 9.601347 0.392141 0.892464 -0.020220 0.002713
1573040024.283945 0.400000 0.400000 0.295684 9.257779 0.392141 0.892464 -0.059595 0.002127
1573040024.304019 0.400000 0.400000 0.243610 11.319785 0.402740 0.910360 -0.036183 0.001043
1573040024.324019 0.400000 0.400000 0.921169 9.991602 0.402740 0.910360 -0.008514 -0.003404
1573040024.344161 0.400000 0.400000 0.283713 9.901221 0.402740 0.910360 0.040440 -0.004803
1573040024.363916 0.400000 0.400000 -0.265158 11.273697 0.397441 0.927993 -0.026605 -0.001446
1573040024.383940 0.400000 0.400000 -0.447117 9.579201 0.397441 0.927993 -0.032990 -0.003151
1573040024.404248 0.400000 0.400000 -0.114323 10.034698 0.409364 0.946121 0.030862 -0.003965
1573040024.424116 0.400000 0.400000 -0.272939 7.893085 0.409364 0.946121 -0.042568 -0.000245
1573040024.444455 0.400000 0.400000 -0.096367 10.634445 0.409364 0.963812 -0.043632 0.001716
1573040024.463976 0.400000 0.400000 0.309451 9.220071 0.409364 0.963812 -0.026605 -0.001795
1573040024.484112 0.400000 0.400000 0.519542 12.691065 0.376359 0.981503 0.043632 -0.002415
1573040024.505232 0.400000 0.400000 -0.080206 9.752781 0.376359 0.981503 -0.012770 -0.000015
1573040024.523971 0.400000 0.400000 0.164601 12.027870 0.410689 0.999457 -0.048953 -0.000774
1573040024.543962 0.400000 0.400000 0.325611 9.220071 0.410689 0.999457 -0.040440 -0.001526
1573040024.564115 0.400000 0.400000 0.704494 12.614450 0.410689 0.999457 0.039375 -0.002518
1573040024.584237 0.400000 0.400000 -0.411803 8.917204 0.392141 1.016915 0.000000 0.002370
1573040024.603934 0.400000 0.400000 -0.902614 11.900379 0.392141 1.016915 -0.011706 0.001685
1573040024.623993 0.400000 0.400000 -0.161010 7.410653 0.381428 1.034635 -0.023412 0.001115
1573040024.643965 0.400000 0.400000 0.228646 13.339893 0.381428 1.034635 0.000000 -0.000406
1573040024.664022 0.400000 0.400000 -0.845153 8.291718 0.396116 1.052151 -0.025541 0.000956
1573040024.684797 0.400000 0.400000 0.027533 11.112088 0.396116 1.052151 -0.070237 0.000230
1573040024.704110 0.400000 0.400000 0.381277 10.570999 0.409364 1.070017 -0.063852 -0.000185
1573040024.723941 0.400000 0.400000 1.413776 11.828553 0.409364 1.070017 0.020220 -0.004937
1573040024.743920 0.400000 0.400000 -0.572813 10.894217 0.409364 1.070017 0.061724 -0.003019
1573040024.764213 0.400000 0.400000 -0.043694 10.821193 0.400090 1.087533 -0.058531 -0.001394
1573040024.783976 0.400000 0.400000 0.970250 9.749189 0.400090 1.087533 -0.031926 -0.000446
1573040024.804131 0.400000 0.400000 0.418985 11.510124 0.404065 1.105487 0.070237 -0.001250
1573040024.823971 0.400000 0.400000 0.150835 8.713696 0.404065 1.105487 -0.025541 -0.000694
1573040024.844011 0.400000 0.400000 0.294487 10.152014 0.408039 1.123119 -0.057467 -0.000545
1573040024.863924 0.400000 0.400000 0.766145 9.452308 0.408039 1.123119 0.004257 -0.003235
1573040024.884258 0.400000 0.400000 0.125097 11.283873 0.401415 1.140985 0.043632 -0.003807
1573040024.904307 0.400000 0.400000 -0.047285 11.205462 0.401415 1.140985 0.000000 -0.002851
1573040024.924064 0.400000 0.400000 -0.320224 8.902839 0.413338 1.158792 -0.064916 -0.000224
1573040024.944020 0.400000 0.400000 0.460285 9.461884 0.413338 1.158792 -0.040440 -0.001277
1573040024.964158 0.400000 0.400000 0.260369 9.621698 0.413338 1.158792 0.014899 -0.004555
1573040024.984123 0.400000 0.400000 -0.046088 9.648034 0.400090 1.176570 -0.028733 -0.006516
1573040025.004313 0.400000 0.400000 0.251990 11.125257 0.400090 1.176570 -0.050017 -0.006765
1573040025.024490 0.400000 0.400000 0.970849 10.681132 0.405389 1.194523 -0.006385 -0.009742
1573040025.044039 0.400000 0.400000 -0.289698 10.125677 0.405389 1.194523 0.058531 -0.008179
1573040025.064161 0.400000 0.400000 0.057461 10.193913 0.380161 1.212214 -0.068109 -0.005947
1573040025.084001 0.400000 0.400000 -0.258574 10.119093 0.380161 1.212214 -0.060659 -0.006107
1573040025.104038 0.400000 0.400000 -0.003591 9.721057 0.408039 1.230283 -0.051082 -0.005954
1573040025.124176 0.400000 0.400000 0.382474 9.755175 0.408039 1.230283 0.000000 -0.009266
1573040025.144118 0.400000 0.400000 -0.100556 9.078214 0.400090 1.247770 -0.011706 -0.010676
1573040025.163985 0.400000 0.400000 -0.016759 13.328521 0.400090 1.247770 -0.044696 -0.008238
1573040025.184116 0.400000 0.400000 0.329203 10.438121 0.400090 1.247770 -0.028733 -0.007415
1573040025.204063 0.400000 0.400000 0.267552 12.161946 0.383962 1.265607 0.017027 -0.009333
1573040025.223994 0.384000 0.400000 0.007183 9.151835 0.383962 1.265607 -0.005321 -0.008218
1573040025.243933 0.368000 0.384000 0.140061 9.691729 0.402740 1.283093 -0.024477 -0.007501
1573040025.263974 0.352000 0.368000 0.565032 10.802039 0.402740 1.283093 -0.023412 -0.009905
1573040025.284059 0.336000 0.352000 0.403423 9.847351 0.393466 1.300609 0.061724 -0.012781
1573040025.304130 0.320000 0.336000 -0.565630 9.537302 0.393466 1.300609 0.005321 -0.012374
1573040025.324199 0.304000 0.320000 -0.514753 11.448474 0.373825 1.317979 0.000000 -0.011527
1573040025.344022 0.288000 0.304000 -1.227028 9.895235 0.373825 1.317979 0.000000 -0.008997
1573040025.363985 0.272000 0.288000 -0.560243 9.784504 0.373825 1.317979 0.000000 -0.005360
1573040025.384114 0.256000 0.272000 -1.269525 9.926959 0.352397 1.333951 0.034054 -0.000474
1573040025.404021 0.240000 0.256000 -1.277307 11.054627 0.352397 1.333951 -0.027669 0.003267
1573040025.424013 0.224000 0.240000 -0.609923 10.906187 0.309197 1.348348 -0.019156 0.006779
1573040025.443907 0.208000 0.224000 -0.356137 10.050260 0.309197 1.348348 -0.008514 0.010627
1573040025.463972 0.192000 0.208000 -0.808043 9.947309 0.275559 1.360880 0.021284 0.011817
1573040025.483962 0.176000 0.192000 -0.359130 9.549273 0.275559 1.360880 -0.015963 0.014213
1573040025.503988 0.160000 0.176000 -0.262165 10.305243 0.243303 1.372247 -0.038311 0.015638
1573040025.524126 0.144000 0.160000 -0.675763 9.937134 0.243303 1.372247 -0.022348 0.018422
1573040025.543967 0.128000 0.144000 -1.091157 10.039486 0.243303 1.372247 -0.008514 0.021833
1573040025.563953 0.112000 0.128000 -0.879271 10.140641 0.210643 1.381981 -0.012770 0.026033
1573040025.584098 0.096000 0.112000 -0.521936 10.743980 0.210643 1.381981 0.000000 0.029837
1573040025.603943 0.080000 0.096000 -0.241814 10.602722 0.155866 1.389850 0.017027 0.032341
1573040025.623940 0.064000 0.080000 -0.292691 10.265140 0.155866 1.389850 0.026605 0.032418
1573040025.644205 0.048000 0.064000 -0.545878 10.100538 0.139104 1.396291 0.000000 0.033490
1573040025.664094 0.032000 0.048000 -0.800860 10.440515 0.139104 1.396291 0.000000 0.036956
1573040025.684284 0.016000 0.032000 -0.806846 10.159795 0.103911 1.401479 0.000000 0.039946
1573040025.703984 0.000000 0.016000 -0.890643 10.232818 0.103911 1.401479 -0.008514 0.041869
1573040025.723888 0.000000 0.000000 -1.015141 10.101735 0.066240 1.404918 -0.006385 0.045166
1573040025.743932 0.000000 0.000000 -0.908001 10.382456 0.066240 1.404918 -0.009578 0.049388
1573040025.763969 0.000000 0.000000 -0.733823 10.393229 0.066240 1.404918 -0.006385 0.053631
1573040025.783959 0.000000 0.000000 -0.521936 10.131064 0.022810 1.406375 0.000000 0.053153
1573040025.803979 0.000000 0.000000 -0.060454 10.250175 0.022810 1.406375 -0.004257 0.048716
1573040025.823959 0.000000 0.000000 0.333393 10.200496 0.000000 1.406521 -0.005321 0.044173
1573040025.843964 0.000000 0.000000 0.336385 10.137649 0.000000 1.406521 0.000000 0.039745
1573040025.864159 0.000000 0.000000 0.262764 10.131663 -0.002534 1.406404 0.000000 0.035320
1573040025.884128 0.000000 0.000000 0.247800 10.080188 -0.002534 1.406404 0.000000 0.034307
1573040025.904198 0.000000 0.000000 0.137667 10.214263 0.001325 1.406433 0.000000 0.029906
1573040025.923949 0.000000 0.000000 0.118513 10.133458 0.001325 1.406433 0.000000 0.026535
1573040025.943975 0.000000 0.000000 0.155623 10.169971 -0.001267 1.406433 0.000000 0.022096
1573040025.964126 0.000000 0.000000 0.195127 10.176554 -0.001267 1.406433 0.000000 0.017644
1573040025.983973 0.000000 0.000000 0.149638 10.256162 -0.001267 1.406433 0.000000 0.013197
1573040026.004067 0.000000 0.000000 0.191536 10.262147 -0.001325 1.406433 0.000000 0.008775
1573040026.023991 0.000000 0.000000 0.229843 10.221445 -0.001325 1.406433 0.000000 0.004345
1573040026.044128 0.000000 0.000000 0.178967 10.249578 0.000000 1.406433 0.000000 -0.000037
1573040026.064037 0.000000 0.000000 0.148441 10.253169 0.000000 1.406433 0.000000 -0.003434
1573040026.084066 0.000000 0.000000 0.153229 10.244789 -0.001325 1.406433 0.000000 -0.005428
1573040026.104000 0.000000 0.000000 0.156222 10.226233 -0.001325 1.406433 0.000000 -0.009798
1573040026.123968 0.000000 0.000000 0.156820 10.170568 -0.001325 1.406462 0.000000 -0.013105
1573040026.143968 0.000000 0.000000 0.235230 10.289680 -0.001325 1.406433 0.000000 -0.017308
1573040026.163943 0.000000 0.000000 0.226851 10.227431 -0.001325 1.406433 0.000000 -0.021374
1573040026.183960 0.000000 0.000000 0.169988 10.265140 0.000000 1.406433 0.000000 -0.018419
1573040026.204062 0.000000 0.000000 0.138864 10.201694 0.000000 1.406433 0.000000 -0.015680
1573040026.223993 0.000000 0.000000 0.126893 10.172364 0.000000 1.406433 0.000000 -0.015720
1573040026.243939 0.000000 0.000000 0.155025 10.240599 0.000000 1.406433 0.000000 -0.016223
1573040026.263835 0.000000 0.000000 0.220267 10.245387 0.000000 1.406433 0.000000 -0.019454
1573040026.283949 0.000000 0.000000 0.225653 10.213066 0.000000 1.406433 0.000000 -0.021393
1573040026.304120 0.000000 0.000000 0.179565 10.225636 0.001267 1.406462 0.000000 -0.018705
1573040026.323953 0.000000 0.000000 0.152630 10.211868 0.001267 1.406462 0.000000 -0.016762
1573040026.344190 0.000000 0.000000 0.143652 10.260950 0.000000 1.406433 0.000000 -0.014239
1573040026.363926 0.000000 0.000000 0.172981 10.242394 0.000000 1.406433 0.000000 -0.016856
1573040026.383962 0.000000 0.000000 0.196923 10.279505 0.000000 1.406433 0.000000 -0.017901
1573040026.403987 0.000000 0.000000 0.226851 10.238804 0.001325 1.406462 0.000000 -0.021158
1573040026.423985 0.000000 0.000000 0.161609 10.250175 0.001325 1.406462 0.000000 -0.017606
1573040026.444031 0.000000 0.000000 0.168193 10.210073 0.000000 1.406433 0.000000 -0.016411
1573040026.463941 0.000000 0.000000 0.178967 10.228029 0.000000 1.406433 0.000000 -0.017572
1573040026.483984 0.000000 0.000000 0.174178 10.223840 0.000000 1.406433 0.000000 -0.016733
1573040026.504044 0.000000 0.000000 0.177171 10.214263 0.000000 1.406433 0.000000 -0.017386
1573040026.524082 0.000000 0.000000 0.193332 10.248381 0.000000 1.406433 0.000000 -0.017171
1573040026.544149 0.000000 0.000000 0.187945 10.263344 0.000000 1.406433 0.000000 -0.017608
1573040026.564360 0.000000 0.000000 0.145448 10.241198 0.001325 1.406462 0.000000 -0.018874
1573040026.584011 0.000000 0.000000 0.193930 10.223241 0.001325 1.406462 0.000000 -0.018442
1573040026.604070 0.000000 0.000000 0.166397 10.196905 0.001325 1.406462 0.000000 -0.016018
1573040026.623883 0.000000 0.000000 0.190339 10.210671 0.000000 1.406433 0.000000 -0.017997
1573040026.644192 0.000000 0.000000 0.214281 10.201694 0.000000 1.406433 0.000000 -0.020110
1573040026.664109 0.000000 0.000000 0.214880 10.219649 0.000000 1.406433 0.000000 -0.021858
1573040026.684034 0.000000 0.000000 0.211288 10.242394 0.000000 1.406433 0.000000 -0.020750
1573040026.704068 0.000000 0.000000 0.195127 10.251373 0.000000 1.406433 0.000000 -0.020722
1573040026.724027 0.000000 0.000000 0.163404 10.315418 0.000000 1.406433 0.000000 -0.016489
1573040026.743943 0.000000 0.000000 0.178368 10.231022 -0.001267 1.406433 0.000000 -0.018332
1573040026.764130 0.000000 0.000000 0.176572 10.213664 -0.001267 1.406433 0.000000 -0.020055
1573040026.784124 0.000000 0.000000 0.163404 10.229825 -0.001267 1.406433 0.000000 -0.017897
1573040026.804137 0.000000 0.000000 0.180164 10.146626 0.002650 1.406492 0.000000 -0.017649
1573040026.824027 0.000000 0.000000 0.169988 10.227431 0.002650 1.406492 0.000000 -0.016219
1573040026.844005 0.000000 0.000000 0.153827 10.213066 0.000000 1.406433 0.000000 -0.016982
1573040026.864000 0.000000 0.000000 0.188543 10.235810 0.000000 1.406433 0.000000 -0.019235
1573040026.884173 0.000000 0.000000 0.183156 10.242993 0.000000 1.406433 0.000000 -0.018948
1573040026.903979 0.000000 0.000000 0.178368 10.269928 0.000000 1.406433 0.000000 -0.017128
1573040026.924132 0.000000 0.000000 0.156820 10.229825 0.000000 1.406433 0.000000 -0.015112
1573040026.944035 0.000000 0.000000 0.143652 10.233417 0.000000 1.406433 0.000000 -0.016800
1573040026.964070 0.000000 0.000000 0.164601 10.188525 0.000000 1.406433 0.000000 -0.016168
1573040026.984081 0.000000 0.000000 0.193930 10.220847 0.000000 1.406433 0.000000 -0.018176
1573040027.003939 0.000000 0.000000 0.183156 10.229227 0.000000 1.406433 0.000000 -0.019407
1573040027.024002 0.000000 0.000000 0.190938 10.193913 0.000000 1.406433 0.000000 -0.018725
1573040027.044254 0.000000 0.000000 0.171185 10.260950 0.000000 1.406433 0.000000 -0.016660
1573040027.063902 0.000000 0.000000 0.175375 10.269928 0.000000 1.406462 0.000000 -0.015925
1573040027.084111 0.000000 0.000000 0.183156 10.225636 0.000000 1.406462 0.000000 -0.017280
1573040027.104194 0.000000 0.000000 0.180762 10.250774 0.000000 1.406462 0.000000 -0.016532
1573040027.124118 0.000000 0.000000 0.187945 10.210671 0.000000 1.406462 0.000000 -0.015615
1573040027.143994 0.000000 0.000000 0.167594 10.222044 0.002650 1.406492 0.000000 -0.017442
1573040027.163963 0.000000 0.000000 0.180762 10.169372 0.002650 1.406492 0.000000 -0.018309
1573040027.184026 0.000000 0.000000 0.188543 10.172963 0.002650 1.406492 0.000000 -0.018143
1573040027.204073 0.000000 0.000000 0.183755 10.196306 0.000000 1.406433 0.000000 -0.017931
1573040027.223995 0.000000 0.000000 0.166397 10.215460 0.000000 1.406433 0.000000 -0.018345
1573040027.243964 0.000000 0.000000 0.174777 10.217854 0.000000 1.406433 0.000000 -0.016872
1573040027.264018 0.000000 0.000000 0.198719 10.187926 0.000000 1.406433 0.000000 -0.020035
1573040027.283906 0.000000 0.000000 0.168791 10.256162 0.002534 1.406492 0.000000 -0.018350
1573040027.304016 0.000000 0.000000 0.189142 10.205284 0.002534 1.406492 0.000000 -0.018794
1573040027.324125 0.000000 0.000000 0.195726 10.186131 0.000000 1.406433 0.000000 -0.019713
1573040027.343983 0.000000 0.000000 0.220865 10.192715 0.000000 1.406433 0.000000 -0.018178
1573040027.364063 0.000000 0.000000 0.198719 10.215460 0.001267 1.406462 0.000000 -0.017621
1573040027.384074 0.000000 0.000000 0.174777 10.175956 0.001267 1.406462 0.000000 -0.019270
1573040027.404044 0.000000 0.000000 0.194529 10.287286 0.001267 1.406462 0.000000 -0.017639
1573040027.424513 0.000000 0.000000 0.189142 10.271125 0.000000 1.406433 0.000000 -0.018701
1573040027.443955 0.000000 0.000000 0.171185 10.221445 0.000000 1.406433 0.000000 -0.017132
1573040027.464043 0.000000 0.000000 0.195127 10.275315 -0.001267 1.406433 0.000000 -0.016906
1573040027.484021 0.000000 0.000000 0.184952 10.258555 -0.001267 1.406433 0.000000 -0.017900
1573040027.504020 0.000000 0.000000 0.179565 10.204087 -0.001325 1.406433 0.000000 -0.017265
1573040027.524169 0.000000 0.000000 0.194529 10.223840 -0.001325 1.406433 0.000000 -0.018828
1573040027.544005 0.000000 0.000000 0.183156 10.186131 -0.002534 1.406433 0.000000 -0.017244
1573040027.564077 0.000000 0.000000 0.192733 10.189124 -0.002534 1.406433 0.000000 -0.019532
1573040027.584035 0.000000 0.000000 0.165798 10.248381 -0.002534 1.406433 0.000000 -0.016009
1573040027.604184 0.000000 0.000000 0.204704 10.278906 -0.001325 1.406433 0.000000 -0.018579
1573040027.623962 0.000000 0.000000 0.212485 10.305243 -0.001325 1.406433 0.000000 -0.018743
1573040027.644062 0.000000 0.000000 0.178967 10.195109 0.001325 1.406462 0.000000 -0.017559
1573040027.664064 0.000000 0.000000 0.172383 10.236409 0.001325 1.406462 0.000000 -0.016089
1573040027.683875 0.000000 0.000000 0.178967 10.211868 -0.001325 1.406433 0.000000 -0.017455
1573040027.704063 0.000000 0.000000 0.177769 10.234015 0.001267 1.406462 0.000000 -0.017007
1573040027.723932 0.000000 0.000000 0.210091 10.258555 -0.001325 1.406433 0.000000 -0.019966
1573040027.744083 0.000000 0.000000 0.169390 10.233417 -0.001325 1.406433 0.000000 -0.016235
1573040027.764012 0.000000 0.000000 0.182558 10.226832 0.001325 1.406462 0.000000 -0.017565
1573040027.783885 0.000000 0.000000 0.194529 10.278906 0.001325 1.406462 0.000000 -0.017868
1573040027.804191 0.000000 0.000000 0.167594 10.237606 0.001325 1.406462 0.000000 -0.018840
1573040027.823922 0.000000 0.000000 0.171185 10.192715 0.000000 1.406433 0.000000 -0.019480
1573040027.843986 0.000000 0.000000 0.180762 10.184336 0.000000 1.406433 0.000000 -0.017643
1573040027.864090 0.000000 0.000000 0.175974 10.242394 0.001325 1.406462 0.000000 -0.017175
1573040027.884342 0.000000 0.000000 0.183755 10.240599 0.001325 1.406462 0.000000 -0.017739
1573040027.904099 0.000000 0.000000 0.178967 10.171765 -0.001267 1.406433 0.000000 -0.017251
1573040027.924080 0.000000 0.000000 0.181361 10.244789 -0.001267 1.406433 0.000000 -0.017502
1573040027.944048 0.000000 0.000000 0.180164 10.237606 0.000000 1.406433 0.000000 -0.016672
1573040027.963999 0.000000 0.000000 0.205303 10.248381 0.000000 1.406433 0.000000 -0.020591
1573040027.984199 0.000000 0.000000 0.168193 10.186729 0.000000 1.406433 0.000000 -0.018773
1573040028.004073 0.000000 0.000000 0.193930 10.171765 0.001267 1.406462 0.000000 -0.018655
1573040028.024047 0.000000 0.000000 0.182558 10.206482 0.001267 1.406462 0.000000 -0.017102
1573040028.043961 0.000000 0.000000 0.188543 10.218452 -0.001325 1.406433 0.000000 -0.018545
1573040028.064038 0.000000 0.000000 0.200514 10.242394 -0.001325 1.406433 0.000000 -0.019538
1573040028.084211 0.000000 0.000000 0.183156 10.220248 0.000000 1.406433 0.000000 -0.017115
1573040028.104116 0.000000 0.000000 0.199916 10.224438 0.000000 1.406433 0.000000 -0.018815
1573040028.124012 0.000000 0.000000 0.195127 10.247782 0.001325 1.406462 0.000000 -0.017749
1573040028.144017 0.000000 0.000000 0.162806 10.268731 0.001325 1.406462 0.000000 -0.015873
1573040028.163943 0.000000 0.000000 0.156222 10.203489 -0.001267 1.406433 0.000000 -0.016707
1573040028.184086 0.000000 0.000000 0.196325 10.174759 -0.001267 1.406433 0.000000 -0.019002
1573040028.203999 0.000000 0.000000 0.179565 10.235810 -0.001267 1.406433 0.000000 -0.017753
1573040028.224008 0.000000 0.000000 0.208296 10.261548 0.001325 1.406462 0.000000 -0.017425
1573040028.243945 0.000000 0.000000 0.158616 10.229825 0.001325 1.406462 0.000000 -0.015722
1573040028.263894 0.000000 0.000000 0.184952 10.220847 0.000000 1.406462 0.000000 -0.017059
1573040028.283978 0.000000 0.000000 0.189142 10.250175 0.000000 1.406462 0.000000 -0.017460
1573040028.304002 0.000000 0.000000 0.190339 10.245387 0.001325 1.406462 0.000000 -0.016862
1573040028.324031 0.000000 0.000000 0.173580 10.199898 0.001325 1.406462 0.000000 -0.018816
1573040028.344051 0.000000 0.000000 0.181959 10.302848 -0.001325 1.406433 0.000000 -0.017044
1573040028.363996 0.000000 0.000000 0.177171 10.243592 -0.001325 1.406433 0.000000 -0.017818
1573040028.384015 0.000000 0.000000 0.198719 10.184934 -0.001325 1.406433 0.000000 -0.019318
1573040028.403966 0.000000 0.000000 0.186149 10.205284 -0.001325 1.406433 0.000000 -0.018307
1573040028.424031 0.000000 0.000000 0.183156 10.198102 -0.001325 1.406433 0.000000 -0.018783
1573040028.443926 0.000000 0.000000 0.174777 10.279505 0.001325 1.406462 0.000000 -0.017429
1573040028.464034 0.000000 0.000000 0.192733 10.192117 0.001325 1.406462 0.000000 -0.018682
1573040028.483987 0.000000 0.000000 0.201113 10.245986 0.001325 1.406462 0.000000 -0.017305
1573040028.504070 0.000000 0.000000 0.199317 10.311228 0.001325 1.406462 0.000000 -0.016935
1573040028.524038 0.000000 0.000000 0.169988 10.233417 -0.002650 1.406433 0.000000 -0.016707
1573040028.544090 0.000000 0.000000 0.175974 10.143634 -0.002650 1.406433 0.000000 -0.017258
1573040028.563998 0.000000 0.000000 0.199317 10.161591 0.000000 1.406433 0.000000 -0.019643
1573040028.584096 0.000000 0.000000 0.200514 10.181342 0.000000 1.406433 0.000000 -0.018270
1573040028.603953 0.000000 0.000000 0.182558 10.222044 0.000000 1.406433 0.000000 -0.018650
1573040028.624144 0.000000 0.000000 0.177171 10.297462 0.001325 1.406433 0.000000 -0.017399
1573040028.643895 0.000000 0.000000 0.176572 10.255563 0.001325 1.406433 0.000000 -0.016715
1573040028.664096 0.000000 0.000000 0.180762 10.234015 -0.001325 1.406433 0.000000 -0.017300
1573040028.684146 0.000000 0.000000 0.180164 10.268731 -0.001325 1.406433 0.000000 -0.018672
1573040028.703958 0.000000 0.000000 0.167594 10.230424 0.000000 1.406433 0.000000 -0.018785
1573040028.724098 0.000000 0.000000 0.195726 10.228628 0.000000 1.406433 0.000000 -0.018943
1573040028.744171 0.000000 0.000000 0.174178 10.169372 -0.001325 1.406433 0.000000 -0.017758
1573040028.764032 0.000000 0.000000 0.172981 10.157999 -0.001325 1.406433 0.000000 -0.017264
1573040028.784129 0.000000 0.000000 0.178967 10.177153 -0.001325 1.406433 0.000000 -0.018165
1573040028.804788 0.000000 0.000000 0.196923 10.297462 0.000000 1.406433 0.000000 -0.018256
1573040028.824132 0.000000 0.000000 0.146645 10.272323 0.000000 1.406433 0.000000 -0.014947
1573040028.843982 0.000000 0.000000 0.198719 10.215460 0.000000 1.406433 0.000000 -0.018300
1573040028.864044 0.000000 0.000000 0.178368 10.292673 0.000000 1.406433 0.000000 -0.017333
1573040028.884142 0.000000 0.000000 0.181361 10.277709 0.001325 1.406462 0.000000 -0.017765
1573040028.904106 0.000000 0.000000 0.175375 10.207080 0.001325 1.406462 0.000000 -0.017804
1573040028.924170 0.000000 0.000000 0.175974 10.233417 0.000000 1.406433 0.000000 -0.016953
1573040028.944084 0.000000 0.000000 0.185551 10.172364 0.000000 1.406433 0.000000 -0.018488
1573040028.964035 0.000000 0.000000 0.191536 10.148422 0.000000 1.406433 0.000000 -0.018550
1573040028.984008 0.000000 0.000000 0.181959 10.248979 0.000000 1.406433 0.000000 -0.017478
1573040029.004042 0.000000 0.000000 0.207098 10.258555 0.000000 1.406433 0.000000 -0.018697
1573040029.024142 0.000000 0.000000 0.194529 10.191518 0.000000 1.406433 0.000000 -0.018924
1573040029.044017 0.000000 0.000000 0.181959 10.204686 0.000000 1.406433 0.000000 -0.016665
1573040029.064082 0.000000 0.000000 0.191536 10.283694 0.000000 1.406433 0.000000 -0.017824
1573040029.084317 0.000000 0.000000 0.192135 10.219051 0.000000 1.406433 0.000000 -0.016720
1573040029.103895 0.000000 0.000000 0.184952 10.229227 0.001325 1.406462 0.000000 -0.018134
1573040029.123912 0.000000 0.000000 0.198719 10.178948 0.001325 1.406462 0.000000 -0.016625
1573040029.143959 0.000000 0.000000 0.184354 10.195109 0.000000 1.406433 0.000000 -0.018964
1573040029.163943 0.000000 0.000000 0.195127 10.257957 0.000000 1.406433 0.000000 -0.019361
1573040029.183936 0.000000 0.000000 0.181361 10.195109 0.000000 1.406433 0.000000 -0.017651
1573040029.204116 0.000000 0.000000 0.166996 10.247183 0.000000 1.406462 0.000000 -0.016972
1573040029.224093 0.000000 0.000000 0.181361 10.259154 0.000000 1.406462 0.000000 -0.018197
1573040029.244055 0.000000 0.000000 0.187346 10.285490 -0.001267 1.406433 0.000000 -0.018271
1573040029.263917 0.000000 0.000000 0.178368 10.258555 -0.001267 1.406433 0.000000 -0.017468
1573040029.284126 0.000000 0.000000 0.170587 10.228628 0.000000 1.406433 0.000000 -0.016688
1573040029.303951 0.000000 0.000000 0.189740 10.179547 0.000000 1.406433 0.000000 -0.018457
1573040029.323946 0.000000 0.000000 0.175974 10.251373 0.000000 1.406462 0.000000 -0.018544
1573040029.343931 0.000000 0.000000 0.177171 10.246585 0.000000 1.406462 0.000000 -0.017281
1573040029.364029 0.000000 0.000000 0.195127 10.234613 0.000000 1.406433 0.000000 -0.016848
1573040029.384108 0.000000 0.000000 0.174178 10.311827 0.000000 1.406433 0.000000 -0.017744
1573040029.404127 0.000000 0.000000 0.187346 10.214861 0.000000 1.406433 0.000000 -0.018569
1573040029.424107 0.000000 0.000000 0.199317 10.191518 0.001267 1.406462 0.000000 -0.020566
1573040029.444115 0.000000 0.000000 0.158616 10.172963 0.001267 1.406462 0.000000 -0.018038
1573040029.464168 0.000000 0.000000 0.175375 10.265140 0.000000 1.406433 0.000000 -0.017175
1573040029.484093 0.000000 0.000000 0.180762 10.213066 0.000000 1.406433 0.000000 -0.017655
1573040029.504007 0.000000 0.000000 0.196325 10.175357 -0.001267 1.406433 0.000000 -0.018558
1573040029.524054 0.000000 0.000000 0.211887 10.231022 -0.001267 1.406433 0.000000 -0.018883
1573040029.544074 0.000000 0.000000 0.161609 10.271125 -0.001325 1.406433 0.000000 -0.015772
1573040029.563999 0.000000 0.000000 0.166397 10.271724 -0.001325 1.406433 0.000000 -0.015823
1573040029.583963 0.000000 0.000000 0.171784 10.209475 0.001267 1.406462 0.000000 -0.016811
1573040029.604086 0.000000 0.000000 0.199317 10.237606 0.001267 1.406462 0.000000 -0.017293
1573040029.623903 0.000000 0.000000 0.165798 10.216059 0.001267 1.406462 0.000000 -0.015264
1573040029.643877 0.000000 0.000000 0.180762 10.199898 -0.001325 1.406433 0.000000 -0.017232
1573040029.663979 0.000000 0.000000 0.186748 10.241796 -0.001325 1.406433 0.000000 -0.016991
1573040029.684026 0.000000 0.000000 0.188543 10.215460 0.001267 1.406462 0.000000 -0.018465
1573040029.703935 0.000000 0.000000 0.183156 10.186131 0.001267 1.406462 0.000000 -0.018717
1573040029.723998 0.000000 0.000000 0.186748 10.257359 0.000000 1.406433 0.000000 -0.017481
1573040029.743977 0.016000 0.000000 0.183156 10.253767 0.000000 1.406433 0.000000 -0.018470
1573040029.764117 0.032000 0.016000 0.177171 10.212467 -0.001267 1.406433 0.000000 -0.019118
1573040029.783971 0.048000 0.032000 0.157419 10.232818 -0.001267 1.406433 0.000000 -0.015885
1573040029.803998 0.064000 0.048000 0.178368 10.134656 -0.001267 1.406433 0.000000 -0.019214
1573040029.824079 0.080000 0.064000 0.159813 10.247183 -0.001325 1.406433 0.000000 -0.017366
1573040029.844125 0.096000 0.080000 1.049259 10.488997 -0.001325 1.406433 -0.004257 -0.021323
1573040029.863953 0.112000 0.096000 1.293467 10.327988 0.006336 1.406608 -0.018091 -0.023438
1573040029.884263 0.128000 0.112000 1.538275 10.210671 0.006336 1.406608 -0.019156 -0.027118
1573040029.904001 0.144000 0.128000 1.219247 10.223840 0.043718 1.408094 0.000000 -0.031712
1573040029.924007 0.160000 0.144000 1.127669 10.406398 0.043718 1.408094 -0.008514 -0.036248
1573040029.944008 0.176000 0.160000 1.063624 10.160992 0.087437 1.411446 -0.009578 -0.040877
1573040029.963943 0.192000 0.176000 1.000776 10.216657 0.087437 1.411446 -0.008514 -0.045502
1573040029.983954 0.208000 0.192000 0.826598 10.192715 0.087437 1.411446 -0.015963 -0.050042
1573040030.004028 0.224000 0.208000 0.906804 10.034698 0.125453 1.416721 -0.009578 -0.054512
1573040030.023910 0.240000 0.224000 0.945111 10.528502 0.125453 1.416721 0.022348 -0.057585
1573040030.044009 0.256000 0.240000 0.922965 10.157999 0.153677 1.423133 0.031926 -0.058332
1573040030.063922 0.272000 0.256000 0.802656 10.185533 0.153677 1.423133 0.000000 -0.062163
1573040030.084023 0.288000 0.272000 1.142633 10.084976 0.188122 1.431002 -0.006385 -0.065518
1573040030.103942 0.304000 0.288000 1.119289 10.016143 0.188122 1.431002 -0.021284 -0.070123
1573040030.123922 0.320000 0.304000 0.984615 10.435128 0.229191 1.440649 -0.022348 -0.074974
1573040030.143945 0.336000 0.320000 1.159392 10.289680 0.229191 1.440649 -0.019156 -0.078396
1573040030.163938 0.352000 0.336000 1.278504 11.022904 0.262311 1.451928 0.027669 -0.079845
1573040030.184084 0.368000 0.352000 0.954688 9.771935 0.262311 1.451928 0.037247 -0.079117
1573040030.204007 0.384000 0.368000 0.784700 10.297462 0.262311 1.451928 0.000000 -0.079149
1573040030.224290 0.400000 0.384000 0.759560 10.518925 0.294106 1.464402 -0.024477 -0.079463
1573040030.244058 0.400000 0.400000 0.860716 9.473257 0.294106 1.464402 -0.034054 -0.081261
1573040030.263916 0.400000 0.400000 1.308431 10.777499 0.333850 1.478741 -0.023412 -0.083262
1573040030.284144 0.400000 0.400000 1.546056 10.653599 0.333850 1.478741 0.032990 -0.084696
1573040030.304174 0.400000 0.400000 0.641047 8.998607 0.357696 1.494276 -0.005321 -0.081025
1573040030.324072 0.400000 0.400000 0.765546 10.688913 0.357696 1.494276 -0.024477 -0.083628
1573040030.344061 0.400000 0.400000 0.898424 10.011952 0.400090 1.511500 -0.007449 -0.082753
1573040030.363990 0.400000 0.400000 0.461482 9.778518 0.400090 1.511500 0.042568 -0.081076
1573040030.383994 0.400000 0.400000 0.225055 9.545083 0.400090 1.511500 0.005321 -0.076127
1573040030.404022 0.400000 0.400000 0.305261 10.000581 0.397441 1.529045 -0.023412 -0.072421
1573040030.423995 0.400000 0.400000 0.562039 10.180145 0.397441 1.529045 0.000000 -0.071194
1573040030.444020 0.400000 0.400000 0.017358 8.490438 0.417313 1.547377 0.079815 -0.066837
1573040030.464105 0.400000 0.400000 -0.079009 9.911995 0.417313 1.547377 0.010642 -0.064553
1573040030.484072 0.400000 0.400000 -0.134674 9.017162 0.385229 1.564981 -0.015963 -0.060634
1573040030.504070 0.400000 0.400000 0.989404 11.447875 0.385229 1.564981 0.026605 -0.058521
1573040030.524042 0.400000 0.400000 -0.347159 11.270704 0.406714 1.582875 0.094714 -0.056176
1573040030.544020 0.400000 0.400000 -0.253187 8.471883 0.406714 1.582875 0.000000 -0.051297
1573040030.564130 0.400000 0.400000 0.333393 10.044873 0.402740 1.600391 -0.024477 -0.047892
1573040030.583914 0.400000 0.400000 0.525527 9.818621 0.402740 1.600391 0.029798 -0.046629
1573040030.604120 0.400000 0.400000 -0.081403 11.246163 0.402740 1.600391 0.057467 -0.045958
1573040030.623978 0.400000 0.400000 0.107739 9.601946 0.401415 1.618315 -0.021284 -0.041522
1573040030.643934 0.400000 0.400000 0.009577 10.452486 0.401415 1.618315 -0.022348 -0.038706
1573040030.663937 0.400000 0.400000 0.149638 10.351331 0.417313 1.636151 0.000000 -0.037585
1573040030.684040 0.400000 0.400000 0.037709 8.432378 0.417313 1.636151 0.039375 -0.038888
1573040030.704043 0.400000 0.400000 0.275932 10.688314 0.390298 1.654045 0.030862 -0.036107
1573040030.723944 0.400000 0.400000 0.025139 10.147225 0.390298 1.654045 0.024477 -0.031467
1573040030.744655 0.400000 0.400000 0.339977 10.727819 0.402740 1.671823 0.019156 -0.029818
1573040030.763889 0.400000 0.400000 0.050278 8.938153 0.402740 1.671823 0.085136 -0.030638
1573040030.784001 0.400000 0.400000 0.030526 11.392210 0.402740 1.671823 0.009578 -0.026037
1573040030.804148 0.400000 0.400000 -0.456694 9.139865 0.396116 1.689601 -0.017027 -0.023127
1573040030.823930 0.400000 0.400000 0.362123 10.639832 0.396116 1.689601 0.045761 -0.024939
1573040030.843959 0.400000 0.400000 0.499191 9.501390 0.408039 1.707729 0.072366 -0.024494
1573040030.864059 0.400000 0.400000 -0.385466 9.534908 0.408039 1.707729 -0.005321 -0.023012
1573040030.884196 0.400000 0.400000 -0.208296 9.680954 0.406714 1.725448 -0.017027 -0.019536
1573040030.903986 0.400000 0.400000 0.162806 11.976994 0.406714 1.725448 -0.009578 -0.017179
1573040030.924131 0.400000 0.400000 -0.332195 10.171765 0.385229 1.743081 0.073430 -0.013859
1573040030.943962 0.400000 0.400000 0.351948 8.815451 0.385229 1.743081 -0.004257 -0.012422
1573040030.963943 0.400000 0.400000 0.202310 9.906608 0.404065 1.760625 -0.008514 -0.012221
1573040030.983962 0.400000 0.400000 0.666785 10.796653 0.404065 1.760625 0.012770 -0.016200
1573040031.004038 0.400000 0.400000 0.359130 9.015367 0.404065 1.760625 0.070237 -0.016642
1573040031.023946 0.400000 0.400000 0.443526 10.725425 0.392141 1.778112 0.022348 -0.018120
1573040031.043932 0.400000 0.400000 -0.007183 10.876260 0.392141 1.778112 0.020220 -0.015183
1573040031.064173 0.400000 0.400000 0.457891 9.181764 0.390298 1.795861 -0.007449 -0.016417
1573040031.084086 0.400000 0.400000 -0.344765 10.108319 0.390298 1.795861 0.025541 -0.015274
1573040031.103998 0.400000 0.400000 0.169988 10.883442 0.401415 1.813610 0.020220 -0.016370
1573040031.124051 0.400000 0.400000 -0.219069 10.412383 0.401415 1.813610 0.000000 -0.012897
1573040031.144551 0.400000 0.400000 -0.164601 10.166379 0.401415 1.831271 0.022348 -0.014274
1573040031.164050 0.400000 0.400000 0.404620 10.056844 0.401415 1.831271 0.035119 -0.014544
1573040031.184067 0.400000 0.400000 0.173580 9.214085 0.392141 1.848757 -0.028733 -0.014146
1573040031.204134 0.400000 0.400000 0.350152 10.437522 0.392141 1.848757 -0.009578 -0.012938
1573040031.223951 0.400000 0.400000 0.688932 9.263764 0.392141 1.848757 0.034054 -0.015012
1573040031.243899 0.400000 0.400000 0.477045 9.689334 0.408039 1.866768 0.056403 -0.014561
1573040031.264004 0.400000 0.400000 -0.701501 10.047267 0.408039 1.866768 0.013835 -0.013363
1573040031.284075 0.400000 0.400000 -0.215478 10.729016 0.387764 1.884546 -0.013835 -0.009799
1573040031.304040 0.400000 0.400000 -0.057461 11.297041 0.387764 1.884546 0.012770 -0.009217
1573040031.324068 0.400000 0.400000 -0.034117 9.340978 0.401415 1.902586 0.041504 -0.008701
1573040031.344001 0.400000 0.400000 -0.062249 10.154408 0.401415 1.902586 -0.027669 -0.005819
1573040031.364081 0.400000 0.400000 -0.170587 11.136629 0.409364 1.920422 -0.040440 -0.002670
1573040031.384141 0.400000 0.400000 0.049680 10.639234 0.409364 1.920422 -0.007449 -0.004523
1573040031.404022 0.400000 0.400000 -0.083797 9.188348 0.402740 1.938171 0.000000 -0.006862
1573040031.423962 0.400000 0.400000 -0.019752 10.406398 0.402740 1.938171 -0.024477 -0.004951
1573040031.444009 0.400000 0.400000 0.140061 10.337564 0.402740 1.938171 -0.023412 -0.006624
1573040031.464191 0.400000 0.400000 0.506374 10.514735 0.412013 1.956036 0.004257 -0.008066
1573040031.484046 0.400000 0.400000 0.698508 9.548675 0.412013 1.956036 0.047889 -0.007632
1573040031.504074 0.400000 0.400000 0.236427 9.703699 0.378893 1.973522 -0.004257 -0.006129
1573040031.523992 0.400000 0.400000 -0.277129 10.242394 0.378893 1.973522 0.005321 -0.002656
1573040031.544085 0.400000 0.400000 -0.025139 8.735245 0.394791 1.991300 -0.007449 -0.000930
1573040031.564019 0.400000 0.400000 0.201113 9.562442 0.394791 1.991300 0.041504 -0.001665
1573040031.584173 0.400000 0.400000 -0.271143 10.852916 0.392141 2.008903 -0.007449 -0.000088
1573040031.604024 0.400000 0.400000 -0.234632 10.335769 0.392141 2.008903 -0.025541 -0.000491
1573040031.624069 0.400000 0.400000 0.620098 10.901998 0.406714 2.026797 0.035119 -0.002682
1573040031.643954 0.400000 0.400000 -0.686537 10.142437 0.406714 2.026797 0.048953 -0.001734
1573040031.663958 0.400000 0.400000 0.029329 10.299855 0.406714 2.026797 0.009578 -0.002375
1573040031.684276 0.400000 0.400000 -0.525527 11.065401 0.404065 2.044342 -0.045761 0.000769
1573040031.703989 0.400000 0.400000 0.726640 11.441890 0.404065 2.044342 -0.008514 -0.001541
1573040031.723979 0.400000 0.400000 0.359130 9.150639 0.385229 2.062177 0.067045 0.000838
1573040031.743983 0.400000 0.400000 -0.291494 9.239822 0.385229 2.062177 -0.037247 0.002643
1573040031.763999 0.400000 0.400000 -0.013767 10.289680 0.405389 2.079751 -0.031926 0.002612
1573040031.784081 0.400000 0.400000 1.076792 11.292253 0.405389 2.079751 0.000000 -0.001584
1573040031.804033 0.400000 0.400000 0.023942 11.250952 0.398765 2.097529 0.027669 -0.002197
1573040031.823979 0.400000 0.400000 -0.597952 11.122863 0.398765 2.097529 -0.039375 -0.000258
1573040031.843876 0.400000 0.400000 -0.068235 8.998607 0.415988 2.115423 -0.009578 -0.000238
1573040031.864110 0.400000 0.400000 0.233435 8.948927 0.415988 2.115423 0.000000 -0.000885
1573040031.884333 0.400000 0.400000 0.061651 10.299257 0.415988 2.115423 0.047889 -0.003448
1573040031.904019 0.400000 0.400000 -0.407613 9.566032 0.406714 2.133258 0.000000 -0.003541
1573040031.924017 0.400000 0.400000 -0.069432 10.326192 0.406714 2.133258 -0.031926 -0.001533
1573040031.944100 0.400000 0.400000 0.770334 11.325771 0.392833 2.151211 0.000000 -0.001914
1573040031.964070 0.400000 0.400000 0.117914 10.845135 0.392833 2.151211 0.005321 -0.000972
1573040031.984118 0.400000 0.400000 -0.016161 10.936713 0.404065 2.168959 -0.047889 -0.000945
1573040032.003978 0.400000 0.400000 -0.070629 10.186729 0.404065 2.168959 -0.055338 -0.000350
1573040032.024041 0.400000 0.400000 -0.515950 10.784082 0.391565 2.186999 0.026605 0.000167
1573040032.044061 0.400000 0.400000 -0.014964 10.788871 0.391565 2.186999 0.036183 0.001101
1573040032.063957 0.400000 0.400000 -0.129885 12.452243 0.400090 2.204572 -0.034054 0.002366
1573040032.083987 0.400000 0.400000 0.125097 9.670180 0.400090 2.204572 -0.027669 0.002489
1573040032.104009 0.400000 0.400000 0.191536 10.776900 0.400090 2.204572 -0.023412 0.000978
1573040032.124105 0.400000 0.400000 0.309451 11.516110 0.400090 2.222233 0.031926 -0.002502
1573040032.144003 0.400000 0.400000 -0.023942 9.361328 0.400090 2.222233 -0.040440 -0.000713
1573040032.164132 0.400000 0.400000 -0.278326 11.137228 0.386497 2.239865 -0.070237 0.001235
1573040032.184059 0.400000 0.400000 0.544681 9.313444 0.386497 2.239865 0.006385 -0.002586
1573040032.204135 0.400000 0.400000 0.171185 10.024523 0.392141 2.257409 0.017027 -0.002375
1573040032.224054 0.400000 0.400000 0.110133 10.780492 0.392141 2.257409 -0.035119 -0.004072
1573040032.244314 0.400000 0.400000 0.219668 9.135077 0.381428 2.275041 -0.034054 -0.006122
1573040032.263965 0.400000 0.400000 0.596755 10.711060 0.381428 2.275041 0.000000 -0.008906
1573040032.284079 0.400000 0.400000 0.465074 9.889250 0.390817 2.292556 0.025541 -0.010352
1573040032.303994 0.400000 0.400000 -0.329203 10.545261 0.390817 2.292556 -0.018091 -0.007011
1573040032.323986 0.400000 0.400000 -0.439336 11.088745 0.390817 2.292556 -0.036183 -0.005384
1573040032.344083 0.400000 0.400000 0.539294 8.324639 0.400090 2.310304 -0.030862 -0.007674
1573040032.364057 0.400000 0.400000 -0.367510 10.913968 0.400090 2.310304 0.044696 -0.009205
1573040032.384093 0.400000 0.400000 -0.137667 9.192537 0.393466 2.327819 -0.060659 -0.007256
1573040032.404005 0.400000 0.400000 0.502184 11.174936 0.393466 2.327819 -0.062788 -0.009042
1573040032.424125 0.400000 0.400000 0.831985 9.326014 0.413338 2.346004 -0.020220 -0.013138
1573040032.444223 0.400000 0.400000 0.311246 12.382213 0.413338 2.346004 0.025541 -0.014123
1573040032.463951 0.400000 0.400000 -0.289100 10.667365 0.383962 2.363694 -0.047889 -0.011620
1573040032.484046 0.400000 0.400000 0.043694 10.289082 0.383962 2.363694 -0.062788 -0.011015
1573040032.503960 0.400000 0.400000 0.408211 9.287108 0.401415 2.381705 -0.032990 -0.014191
1573040032.523960 0.400000 0.400000 -0.058658 8.638878 0.401415 2.381705 0.054274 -0.014155
1573040032.543968 0.400000 0.400000 -0.129287 9.236830 0.401415 2.381705 -0.036183 -0.011613
1573040032.564080 0.400000 0.400000 0.309451 9.785102 0.410689 2.399511 -0.044696 -0.014673
1573040032.583928 0.400000 0.400000 0.682946 11.625046 0.410689 2.399511 0.044696 -0.016204
1573040032.603913 0.400000 0.400000 0.335787 11.274296 0.398765 2.417288 0.026605 -0.013819
1573040032.623950 0.400000 0.400000 0.100556 9.651626 0.398765 2.417288 -0.041504 -0.012554
1573040032.644088 0.400000 0.400000 0.020949 8.876503 0.414663 2.435240 -0.032990 -0.011943
1573040032.664185 0.400000 0.400000 0.864905 12.114062 0.414663 2.435240 -0.004257 -0.013682
1573040032.684021 0.400000 0.400000 0.132878 10.067618 0.376359 2.452784 0.060659 -0.012539
1573040032.703981 0.400000 0.400000 0.058059 9.524135 0.376359 2.452784 -0.014899 -0.009606
1573040032.723973 0.400000 0.400000 0.318429 10.184336 0.398765 2.470531 0.000000 -0.012351
1573040032.744392 0.400000 0.400000 0.242413 11.960235 0.398765 2.470531 0.042568 -0.013982
1573040032.764040 0.400000 0.400000 -0.203507 9.719261 0.398765 2.470531 0.047889 -0.010905
1573040032.784030 0.400000 0.400000 0.104746 11.177929 0.396116 2.488046 -0.051082 -0.010432
1573040032.804183 0.400000 0.400000 0.096965 9.812635 0.396116 2.488046 -0.019156 -0.012552
1573040032.824114 0.400000 0.400000 0.097564 10.159196 0.401415 2.505882 0.094714 -0.014023
1573040032.844273 0.400000 0.400000 -0.211288 9.219472 0.401415 2.505882 -0.017027 -0.009491
1573040032.863984 0.400000 0.400000 -0.306458 9.741408 0.412013 2.523571 -0.058531 -0.008741
1573040032.884097 0.400000 0.400000 0.119710 10.125677 0.412013 2.523571 -0.027669 -0.008940
1573040032.903920 0.400000 0.400000 -0.231639 10.055647 0.378893 2.541202 0.029798 -0.010058
1573040032.924026 0.400000 0.400000 -0.253785 9.381680 0.378893 2.541202 0.005321 -0.007019
1573040032.943955 0.400000 0.400000 -0.014964 11.732186 0.378893 2.541202 -0.081943 -0.006568
1573040032.963996 0.400000 0.400000 0.114922 8.157643 0.409364 2.558949 -0.045761 -0.008843
1573040032.983969 0.400000 0.400000 0.627281 12.338518 0.409364 2.558949 0.042568 -0.012783
1573040033.004159 0.400000 0.400000 -0.114323 9.196727 0.397441 2.576668 -0.009578 -0.010516
1573040033.023954 0.400000 0.400000 0.213084 12.322357 0.397441 2.576668 -0.040440 -0.009209
1573040033.043916 0.400000 0.400000 -0.229843 8.937554 0.410689 2.594648 -0.011706 -0.011712
1573040033.063928 0.400000 0.400000 0.038307 9.994595 0.410689 2.594648 0.018091 -0.011086
1573040033.083958 0.400000 0.400000 0.280122 11.818377 0.402740 2.612366 0.015963 -0.011722
1573040033.104229 0.400000 0.400000 0.083797 9.631873 0.402740 2.612366 -0.029798 -0.010458
1573040033.123897 0.400000 0.400000 0.201113 9.333796 0.406714 2.630317 -0.032990 -0.014124
1573040033.144181 0.400000 0.400000 0.305859 10.486005 0.406714 2.630317 0.045761 -0.016689
1573040033.164030 0.400000 0.400000 0.062249 8.574235 0.406714 2.630317 0.012770 -0.015502
1573040033.184042 0.400000 0.400000 0.507571 11.150994 0.404065 2.648064 -0.037247 -0.014842
1573040033.204085 0.400000 0.400000 0.711676 9.552865 0.404065 2.648064 -0.030862 -0.013829
1573040033.224044 0.400000 0.400000 0.219668 9.967061 0.389031 2.666102 0.067045 -0.013750
1573040033.243959 0.400000 0.400000 0.345962 10.990582 0.389031 2.666102 0.005321 -0.014968
1573040033.264017 0.384000 0.400000 -0.010175 9.927557 0.405389 2.683703 -0.015963 -0.013971
1573040033.284004 0.368000 0.384000 -0.047884 10.876260 0.405389 2.683703 -0.032990 -0.013308
1573040033.303989 0.352000 0.368000 0.526126 9.072827 0.405389 2.683703 0.000000 -0.016277
1573040033.323953 0.336000 0.352000 -0.042497 9.657611 0.398765 2.701392 0.036183 -0.017489
1573040033.344094 0.320000 0.336000 -0.138265 11.886613 0.398765 2.701392 -0.026605 -0.015636
1573040033.364170 0.304000 0.320000 -0.845752 11.848904 0.396116 2.718963 -0.026605 -0.012333
1573040033.384073 0.288000 0.304000 0.067038 10.451887 0.396116 2.718963 0.047889 -0.010328
1573040033.404056 0.272000 0.288000 -0.854730 9.431359 0.359021 2.735341 0.028733 -0.005116
1573040033.424003 0.256000 0.272000 -0.588375 9.754576 0.359021 2.735341 -0.012770 -0.000999
1573040033.444075 0.240000 0.256000 -1.190517 10.275913 0.359021 2.735341 -0.022348 0.003161
1573040033.464007 0.224000 0.240000 -0.402226 10.080786 0.333850 2.750407 -0.051082 0.004839
1573040033.484226 0.208000 0.224000 -0.461482 10.041282 0.333850 2.750407 -0.015963 0.006162
1573040033.504024 0.192000 0.208000 -0.255581 10.120889 0.290132 2.763811 0.012770 0.009472
1573040033.524021 0.176000 0.192000 -1.143231 10.290877 0.290132 2.763811 0.000000 0.013778
1573040033.544298 0.160000 0.176000 -0.624887 10.171167 0.257012 2.775409 -0.018091 0.017887
1573040033.564157 0.144000 0.160000 -0.630274 10.430938 0.257012 2.775409 -0.017027 0.021034
1573040033.583955 0.128000 0.144000 -0.379481 10.144233 0.210643 2.785317 -0.012770 0.024487
1573040033.604006 0.112000 0.128000 -0.196923 9.551069 0.210643 2.785317 0.000000 0.025731
1573040033.624155 0.096000 0.112000 -0.434548 10.907384 0.210643 2.785317 0.021284 0.026729
1573040033.643857 0.080000 0.096000 -0.179565 9.676166 0.182823 2.793680 0.000000 0.029058
1573040033.664268 0.064000 0.080000 -0.801459 10.231022 0.182823 2.793680 0.000000 0.031573
1573040033.683950 0.048000 0.064000 -1.075595 10.208876 0.157651 2.800994 0.000000 0.033421
1573040033.704011 0.032000 0.048000 -1.071405 10.507552 0.157651 2.800994 -0.009578 0.036565
1573040033.724620 0.016000 0.032000 -0.809240 10.379463 0.116583 2.806648 -0.012770 0.040735
1573040033.744110 0.000000 0.016000 -0.631471 10.142437 0.116583 2.806648 -0.010642 0.044857
1573040033.764064 0.000000 0.000000 -0.593163 10.108918 0.075514 2.810436 -0.005321 0.046953
1573040033.783919 0.000000 0.000000 -0.670975 10.267534 0.075514 2.810436 -0.008514 0.048359
1573040033.803997 0.000000 0.000000 -0.571017 10.195109 0.075514 2.810436 -0.005321 0.050373
1573040033.823985 0.000000 0.000000 -0.372897 10.164583 0.037094 2.812505 0.000000 0.052071
1573040033.843842 0.000000 0.000000 -0.128688 10.316615 0.037094 2.812505 0.000000 0.047988
1573040033.863874 0.000000 0.000000 0.340575 10.253169 0.007949 2.813146 0.000000 0.044563
1573040033.883988 0.000000 0.000000 0.455497 10.248381 0.007949 2.813146 -0.006385 0.042480
1573040033.903993 0.000000 0.000000 0.420182 10.247183 -0.001325 2.813088 0.000000 0.039044
1573040033.923908 0.000000 0.000000 0.152630 10.129269 -0.001325 2.813088 0.000000 0.034644
1573040033.944062 0.000000 0.000000 0.102352 10.263943 0.001267 2.813088 0.000000 0.030200
1573040033.964014 0.000000 0.000000 0.176572 10.175357 0.001267 2.813088 0.000000 0.025750
1573040033.983956 0.000000 0.000000 0.254384 10.261548 0.001267 2.813088 0.000000 0.021307
1573040034.004042 0.000000 0.000000 0.214281 10.239402 0.000000 2.813088 0.000000 0.016872
1573040034.024028 0.000000 0.000000 0.125696 10.251971 0.000000 2.813088 0.000000 0.012460
1573040034.044052 0.000000 0.000000 0.163404 10.184934 0.000000 2.813088 0.000000 0.008017
1573040034.063959 0.000000 0.000000 0.238822 10.230424 0.000000 2.813088 0.000000 0.004591
1573040034.083948 0.000000 0.000000 0.267552 10.204087 0.000000 2.813088 0.000000 0.002561
1573040034.104056 0.000000 0.000000 0.267552 10.165182 0.000000 2.813088 0.000000 -0.000864
1573040034.124031 0.000000 0.000000 0.111330 10.223241 0.000000 2.813088 0.000000 -0.005206
1573040034.143936 0.000000 0.000000 0.095768 10.253169 0.000000 2.813088 0.000000 -0.008167
1573040034.164257 0.000000 0.000000 0.198120 10.239402 0.000000 2.813088 0.000000 -0.012469
1573040034.183973 0.000000 0.000000 0.228048 10.232818 0.000000 2.813088 0.000000 -0.016638
1573040034.204094 0.000000 0.000000 0.209493 10.247183 0.000000 2.813088 0.000000 -0.020406
1573040034.224015 0.000000 0.000000 0.163404 10.210671 0.000000 2.813088 0.000000 -0.017129
1573040034.243961 0.000000 0.000000 0.125696 10.195707 0.000000 2.813088 0.000000 -0.014395
1573040034.264124 0.000000 0.000000 0.177171 10.258555 0.000000 2.813088 0.000000 -0.018048
1573040034.284096 0.000000 0.000000 0.196325 10.181342 0.000000 2.813088 0.000000 -0.018680
1573040034.304082 0.000000 0.000000 0.189142 10.222643 0.000000 2.813088 0.000000 -0.017967
1573040034.324020 0.000000 0.000000 0.186748 10.288483 0.000000 2.813088 0.000000 -0.017591
1573040034.344044 0.000000 0.000000 0.199317 10.213066 0.000000 2.813088 0.000000 -0.019626
1573040034.363945 0.000000 0.000000 0.185551 10.250774 0.000000 2.813088 0.000000 -0.019197
1573040034.383911 0.000000 0.000000 0.162207 10.226233 0.000000 2.813088 0.000000 -0.016314
1573040034.403960 0.000000 0.000000 0.169988 10.203489 0.000000 2.813088 0.000000 -0.017382
1573040034.424076 0.000000 0.000000 0.169390 10.157400 0.000000 2.813088 0.000000 -0.018501
1573040034.443945 0.000000 0.000000 0.190339 10.225636 0.000000 2.813088 0.000000 -0.018212
1573040034.464170 0.000000 0.000000 0.209493 10.206482 0.000000 2.813088 0.000000 -0.019377
1573040034.483990 0.000000 0.000000 0.205303 10.193913 0.000000 2.813088 0.000000 -0.019244
1573040034.503983 0.000000 0.000000 0.174178 10.219649 0.000000 2.813088 0.000000 -0.017072
1573040034.524348 0.000000 0.000000 0.175974 10.256162 0.001325 2.813088 0.000000 -0.017590
1573040034.544097 0.000000 0.000000 0.161010 10.229825 0.001325 2.813088 0.000000 -0.016646
1573040034.564006 0.000000 0.000000 0.174777 10.231022 0.000000 2.813088 0.000000 -0.018378
1573040034.584119 0.000000 0.000000 0.190339 10.208278 0.000000 2.813088 0.000000 -0.018981
1573040034.603945 0.000000 0.000000 0.174178 10.159795 0.000000 2.813088 0.000000 -0.017398
1573040034.623949 0.000000 0.000000 0.170587 10.188525 0.000000 2.813088 0.000000 -0.017919
1573040034.643965 0.000000 0.000000 0.199317 10.248979 0.000000 2.813088 0.000000 -0.020501
1573040034.664420 0.000000 0.000000 0.195127 10.198701 0.000000 2.813088 0.000000 -0.019375
1573040034.684023 0.000000 0.000000 0.170587 10.231621 0.000000 2.813088 0.000000 -0.018481
1573040034.703960 0.000000 0.000000 0.205901 10.244190 0.000000 2.813088 0.000000 -0.019853
1573040034.723945 0.000000 0.000000 0.183755 10.267534 0.000000 2.813088 0.000000 -0.017332
1573040034.743997 0.000000 0.000000 0.179565 10.263943 0.000000 2.813088 0.000000 -0.018039
1573040034.764032 0.000000 0.000000 0.205901 10.147225 0.000000 2.813088 0.000000 -0.019811
1573040034.784209 0.000000 0.000000 0.205303 10.204686 0.000000 2.813088 0.000000 -0.020714
1573040034.804005 0.000000 0.000000 0.189740 10.165780 0.000000 2.813088 0.000000 -0.019498
1573040034.823966 0.000000 0.000000 0.187945 10.231621 0.000000 2.813088 0.000000 -0.017424
1573040034.844004 0.000000 0.000000 0.152032 10.238205 0.000000 2.813088 0.000000 -0.015629
1573040034.863915 0.000000 0.000000 0.181959 10.190321 0.000000 2.813088 0.000000 -0.017192
1573040034.883967 0.000000 0.000000 0.164601 10.271724 0.000000 2.813088 0.000000 -0.017670
1573040034.904045 0.000000 0.000000 0.179565 10.242993 0.000000 2.813088 0.000000 -0.017295
1573040034.924122 0.000000 0.000000 0.186149 10.184336 0.000000 2.813088 0.000000 -0.016916
1573040034.944061 0.000000 0.000000 0.189142 10.251971 0.000000 2.813088 0.000000 -0.017754
1573040034.964068 0.000000 0.000000 0.189142 10.181342 0.000000 2.813088 0.000000 -0.019332
1573040034.984019 0.000000 0.000000 0.165200 10.172963 0.000000 2.813088 0.000000 -0.016278
1573040035.003943 0.000000 0.000000 0.202909 10.157999 0.000000 2.813088 0.000000 -0.018587
1573040035.023983 0.000000 0.000000 0.186748 10.244190 0.000000 2.813088 0.000000 -0.019465
1573040035.044054 0.000000 0.000000 0.187346 10.240599 0.000000 2.813088 0.000000 -0.017906
1573040035.064112 0.000000 0.000000 0.180164 10.198701 -0.001325 2.813059 0.000000 -0.018121
1573040035.084135 0.000000 0.000000 0.189740 10.269329 -0.001325 2.813059 0.000000 -0.019564
1573040035.104075 0.000000 0.000000 0.159813 10.234015 0.000000 2.813088 0.000000 -0.016545
1573040035.124014 0.000000 0.000000 0.164601 10.234015 0.000000 2.813088 0.000000 -0.018540
1573040035.144089 0.000000 0.000000 0.205303 10.208876 0.000000 2.813088 0.000000 -0.020319
1573040035.164011 0.000000 0.000000 0.198719 10.168773 0.000000 2.813088 0.000000 -0.018605
1573040035.184066 0.000000 0.000000 0.196325 10.192715 0.000000 2.813088 0.000000 -0.019457
1573040035.204003 0.000000 0.000000 0.149039 10.208876 0.000000 2.813088 0.000000 -0.016689
1573040035.223943 0.000000 0.000000 0.187945 10.265738 0.000000 2.813088 0.000000 -0.018569
1573040035.244015 0.000000 0.000000 0.189142 10.251971 0.000000 2.813088 0.000000 -0.018464
1573040035.263923 0.000000 0.000000 0.208894 10.240599 0.000000 2.813088 0.000000 -0.019094
1573040035.283878 0.000000 0.000000 0.183156 10.237606 0.000000 2.813088 0.000000 -0.017655
1573040035.304097 0.000000 0.000000 0.195127 10.260351 0.000000 2.813088 0.000000 -0.016366
1573040035.324430 0.000000 0.000000 0.162806 10.200496 0.000000 2.813088 0.000000 -0.016455
1573040035.344016 0.000000 0.000000 0.181361 10.176554 0.000000 2.813088 0.000000 -0.017871
1573040035.364047 0.000000 0.000000 0.206500 10.205883 0.000000 2.813088 0.000000 -0.018935
1573040035.384193 0.000000 0.000000 0.161010 10.250175 0.000000 2.813088 0.000000 -0.016040
1573040035.404013 0.000000 0.000000 0.178368 10.261548 0.000000 2.813088 0.000000 -0.018207
1573040035.423904 0.000000 0.000000 0.183755 10.211868 0.000000 2.813088 0.000000 -0.017995
1573040035.444050 0.000000 0.000000 0.201711 10.264541 0.000000 2.813088 0.000000 -0.018903
1573040035.463998 0.000000 0.000000 0.165798 10.260950 0.000000 2.813088 0.000000 -0.018046
1573040035.483979 0.000000 0.000000 0.174777 10.246585 0.000000 2.813088 0.000000 -0.017420
1573040035.504444 0.000000 0.000000 0.183156 10.225037 0.000000 2.813088 0.000000 -0.018347
1573040035.523971 0.000000 0.000000 0.183755 10.180145 0.000000 2.813088 0.000000 -0.018184
1573040035.543979 0.000000 0.000000 0.185551 10.204686 0.000000 2.813088 0.000000 -0.019555
1573040035.563952 0.000000 0.000000 0.186748 10.255563 0.000000 2.813088 0.000000 -0.018027
1573040035.584116 0.000000 0.000000 0.153827 10.274716 0.000000 2.813088 0.000000 -0.014181
1573040035.603914 0.000000 0.000000 0.189142 10.296863 0.000000 2.813088 0.000000 -0.018525
1573040035.623980 0.000000 0.000000 0.194529 10.235212 0.000000 2.813088 0.000000 -0.019369
1573040035.643913 0.000000 0.000000 0.197522 10.184336 0.000000 2.813088 0.000000 -0.019669
1573040035.663991 0.000000 0.000000 0.175375 10.235810 0.000000 2.813088 0.000000 -0.017781
1573040035.683939 0.000000 0.000000 0.160412 10.177752 0.000000 2.813088 0.000000 -0.017705
1573040035.704004 0.000000 0.000000 0.201711 10.190919 0.000000 2.813088 0.000000 -0.018097
1573040035.724408 0.000000 0.000000 0.201113 10.187328 0.000000 2.813088 0.000000 -0.018576
1573040035.743966 0.000000 0.000000 0.193930 10.228029 0.000000 2.813088 0.000000 -0.018972
1573040035.764032 0.000000 0.000000 0.185551 10.240001 0.000000 2.813088 0.000000 -0.019431
1573040035.784008 0.000000 0.000000 0.182558 10.239402 0.000000 2.813088 0.000000 -0.017657
1573040035.804119 0.000000 0.000000 0.211887 10.248381 0.000000 2.813088 0.000000 -0.017332
1573040035.823873 0.000000 0.000000 0.186149 10.170568 0.000000 2.813088 0.000000 -0.018212
1573040035.844134 0.000000 0.000000 0.166397 10.206482 0.000000 2.813088 0.000000 -0.016241
1573040035.864092 0.000000 0.000000 0.173580 10.213066 0.000000 2.813088 0.000000 -0.016442
1573040035.884064 0.000000 0.000000 0.182558 10.207679 0.000000 2.813088 0.000000 -0.016225
1573040035.904018 0.000000 0.000000 0.165200 10.209475 0.000000 2.813088 0.000000 -0.018080
1573040035.923943 0.000000 0.000000 0.195726 10.186729 0.000000 2.813088 0.000000 -0.017663
1573040035.943958 0.000000 0.000000 0.186748 10.273520 0.000000 2.813088 0.000000 -0.017425
1573040035.963917 0.000000 0.000000 0.183156 10.281899 0.000000 2.813088 0.000000 -0.018154
1573040035.983997 0.000000 0.000000 0.166397 10.213664 0.000000 2.813088 0.000000 -0.017163
1573040036.003947 0.000000 0.000000 0.157419 10.208278 0.000000 2.813088 0.000000 -0.019419
1573040036.023934 0.000000 0.000000 0.177769 10.189124 0.000000 2.813088 0.000000 -0.017978
1573040036.043885 0.000000 0.000000 0.189740 10.248979 0.000000 2.813088 0.000000 -0.018060
1573040036.064415 0.000000 0.000000 0.155623 10.211270 0.000000 2.813088 0.000000 -0.017514
1573040036.084141 0.000000 0.000000 0.193930 10.206482 0.000000 2.813088 0.000000 -0.018723
1573040036.104052 0.000000 0.000000 0.208296 10.253169 0.000000 2.813088 0.000000 -0.017953
1573040036.123932 0.000000 0.000000 0.196325 10.266935 0.000000 2.813088 0.000000 -0.019139
1573040036.143865 0.000000 0.000000 0.177769 10.198701 0.000000 2.813088 0.000000 -0.017244
1573040036.163860 0.000000 0.000000 0.171784 10.252570 0.000000 2.813088 0.000000 -0.016396
1573040036.183920 0.000000 0.000000 0.174777 10.195707 0.000000 2.813088 0.000000 -0.017634
1573040036.204069 0.000000 0.000000 0.211887 10.235810 0.000000 2.813088 0.000000 -0.019808
1573040036.224083 0.000000 0.000000 0.223259 10.223241 0.000000 2.813088 0.000000 -0.020022
1573040036.244475 0.000000 0.000000 0.180164 10.225636 0.000000 2.813088 0.000000 -0.017381
1573040036.264091 0.000000 0.000000 0.199317 10.239402 0.001267 2.813117 0.000000 -0.016538
1573040036.284008 0.000000 0.000000 0.196923 10.211270 0.001267 2.813117 0.000000 -0.016493
1573040036.304004 0.000000 0.000000 0.196923 10.227431 0.000000 2.813088 0.000000 -0.018910
1573040036.324021 0.000000 0.000000 0.183156 10.234613 0.000000 2.813088 0.000000 -0.020375
1573040036.343938 0.000000 0.000000 0.189740 10.256760 0.000000 2.813088 0.000000 -0.018603
1573040036.363997 0.000000 0.000000 0.193332 10.216059 0.000000 2.813088 0.000000 -0.018923
1573040036.383993 0.000000 0.000000 0.190339 10.201694 0.000000 2.813088 0.000000 -0.017291
1573040036.404036 0.000000 0.000000 0.186748 10.271125 0.000000 2.813088 0.000000 -0.019068
1573040036.423927 0.000000 0.000000 0.172383 10.210671 0.000000 2.813088 0.000000 -0.017309
1573040036.443958 0.000000 0.000000 0.174178 10.225636 0.000000 2.813088 0.000000 -0.016960
1573040036.464487 0.000000 0.000000 0.202310 10.213066 0.000000 2.813088 0.000000 -0.019344
1573040036.483942 0.000000 0.000000 0.175375 10.287885 0.000000 2.813088 0.000000 -0.017000
1573040036.503981 0.000000 0.000000 0.159813 10.248979 0.000000 2.813088 0.000000 -0.017065
1573040036.523958 0.000000 0.000000 0.190339 10.207679 0.000000 2.813088 0.000000 -0.016822
1573040036.543878 0.000000 0.000000 0.167594 10.188525 0.000000 2.813088 0.000000 -0.016401
1573040036.563953 0.000000 0.000000 0.200514 10.160992 0.000000 2.813088 0.000000 -0.019665
1573040036.584007 0.000000 0.000000 0.191536 10.177752 0.001325 2.813117 0.000000 -0.017498
1573040036.604065 0.000000 0.000000 0.157419 10.201694 0.001325 2.813117 0.000000 -0.016222
1573040036.624057 0.000000 0.000000 0.165200 10.150817 0.000000 2.813088 0.000000 -0.017016
1573040036.643881 0.000000 0.000000 0.187945 10.192117 0.000000 2.813088 0.000000 -0.018197
1573040036.664001 0.000000 0.000000 0.171185 10.245387 0.000000 2.813088 0.000000 -0.019472
1573040036.684127 0.000000 0.000000 0.172981 10.251373 0.000000 2.813088 0.000000 -0.019706
1573040036.703977 0.000000 0.000000 0.177171 10.254366 0.000000 2.813088 0.000000 -0.019854
1573040036.724059 0.000000 0.000000 0.171185 10.233417 0.000000 2.813088 0.000000 -0.017232
1573040036.744166 0.000000 0.000000 0.186149 10.256760 0.000000 2.813088 0.000000 -0.017073
1573040036.764012 0.000000 0.000000 0.187346 10.168773 0.000000 2.813088 0.000000 -0.018832
1573040036.783992 0.000000 0.000000 0.175974 10.149021 0.000000 2.813088 0.000000 -0.017991
