1573040603.099793 0.000000 0.000000 0.002993 10.168175 0.001325 -0.039372 0.000000 -0.001140
1573040603.119746 0.000000 0.000000 0.025139 10.315418 0.001267 -0.039343 0.000000 -0.003785
1573040603.139741 0.000000 0.000000 0.029329 10.203489 0.000000 -0.039343 0.000000 -0.002907
1573040603.159692 0.000000 0.001325 0.050278 10.198102 -0.002650 -0.039401 0.000000 -0.003531
1573040603.179923 0.000000 -0.000662 0.036512 10.227431 0.001325 -0.039372 0.000000 -0.003605
1573040603.199738 0.000000 0.000000 0.036512 10.204087 0.000000 -0.039372 0.000000 -0.002992
1573040603.219819 0.000000 0.000000 -0.012570 10.172963 0.000000 -0.039372 0.000000 -0.000094
1573040603.239716 0.000000 0.000000 0.013168 10.198102 0.000000 -0.039372 0.000000 -0.002480
1573040603.259738 0.000000 -0.000662 0.046687 10.156203 0.001325 -0.039343 0.000000 -0.002819
1573040603.279740 0.000000 0.000662 0.057461 10.134656 -0.001325 -0.039372 0.000000 -0.004916
1573040603.299694 0.000000 0.000000 0.035913 10.277709 0.000000 -0.039372 0.000000 -0.003214
1573040603.319820 0.000000 -0.000662 0.001796 10.266935 0.001325 -0.039343 0.000000 -0.001720
1573040603.340338 0.000000 0.000662 0.045490 10.176554 -0.001325 -0.039372 0.000000 -0.004518
1573040603.359713 0.000000 0.000000 0.026935 10.213664 0.000000 -0.039372 0.000000 -0.002606
1573040603.379816 0.000000 0.001325 0.032322 10.228029 -0.002650 -0.039430 0.000000 -0.002364
1573040603.399755 0.000000 -0.001325 0.017358 10.162787 0.002650 -0.039372 0.000000 -0.002671
1573040603.419748 0.000000 0.000662 0.006584 10.250774 -0.001325 -0.039401 0.000000 -0.000886
1573040603.439725 0.000000 0.000662 0.018555 10.221445 -0.001325 -0.039401 0.000000 -0.001822
1573040603.459749 0.000000 -0.000662 0.044891 10.146029 0.001325 -0.039372 0.000000 -0.003315
1573040603.479698 0.000000 -0.000634 0.021548 10.208278 0.001267 -0.039343 0.000000 -0.001895
1573040603.499762 0.000000 0.000000 0.023942 10.274716 0.000000 -0.039343 0.000000 -0.003964
1573040603.519790 0.000000 0.000662 0.037110 10.311228 -0.001325 -0.039372 0.000000 -0.002588
1573040603.539844 0.000000 0.000000 0.002394 10.201095 0.000000 -0.039372 0.000000 0.000286
1573040603.559903 0.000000 0.000000 0.015562 10.237008 0.000000 -0.039372 0.000000 -0.000736
1573040603.579766 0.000000 0.000000 0.036512 10.229825 0.000000 -0.039372 0.000000 -0.003742
1573040603.599803 0.000000 0.000662 0.011372 10.217854 -0.001325 -0.039401 0.000000 -0.001322
1573040603.619700 0.000000 0.000000 0.007183 10.234015 0.000000 -0.039401 0.000000 -0.003299
1573040603.639850 0.000000 0.000000 0.021548 10.231022 0.000000 -0.039401 0.000000 -0.003710
1573040603.659817 0.000000 -0.000662 0.043096 10.325593 0.001325 -0.039372 0.000000 -0.001663
1573040603.680173 0.000000 0.000000 0.016161 10.312425 0.000000 -0.039372 0.000000 -0.002243
1573040603.699767 0.000000 -0.000662 0.005986 10.292673 0.001325 -0.039343 0.000000 -0.002160
1573040603.719646 0.000000 0.000634 0.029329 10.230424 -0.001267 -0.039372 0.000000 -0.004114
1573040603.739788 0.000000 0.000000 0.019752 10.216059 0.000000 -0.039372 0.000000 -0.002136
1573040603.759724 0.000000 0.000000 0.002993 10.206482 0.000000 -0.039372 0.000000 -0.000928
1573040603.779783 0.000000 -0.000662 0.035913 10.215460 0.001325 -0.039343 0.000000 -0.002690
1573040603.799751 0.000000 0.000662 -0.003591 10.237606 -0.001325 -0.039372 0.000000 -0.000300
1573040603.819744 0.000000 0.000662 0.015562 10.232220 -0.001325 -0.039401 0.000000 -0.001554
1573040603.839740 0.000000 0.000662 0.027533 10.229227 -0.001325 -0.039401 0.000000 -0.002735
1573040603.859718 0.000000 -0.000634 0.013168 10.296863 0.001267 -0.039372 0.000000 -0.001248
1573040603.879803 0.000000 -0.000662 0.038906 10.313024 0.001325 -0.039343 0.000000 -0.000602
1573040603.899826 0.000000 0.000662 0.013168 10.247782 -0.001325 -0.039372 0.000000 -0.001265
1573040603.919754 0.000000 0.000000 0.022745 10.191518 0.000000 -0.039372 0.000000 -0.002626
1573040603.939721 0.000000 -0.000662 0.019752 10.161591 0.001325 -0.039343 0.000000 -0.002399
1573040603.959775 0.000000 0.000000 0.000599 10.244789 0.000000 -0.039343 0.000000 -0.000446
1573040603.979642 0.000000 0.000000 0.031723 10.240001 0.000000 -0.039343 0.000000 -0.001960
1573040603.999970 0.000000 0.000000 0.030526 10.216059 0.000000 -0.039343 0.000000 -0.003325
1573040604.019789 0.000000 0.001325 0.016161 10.198701 -0.002650 -0.039401 0.000000 -0.003819
1573040604.040000 0.000000 0.001325 0.033519 10.237008 0.002650 -0.039343 0.000000 -0.002047
1573040604.059783 0.000000 -0.001325 0.001197 10.233417 0.002650 -0.039343 0.000000 -0.000797
1573040604.079975 0.000000 0.000000 0.026336 10.254366 0.000000 -0.039343 0.000000 -0.002566
1573040604.099870 0.000000 0.000000 0.025738 10.269928 0.000000 -0.039343 0.000000 -0.001891
1573040604.119664 0.000000 0.001325 0.031125 10.198701 -0.002650 -0.039401 0.000000 -0.002032
1573040604.139714 0.000000 0.000000 0.026336 10.187328 0.000000 -0.039401 0.000000 -0.000983
1573040604.159688 0.000000 -0.000662 0.022745 10.221445 0.001325 -0.039372 0.000000 -0.002088
1573040604.179714 0.000000 0.000000 0.039504 10.178349 0.000000 -0.039372 0.000000 -0.002602
1573040604.199771 0.000000 -0.001267 0.021548 10.268132 0.002534 -0.039314 0.000000 -0.004008
1573040604.219755 0.000000 0.001325 -0.008380 10.229825 -0.002650 -0.039372 0.000000 0.000161
1573040604.239674 0.000000 0.000000 0.031125 10.211868 0.000000 -0.039372 0.000000 -0.003097
1573040604.259720 0.000000 0.000000 0.031723 10.322600 0.000000 -0.039372 0.000000 -0.005557
1573040604.279856 0.000000 0.000662 0.002993 10.221445 -0.001325 -0.039401 0.000000 -0.001897
1573040604.299798 0.000000 -0.001325 0.037709 10.247782 0.002650 -0.039343 0.000000 -0.003212
1573040604.319821 0.000000 0.000000 0.015562 10.198102 0.000000 -0.039343 0.000000 -0.001984
1573040604.339745 0.000000 0.000000 0.022745 10.183737 0.000000 -0.039343 0.000000 -0.002591
1573040604.359703 0.000000 0.000000 0.028132 10.260351 0.000000 -0.039343 0.000000 -0.003201
1573040604.379596 0.000000 0.000662 0.032920 10.228029 -0.001325 -0.039372 0.000000 -0.003298
1573040604.399790 0.000000 0.000000 0.041300 10.228628 0.000000 -0.039372 0.000000 -0.002920
1573040604.420235 0.000000 0.000000 0.053271 10.241198 0.000000 -0.039372 0.000000 -0.003360
1573040604.439808 0.000000 0.000000 -0.004190 10.229825 0.000000 -0.039372 0.000000 -0.001184
1573040604.459876 0.000000 0.000000 0.011372 10.262147 0.000000 -0.039372 0.000000 -0.001566
1573040604.479956 0.000000 -0.000662 0.030526 10.229825 0.001325 -0.039343 0.000000 -0.000824
1573040604.499777 0.000000 0.000000 0.031125 10.243592 0.000000 -0.039343 0.000000 -0.001066
1573040604.519791 0.000000 0.000662 0.030526 10.171765 -0.001325 -0.039372 0.000000 -0.003009
1573040604.539830 0.000000 -0.000662 0.022745 10.257957 0.001325 -0.039343 0.000000 -0.002237
1573040604.559909 0.000000 0.000662 0.022745 10.272921 -0.001325 -0.039372 0.000000 -0.002538
1573040604.579638 0.000000 -0.000634 0.019154 10.211270 0.001267 -0.039343 0.000000 -0.001847
1573040604.599729 0.000000 0.000662 0.013767 10.257957 -0.001325 -0.039372 0.000000 -0.001396
1573040604.619818 0.000000 -0.000662 0.023343 10.231022 0.001325 -0.039343 0.000000 -0.002723
1573040604.639911 0.000000 0.000662 0.028132 10.251373 -0.001325 -0.039372 0.000000 -0.002316
1573040604.659752 0.000000 0.000662 0.017957 10.213664 -0.001325 -0.039372 0.000000 -0.001576
1573040604.679915 0.000000 -0.000662 0.037110 10.212467 0.001325 -0.039343 0.000000 -0.003566
1573040604.700003 0.000000 0.000000 0.007781 10.221445 0.000000 -0.039343 0.000000 -0.001566
1573040604.719750 0.000000 0.000662 0.019752 10.222643 -0.001325 -0.039372 0.000000 -0.002361
1573040604.739753 0.000000 0.000000 0.013168 10.252570 0.000000 -0.039372 0.000000 -0.000470
1573040604.759718 0.000000 0.000000 0.037110 10.235212 0.000000 -0.039372 0.000000 -0.003467
1573040604.779750 0.000000 0.000000 0.007183 10.234015 0.000000 -0.039372 0.000000 -0.001906
1573040604.799941 0.000000 0.000000 0.011372 10.220248 0.000000 -0.039372 0.000000 -0.000631
1573040604.819847 0.000000 0.000000 0.020949 10.219649 0.000000 -0.039372 0.000000 -0.003196
1573040604.839576 0.000000 0.000000 0.023942 10.245387 0.000000 -0.039372 0.000000 -0.002613
1573040604.859553 0.000000 0.000000 0.023942 10.175357 0.000000 -0.039372 0.000000 -0.003193
1573040604.879707 0.000000 0.000000 0.025738 10.160992 0.000000 -0.039372 0.000000 -0.003869
1573040604.899742 0.000000 0.000000 0.019154 10.199299 0.000000 -0.039372 0.000000 -0.001766
1573040604.919857 0.000000 -0.000662 0.032920 10.320207 0.001325 -0.039343 0.000000 -0.003363
1573040604.939883 0.000000 0.001325 0.033519 10.278906 -0.002650 -0.039401 0.000000 -0.004157
1573040604.959835 0.000000 0.000000 0.010774 10.237606 0.000000 -0.039401 0.000000 -0.001088
1573040604.979741 0.000000 -0.000662 0.002993 10.243592 0.001325 -0.039372 0.000000 0.000102
1573040604.999794 0.000000 0.000000 0.032920 10.242394 0.000000 -0.039372 0.000000 -0.001036
1573040605.019687 0.000000 0.000662 0.000599 10.235810 -0.001325 -0.039401 0.000000 -0.000995
1573040605.039803 0.000000 0.000000 0.059855 10.230424 0.000000 -0.039401 0.000000 -0.002456
1573040605.059731 0.000000 0.000000 0.034117 10.282497 0.000000 -0.039401 0.000000 -0.003309
1573040605.079819 0.000000 -0.000634 0.010774 10.237008 0.001267 -0.039372 0.000000 -0.001025
1573040605.099858 0.000000 -0.000662 0.007183 10.252570 0.001325 -0.039343 0.000000 -0.002820
1573040605.119685 0.000000 0.000662 0.059855 10.304046 -0.001325 -0.039372 0.000000 -0.001075
1573040605.139700 0.000000 0.000000 0.014365 10.181941 0.000000 -0.039372 0.000000 -0.001393
1573040605.159774 0.000000 -0.000662 0.029928 10.189124 0.001325 -0.039343 0.000000 -0.003270
1573040605.179654 0.000000 0.000634 0.010175 10.237008 -0.001267 -0.039372 0.000000 -0.000868
1573040605.199692 0.000000 0.000000 0.020949 10.224438 0.000000 -0.039372 0.000000 -0.001710
1573040605.219765 0.000000 -0.000662 0.022146 10.259752 0.001325 -0.039343 0.000000 -0.000754
1573040605.239733 0.000000 0.000662 0.008380 10.235810 -0.001325 -0.039372 0.000000 -0.001537
1573040605.259805 0.000000 0.000662 0.024541 10.233417 -0.001325 -0.039372 0.000000 -0.001226
1573040605.279892 0.000000 -0.000662 0.017957 10.283096 0.001325 -0.039343 0.000000 -0.003296
1573040605.299834 0.000000 0.000634 0.011971 10.278906 -0.001267 -0.039372 0.000000 -0.001103
1573040605.319675 0.000000 0.000662 0.025139 10.222643 -0.001325 -0.039401 0.000000 -0.001776
1573040605.339724 0.000000 -0.000662 0.041300 10.156203 0.001325 -0.039372 0.000000 -0.003964
1573040605.359629 0.000000 0.000662 0.017957 10.210671 -0.001325 -0.039401 0.000000 -0.001638
1573040605.379634 0.000000 -0.000662 0.013168 10.272323 0.001325 -0.039372 0.000000 0.000255
1573040605.399789 0.000000 -0.000634 0.017957 10.165182 0.001267 -0.039343 0.000000 -0.001454
1573040605.419771 0.000000 0.000662 0.019752 10.269928 -0.001325 -0.039372 0.000000 -0.002233
1573040605.439659 0.000000 -0.000662 0.035314 10.224438 0.001325 -0.039343 0.000000 -0.002397
1573040605.459666 0.000000 0.000662 -0.001197 10.241198 -0.001325 -0.039372 0.000000 -0.000054
1573040605.479719 0.000000 0.000662 0.014365 10.242993 -0.001325 -0.039372 0.000000 -0.002485
1573040605.499755 0.000000 0.000000 0.014964 10.245986 0.000000 -0.039372 0.000000 -0.000951
1573040605.519751 0.000000 0.000000 0.029928 10.205883 0.000000 -0.039372 0.000000 -0.002987
1573040605.539740 0.000000 0.000000 0.016759 10.146626 0.000000 -0.039372 0.000000 -0.001442
1573040605.559692 0.000000 0.000000 0.035913 10.184934 0.000000 -0.039372 0.000000 -0.002957
1573040605.579709 0.000000 0.000000 0.038307 10.249578 0.000000 -0.039372 0.000000 -0.003668
1573040605.599798 0.000000 0.000000 0.035913 10.232818 0.000000 -0.039372 0.000000 -0.003088
1573040605.619947 0.000000 0.000000 0.041300 10.271125 0.000000 -0.039372 0.000000 -0.003443
1573040605.639749 0.000000 0.000662 0.047285 10.202890 -0.001325 -0.039401 0.000000 -0.002075
1573040605.659810 0.000000 -0.000662 0.017957 10.272323 0.001325 -0.039372 0.000000 -0.001327
1573040605.679792 0.000000 -0.000662 0.016161 10.238804 0.001325 -0.039372 0.000000 -0.002242
1573040605.699755 0.000000 0.000000 0.023942 10.232818 0.000000 -0.039372 0.000000 -0.004006
1573040605.719756 0.000000 0.000000 0.035913 10.178349 0.000000 -0.039372 0.000000 -0.001251
1573040605.739691 0.000000 -0.000662 0.023942 10.223241 0.001325 -0.039343 0.000000 -0.001462
1573040605.759641 0.000000 0.000000 0.040103 10.284293 0.000000 -0.039343 0.000000 -0.003610
1573040605.779744 0.000000 0.000662 0.029928 10.211270 -0.001325 -0.039372 0.000000 -0.003141
1573040605.799763 0.000000 0.000000 0.010774 10.293271 0.000000 -0.039372 0.000000 -0.002063
1573040605.819702 0.000000 0.000000 0.034716 10.233417 0.000000 -0.039372 0.000000 -0.002436
1573040605.839726 0.000000 -0.000662 0.033519 10.253169 0.001325 -0.039343 0.000000 -0.001038
1573040605.860012 0.000000 -0.000662 0.005986 10.289082 -0.002534 -0.039401 0.000000 -0.002056
1573040605.879760 0.000000 0.001267 0.025738 10.207679 -0.002534 -0.039401 0.000000 -0.002819
1573040605.899821 0.000000 -0.000662 0.025738 10.217854 0.001325 -0.039372 0.000000 -0.005227
1573040605.919727 0.000000 0.000000 0.008978 10.200496 0.000000 -0.039372 0.000000 -0.001245
1573040605.939831 0.000000 -0.000662 0.035314 10.218452 0.001325 -0.039343 0.000000 -0.000303
1573040605.959880 0.000000 0.000000 0.013767 10.260950 0.000000 -0.039343 0.000000 -0.000801
1573040605.979760 0.000000 0.000634 0.026935 10.213664 -0.001267 -0.039372 0.000000 -0.003585
1573040605.999860 0.000000 -0.000662 0.017358 10.207080 0.001325 -0.039343 0.000000 -0.000887
1573040606.020172 0.000000 0.000662 0.006584 10.207679 -0.001325 -0.039372 0.000000 -0.001162
1573040606.039609 0.000000 0.000000 0.004788 10.226832 0.000000 -0.039372 0.000000 0.000211
1573040606.059967 0.000000 0.000000 0.002394 10.214263 0.000000 -0.039372 0.000000 -0.001956
1573040606.079758 0.000000 0.000000 0.027533 10.216657 0.000000 -0.039372 0.000000 -0.001670
1573040606.099756 0.000000 0.000634 0.025139 10.189124 -0.001267 -0.039401 0.000000 -0.002845
1573040606.119699 0.000000 -0.001325 0.003591 10.235212 0.002650 -0.039343 0.000000 -0.001427
1573040606.139750 0.000000 0.001325 0.010175 10.246585 -0.002650 -0.039401 0.000000 -0.001247
1573040606.159730 0.000000 -0.000662 0.006584 10.228628 0.001325 -0.039372 0.000000 -0.003488
1573040606.179730 0.000000 -0.000662 0.034117 10.193314 0.001325 -0.039343 0.000000 -0.004568
1573040606.199779 0.000000 0.000000 0.010175 10.239402 0.000000 -0.039343 0.000000 -0.003036
1573040606.219722 0.000000 0.000662 0.037709 10.210073 -0.001325 -0.039372 0.000000 -0.002677
1573040606.239639 0.000000 0.000000 0.016759 10.232220 0.000000 -0.039372 0.000000 -0.000974
1573040606.259654 0.000000 -0.000662 0.030526 10.133458 0.001325 -0.039343 0.000000 -0.003488
1573040606.279707 0.000000 -0.000662 0.025139 10.197503 0.001325 -0.039343 0.000000 -0.004529
1573040606.299735 0.000000 0.000662 0.065841 10.149619 -0.001325 -0.039372 0.000000 -0.002794
1573040606.319754 0.000000 -0.000634 0.010175 10.296863 0.001267 -0.039343 0.000000 -0.001528
1573040606.339780 0.000000 0.000662 0.026935 10.217256 -0.001325 -0.039372 0.000000 -0.002696
1573040606.359719 0.000000 -0.000662 0.017957 10.266336 0.001325 -0.039343 0.000000 -0.003317
1573040606.379724 0.000000 0.000000 0.018555 10.235212 0.000000 -0.039343 0.000000 -0.000977
1573040606.399924 0.000000 0.000662 0.010175 10.274117 -0.001325 -0.039372 0.000000 -0.001057
1573040606.419848 0.000000 0.000000 0.041300 10.230424 0.000000 -0.039372 0.000000 -0.002438
1573040606.439805 0.000000 0.000000 0.024541 10.208876 0.000000 -0.039372 0.000000 -0.003194
1573040606.459769 0.000000 0.000000 0.034716 10.185533 0.000000 -0.039372 0.000000 -0.003690
1573040606.479797 0.000000 0.000000 0.020351 10.179547 0.000000 -0.039372 0.000000 -0.002112
1573040606.499738 0.000000 0.000000 0.010175 10.189722 0.000000 -0.039372 0.000000 -0.001696
1573040606.519778 0.000000 0.000000 0.038307 10.261548 0.000000 -0.039372 0.000000 -0.003736
1573040606.539772 0.000000 0.000000 0.008978 10.305841 0.000000 -0.039372 0.000000 -0.000609
1573040606.559757 0.000000 0.000000 0.017957 10.221445 0.000000 -0.039343 0.000000 -0.003051
1573040606.579765 0.000000 0.000000 0.017358 10.180145 0.000000 -0.039343 0.000000 -0.002246
1573040606.599665 0.000000 0.000662 -0.003591 10.227431 -0.001325 -0.039372 0.000000 0.000132
1573040606.619854 0.000000 0.000662 0.015562 10.236409 -0.001325 -0.039372 0.000000 -0.001349
1573040606.639691 0.000000 0.000000 0.011372 10.193913 0.000000 -0.039401 0.000000 -0.001761
1573040606.659639 0.000000 0.000000 0.016759 10.202890 0.000000 -0.039401 0.000000 -0.001166
1573040606.679576 0.000000 0.000000 0.017358 10.211270 0.000000 -0.039372 0.000000 -0.001911
1573040606.699545 0.000000 0.000000 0.019752 10.260351 0.000000 -0.039372 0.000000 -0.002811
1573040606.719574 0.000000 0.000000 0.038307 10.234613 0.000000 -0.039372 0.000000 -0.003194
1573040606.739580 0.000000 0.000662 0.027533 10.247183 -0.001325 -0.039343 0.000000 -0.004192
1573040606.759570 0.000000 0.000662 0.046687 10.230424 -0.001325 -0.039343 0.000000 -0.001987
1573040606.779564 0.000000 0.000000 0.024541 10.227431 0.000000 -0.039372 0.000000 -0.002885
1573040606.799658 0.000000 0.000000 0.017358 10.203489 0.000000 -0.039372 0.000000 -0.001327
1573040606.819837 0.000000 0.000000 0.022146 10.215460 0.000000 -0.039372 0.000000 -0.002229
1573040606.839796 0.000000 0.000000 0.012570 10.205883 0.000000 -0.039372 0.000000 -0.003717
1573040606.859747 0.000000 -0.000662 0.028132 10.250774 0.001325 -0.039343 0.000000 -0.002461
1573040606.879778 0.000000 -0.000662 0.021548 10.236409 0.001325 -0.039343 0.000000 -0.000962
1573040606.899781 0.000000 -0.000662 0.039504 10.260351 0.001325 -0.039343 0.000000 -0.003948
1573040606.919742 0.000000 0.000000 -0.005986 10.266935 0.000000 -0.039372 0.000000 -0.001766
1573040606.939666 0.000000 0.000000 0.016759 10.217256 0.000000 -0.039372 0.000000 -0.003403
1573040606.959613 0.000000 0.000000 0.024541 10.216657 0.000000 -0.039372 0.000000 -0.002633
1573040606.979728 0.000000 0.000000 -0.002993 10.241796 0.000000 -0.039372 0.000000 -0.000146
1573040606.999743 0.000000 0.000000 0.034117 10.253169 0.000000 -0.039372 0.000000 -0.002994
1573040607.019679 0.000000 0.000000 0.002394 10.223840 0.000000 -0.039372 0.000000 -0.001632
1573040607.039757 0.000000 0.000000 0.018555 10.233417 0.000000 -0.039372 0.000000 -0.001360
1573040607.059844 0.000000 0.000000 0.013168 10.278308 0.000000 -0.039372 0.000000 -0.003415
1573040607.079746 0.000000 0.000000 0.041899 10.236409 0.000000 -0.039343 0.000000 -0.002058
1573040607.099843 0.000000 0.000000 0.021548 10.247782 0.000000 -0.039343 0.000000 -0.001666
1573040607.119816 0.000000 0.000000 0.019752 10.211868 0.000000 -0.039343 0.000000 -0.002334
1573040607.139780 0.000000 0.000000 0.020949 10.181941 0.000000 -0.039372 0.000000 -0.001114
1573040607.160321 0.016000 0.000000 0.039504 10.170568 0.000000 -0.039372 0.000000 -0.003542
1573040607.179807 0.032000 0.024662 0.020949 10.178349 -0.001325 -0.039401 0.000000 -0.003972
1573040607.199638 0.048000 0.048662 0.011971 10.222643 -0.001325 -0.039401 0.000000 -0.001264
1573040607.219706 0.064000 0.071338 0.092775 10.203489 0.001325 -0.039372 0.000000 -0.002926
1573040607.239824 0.080000 0.095338 0.380080 10.353725 0.001325 -0.039372 0.000000 -0.006227
1573040607.259700 0.096000 0.115363 0.848146 10.261548 0.009274 -0.039110 -0.005321 -0.010743
1573040607.279792 0.112000 0.139363 1.242591 10.216059 0.009274 -0.039110 -0.006385 -0.015317
1573040607.299735 0.128000 0.144816 1.453879 10.248381 0.046368 -0.037507 0.000000 -0.019775
1573040607.319804 0.144000 0.168816 1.455675 10.066421 0.046368 -0.037507 0.008514 -0.024097
1573040607.339702 0.160000 0.192816 1.312621 10.308235 0.046368 -0.037507 0.004257 -0.028380
1573040607.359763 0.176000 0.190320 1.012747 10.319009 0.099360 -0.033777 0.000000 -0.032777
1573040607.380126 0.192000 0.214320 0.817620 9.989208 0.099360 -0.033777 -0.011706 -0.037235
1573040607.399749 0.208000 0.013587 0.967257 9.936536 0.151027 -0.027685 -0.010642 -0.040844
1573040607.419782 0.224000 0.236486 0.691326 10.505757 0.151027 -0.027685 0.000000 -0.042883
1573040607.439839 0.240000 0.019755 -0.293888 10.261548 0.184147 -0.019729 0.011706 -0.043664
1573040607.459638 0.256000 0.047553 -1.740585 10.940305 0.184147 -0.019729 0.057467 -0.038328
1573040607.479755 0.272000 0.144054 -1.120486 8.872911 0.158976 -0.012472 -0.020220 -0.034114
1573040607.499865 0.288000 0.168927 -1.492785 10.804434 0.158976 -0.012472 0.020220 -0.029895
1573040607.519774 0.304000 0.222125 -1.618480 10.843938 0.158976 -0.012472 0.011706 -0.024907
1573040607.539697 0.320000 0.305422 0.597952 9.998785 0.088704 -0.007401 -0.030862 -0.024331
1573040607.560110 0.336000 0.318854 2.412757 9.875484 0.088704 -0.007401 -0.063852 -0.029744
1573040607.579799 0.352000 0.288849 2.522291 10.755951 0.095386 -0.003409 -0.013835 -0.034875
1573040607.599884 0.368000 0.296280 2.621651 9.640852 0.095386 -0.003409 -0.017027 -0.038508
1573040607.619947 0.384000 0.268252 2.870049 10.196306 0.173549 0.003149 0.000000 -0.043080
1573040607.639748 0.400000 0.252042 2.701258 9.508572 0.173549 0.003149 0.025541 -0.044883
1573040607.659731 0.400000 0.203607 1.395820 11.053431 0.279533 0.014427 0.037247 -0.047601
1573040607.679783 0.400000 0.229127 0.238223 10.807426 0.279533 0.014427 0.014899 -0.044731
1573040607.699815 0.400000 0.227081 0.011971 9.247005 0.303380 0.027513 0.041504 -0.040095
1573040607.719807 0.400000 0.448310 -1.335366 10.195707 0.303380 0.027513 0.000000 -0.035297
1573040607.740245 0.400000 0.448310 -1.174954 9.537302 0.303380 0.027513 0.000000 -0.031016
1573040607.759722 0.400000 0.324427 -0.319626 11.555016 0.266285 0.039695 0.021284 -0.026358
1573040607.779849 0.400000 0.375674 2.051831 9.181764 0.266285 0.039695 -0.119190 -0.030156
1573040607.799708 0.400000 0.330418 2.526481 10.480618 0.266285 0.051119 -0.078751 -0.035163
1573040607.819688 0.400000 0.244111 1.300051 9.228451 0.266285 0.051119 0.064916 -0.038058
1573040607.839600 0.400000 0.243551 0.860716 10.762535 0.335175 0.065661 -0.021284 -0.039901
1573040607.859676 0.400000 0.203417 0.226252 9.853337 0.335175 0.065661 0.031926 -0.042606
1573040607.879617 0.400000 0.227774 -1.437718 12.058995 0.332007 0.081049 0.025541 -0.038690
1573040607.899635 0.400000 0.235828 -1.422754 10.095750 0.332007 0.081049 0.061724 -0.033461
1573040607.919712 0.400000 0.305126 -2.097919 10.635642 0.282183 0.094251 0.028733 -0.027883
1573040607.939777 0.400000 0.350684 -1.253365 10.545859 0.282183 0.094251 -0.022348 -0.023880
1573040607.959732 0.400000 0.365602 0.046687 10.089765 0.282183 0.094251 -0.014899 -0.020151
1573040607.979857 0.400000 0.394152 1.297059 10.675147 0.241114 0.105209 -0.057467 -0.022805
1573040607.999795 0.400000 0.382539 2.300828 9.633669 0.241114 0.105209 -0.081943 -0.027575
1573040608.020206 0.400000 0.470745 1.926135 11.161170 0.258509 0.116284 0.000000 -0.032389
1573040608.039674 0.400000 0.281925 1.365892 9.506178 0.258509 0.116284 0.037247 -0.034039
1573040608.059648 0.400000 0.272099 1.981202 9.240421 0.319277 0.129748 -0.051082 -0.038761
1573040608.079753 0.400000 0.440361 1.672350 9.544485 0.319277 0.129748 0.007449 -0.042433
1573040608.099765 0.400000 0.173522 -0.004788 12.154763 0.384193 0.146272 0.054274 -0.041449
1573040608.119776 0.400000 0.203102 -1.714847 10.500969 0.384193 0.146272 0.050017 -0.035959
1573040608.139719 0.400000 0.273735 -0.451906 8.716091 0.374919 0.162593 -0.041504 -0.031912
1573040608.159915 0.400000 0.257642 -2.098518 9.500193 0.374919 0.162593 0.030862 -0.027893
1573040608.179703 0.400000 0.412541 -2.027889 10.962451 0.374919 0.162593 0.000000 -0.022728
1573040608.199737 0.400000 0.365586 -1.030105 10.711060 0.291456 0.176727 -0.020220 -0.019759
1573040608.219935 0.400000 0.454272 -0.430956 10.706870 0.291456 0.176727 0.000000 -0.016082
1573040608.239847 0.400000 0.470832 0.230442 9.597157 0.258336 0.188327 0.000000 -0.016873
1573040608.259820 0.400000 0.399042 1.828572 10.931326 0.258336 0.188327 -0.064916 -0.020850
1573040608.279749 0.400000 0.346220 2.790442 10.936713 0.310004 0.201005 -0.075558 -0.027312
1573040608.299785 0.400000 0.444998 1.687912 10.464457 0.310004 0.201005 0.004257 -0.032152
1573040608.319683 0.400000 0.214639 2.012326 10.005967 0.396116 0.217646 0.011706 -0.036290
1573040608.339750 0.400000 0.195539 0.481833 9.306262 0.396116 0.217646 0.032990 -0.037982
1573040608.359836 0.400000 0.401942 0.249596 9.610924 0.396116 0.217646 -0.006385 -0.039849
1573040608.379816 0.400000 0.189133 -1.980603 11.378444 0.398765 0.244225 0.077687 -0.034528
1573040608.399914 0.400000 0.230630 -2.409165 10.148422 0.398765 0.244225 0.057467 -0.028251
1573040608.419800 0.400000 0.322492 -0.468066 9.546281 0.323252 0.258681 -0.022348 -0.025411
1573040608.439691 0.400000 0.347618 -1.069610 11.621455 0.312653 0.265559 -0.046825 -0.023894
1573040608.459660 0.400000 0.458707 -1.426346 10.781090 0.282586 0.272058 0.000000 -0.020838
1573040608.479763 0.400000 0.391058 -0.362123 10.348338 0.282586 0.272058 -0.034054 -0.016935
1573040608.499668 0.400000 0.353580 1.691504 10.566211 0.296756 0.278586 -0.024477 -0.022056
1573040608.519639 0.400000 0.336811 1.659780 7.685387 0.296756 0.278586 -0.041504 -0.027113
1573040608.539871 0.400000 0.315614 1.604115 10.680533 0.296756 0.278586 -0.051082 -0.032310
1573040608.559673 0.400000 0.422477 0.439336 9.523536 0.355047 0.293507 0.005321 -0.037010
1573040608.579719 0.400000 0.231378 -0.443526 10.660782 0.355047 0.293507 0.037247 -0.034495
1573040608.599765 0.400000 0.254511 -0.614711 9.296086 0.372269 0.309769 0.025541 -0.029317
1573040608.619804 0.400000 0.413865 -0.193332 10.937910 0.372269 0.309769 0.000000 -0.027699
1573040608.639780 0.400000 0.418502 -0.448913 11.117476 0.362996 0.334192 -0.006385 -0.026328
1573040608.659896 0.400000 0.289631 -1.246182 10.272921 0.362996 0.334192 0.038311 -0.021397
1573040608.679752 0.400000 0.321678 0.773327 10.125079 0.364320 0.350016 -0.013835 -0.020616
1573040608.699693 0.400000 0.428928 0.237625 8.476671 0.342144 0.357885 0.009578 -0.023921
1573040608.719848 0.400000 0.428928 -0.544681 11.184513 0.342144 0.357885 0.000000 -0.021785
1573040608.739652 0.400000 0.337950 -0.374094 10.458471 0.356372 0.365725 -0.011706 -0.017943
1573040608.759815 0.400000 0.421814 1.031302 10.329185 0.356372 0.365725 0.005321 -0.020136
1573040608.779736 0.400000 0.421814 0.589572 9.124901 0.356372 0.373565 0.009578 -0.023733
1573040608.799721 0.400000 0.421814 -0.110732 10.790069 0.356372 0.373565 -0.009578 -0.022437
1573040608.819702 0.400000 0.292624 0.323217 9.504981 0.392141 0.398745 -0.015963 -0.023857
1573040608.839937 0.400000 0.294891 0.826000 10.690709 0.392141 0.398745 0.005321 -0.025631
1573040608.859757 0.400000 0.247546 -0.637456 9.320627 0.390817 0.416348 0.061724 -0.025237
1573040608.879649 0.400000 0.299032 -0.451906 10.903194 0.372269 0.424537 0.017027 -0.021264
1573040608.899792 0.400000 0.325676 -1.381454 9.302072 0.328551 0.431765 0.055338 -0.016476
1573040608.919916 0.400000 0.353542 -1.993173 11.237185 0.328551 0.431765 0.060659 -0.010370
1573040608.939820 0.400000 0.429750 -1.001973 10.240599 0.293991 0.438527 -0.011706 -0.005822
1573040608.959698 0.400000 0.416505 0.472256 9.777920 0.293991 0.438527 -0.011706 -0.008471
1573040608.979762 0.400000 0.400249 0.941520 10.954670 0.293991 0.438527 -0.025541 -0.013105
1573040608.999633 0.400000 0.373404 1.698686 9.933542 0.298080 0.451729 -0.027669 -0.018278
1573040609.019713 0.400000 0.350000 1.633444 10.095750 0.298080 0.451729 -0.017027 -0.021895
1573040609.039777 0.400000 0.420489 1.719037 11.110891 0.359021 0.466884 0.000000 -0.023970
1573040609.059693 0.400000 0.260238 0.603339 8.045714 0.359021 0.466884 0.053210 -0.026729
1573040609.079736 0.400000 0.262338 0.106542 10.881646 0.385517 0.483700 0.028733 -0.026107
1573040609.099699 0.400000 0.278835 0.219668 11.975198 0.385517 0.483700 0.013835 -0.024298
1573040609.119741 0.400000 0.261266 -1.367688 10.808024 0.402740 0.501536 0.084072 -0.019066
1573040609.139918 0.400000 0.309343 -1.578377 8.914810 0.402740 0.501536 0.048953 -0.012962
1573040609.159686 0.400000 0.415149 -2.159570 11.166556 0.293991 0.515932 -0.011706 -0.008742
1573040609.179694 0.400000 0.414561 -1.671153 10.709863 0.293991 0.515932 0.038311 -0.003858
1573040609.199694 0.400000 0.473877 -0.010175 10.007164 0.293991 0.515932 -0.050017 -0.000827
1573040609.219743 0.400000 0.458439 1.893813 10.424354 0.288807 0.528755 -0.048953 -0.004327
1573040609.239725 0.400000 0.447451 1.878251 9.765350 0.288807 0.528755 -0.052146 -0.006844
1573040609.259839 0.400000 0.435062 2.273893 10.176554 0.329876 0.542598 -0.007449 -0.011968
1573040609.279849 0.400000 0.435062 2.003947 10.809222 0.329876 0.542598 -0.005321 -0.015492
1573040609.299775 0.400000 0.397968 1.917755 10.602722 0.404065 0.559646 -0.005321 -0.019869
1573040609.319844 0.400000 0.264797 1.486799 9.222465 0.404065 0.559646 0.035119 -0.023122
1573040609.339786 0.400000 0.239799 0.714071 10.078990 0.433210 0.578618 0.024477 -0.026272
1573040609.359829 0.400000 0.251766 0.113126 10.733805 0.433210 0.578618 0.028733 -0.023453
1573040609.379781 0.400000 0.256207 -2.604891 11.465233 0.434535 0.597998 0.073430 -0.017962
1573040609.399724 0.400000 0.306162 -2.597709 8.827421 0.434535 0.597998 0.031926 -0.012121
1573040609.419697 0.400000 0.382733 -2.118270 9.300277 0.434535 0.597998 -0.008514 -0.008839
1573040609.439679 0.400000 0.422949 -2.407370 10.398018 0.291456 0.612569 0.022348 -0.004030
1573040609.459728 0.400000 0.453918 -1.026514 9.951499 0.291456 0.612569 -0.020220 -0.002093
1573040609.479809 0.400000 0.471107 -0.417190 11.052832 0.298080 0.625421 -0.053210 -0.001292
1573040609.499663 0.400000 0.437623 2.790442 9.734824 0.298080 0.625421 -0.042568 -0.006924
1573040609.519676 0.400000 0.423801 1.799841 10.811616 0.352397 0.639964 -0.009578 -0.011453
1573040609.539641 0.400000 0.423801 1.697489 9.655217 0.352397 0.639964 -0.009578 -0.016213
1573040609.559696 0.400000 0.272556 1.661576 10.603321 0.419962 0.657712 0.035119 -0.019981
1573040609.579706 0.400000 0.256137 0.718859 9.296086 0.419962 0.657712 0.034054 -0.023371
1573040609.599646 0.400000 0.259903 0.031723 10.706870 0.447783 0.677151 -0.019156 -0.025157
1573040609.619816 0.400000 0.256312 -1.634641 10.202890 0.447783 0.677151 0.024477 -0.021512
1573040609.639765 0.400000 0.276731 -2.136825 10.799047 0.447783 0.677151 0.038311 -0.016044
1573040609.659732 0.400000 0.359506 -2.473210 9.529521 0.361152 0.695221 -0.021284 -0.014112
1573040609.679838 0.400000 0.419424 -2.197877 10.460267 0.361152 0.695221 -0.004257 -0.010998
1573040609.699778 0.400000 0.448973 -1.259949 8.570643 0.302055 0.708947 0.006385 -0.006510
1573040609.719817 0.400000 0.452412 -0.272340 10.390835 0.302055 0.708947 -0.036183 -0.002930
1573040609.739815 0.400000 0.429895 1.819593 11.400590 0.312653 0.722441 -0.053210 -0.008077
1573040609.759721 0.400000 0.443673 2.124255 9.803658 0.312653 0.722441 -0.008514 -0.013039
1573040609.779666 0.400000 0.415622 1.700482 10.851121 0.368756 0.738674 -0.006385 -0.017443
1573040609.799746 0.400000 0.415622 1.127070 10.091560 0.368756 0.738674 -0.008514 -0.022146
1573040609.819745 0.400000 0.274579 0.920571 10.044274 0.368756 0.738674 0.021284 -0.026080
1573040609.839668 0.400000 0.383395 -0.175375 10.388441 0.433210 0.757209 0.000000 -0.024715
1573040609.860192 0.400000 0.383395 -0.413000 9.612122 0.433210 0.757209 -0.005321 -0.024380
1573040609.879720 0.400000 0.263250 -2.057218 9.923368 0.427911 0.776444 0.040440 -0.020515
1573040609.899804 0.400000 0.300688 -1.054047 10.585962 0.427911 0.776444 0.015963 -0.015475
1573040609.919686 0.400000 0.367208 -0.090980 9.373899 0.389492 0.793726 -0.043632 -0.011972
1573040609.939783 0.400000 0.405254 -1.923142 9.691729 0.389492 0.793726 0.000000 -0.008019
1573040609.959762 0.400000 0.440361 -1.003769 11.865664 0.319277 0.808706 0.009578 -0.003373
1573040609.979639 0.400000 0.448119 0.263362 9.715072 0.319277 0.808706 -0.029798 -0.001428
1573040609.999520 0.400000 0.431920 1.458069 9.695918 0.333850 0.823190 -0.056403 -0.005871
1573040610.019584 0.400000 0.406408 1.638831 9.358934 0.333850 0.823190 -0.060659 -0.011399
1573040610.039685 0.400000 0.356885 1.145625 11.083957 0.333850 0.823190 -0.011706 -0.016409
1573040610.059623 0.400000 0.403267 1.135450 11.703456 0.393466 0.839715 -0.007449 -0.019948
1573040610.080057 0.400000 0.289002 0.348356 8.627505 0.393466 0.839715 0.015963 -0.021257
1573040610.099805 0.400000 0.293251 -0.100556 8.829816 0.412013 0.857580 0.024477 -0.017701
1573040610.119819 0.400000 0.322584 -0.206500 9.967061 0.412013 0.857580 -0.023412 -0.016623
1573040610.139740 0.400000 0.335894 -1.799242 9.981427 0.392833 0.875679 0.010642 -0.012474
1573040610.159862 0.400000 0.403584 -1.178546 11.039065 0.392833 0.875679 -0.007449 -0.008031
1573040610.179741 0.400000 0.430425 -1.247978 9.314642 0.339149 0.891009 0.000000 -0.003988
1573040610.199738 0.400000 0.437579 0.198719 10.667964 0.339149 0.891009 -0.042568 -0.002826
1573040610.219787 0.400000 0.410924 1.174954 11.478401 0.339149 0.891009 -0.028733 -0.006774
1573040610.239719 0.400000 0.408166 1.083975 10.420164 0.333850 0.905552 -0.061724 -0.011154
1573040610.259761 0.400000 0.383540 1.963245 10.700286 0.333850 0.905552 -0.037247 -0.013632
1573040610.279689 0.400000 0.411878 0.598550 9.460090 0.376244 0.921611 0.009578 -0.017650
1573040610.299736 0.400000 0.411878 1.067215 9.412804 0.376244 0.921611 -0.006385 -0.020308
1573040610.319762 0.400000 0.398630 0.026935 11.664551 0.402740 0.939127 0.006385 -0.021697
1573040610.339891 0.400000 0.398630 0.120907 12.594698 0.402740 0.939127 -0.006385 -0.021127
1573040610.359838 0.400000 0.312016 -0.263961 8.119336 0.410573 0.957750 -0.020220 -0.018561
1573040610.379707 0.400000 0.290592 -0.131083 10.287286 0.410573 0.957750 0.022348 -0.018589
1573040610.399681 0.400000 0.314552 -1.294665 10.211270 0.417313 0.976169 -0.021284 -0.017487
1573040610.419701 0.400000 0.329694 -0.934337 10.074800 0.417313 0.976169 -0.012770 -0.013607
1573040610.439684 0.400000 0.345907 -1.090559 10.016143 0.417313 0.976169 -0.013835 -0.010471
1573040610.459715 0.400000 0.420489 -1.414973 9.527725 0.359021 0.992811 -0.006385 -0.008527
1573040610.480109 0.400000 0.381684 -0.755969 10.614693 0.359021 0.992811 0.029798 -0.004781
1573040610.499692 0.400000 0.453864 -0.097564 9.123704 0.328551 1.007354 -0.048953 -0.001267
1573040610.519784 0.400000 0.433134 1.772308 8.650849 0.328551 1.007354 -0.060659 -0.006584
1573040610.539845 0.400000 0.389885 1.276708 10.617686 0.343124 1.022304 -0.044696 -0.012180
1573040610.559858 0.400000 0.331554 1.592743 10.159196 0.343124 1.022304 0.030862 -0.016291
1573040610.579709 0.400000 0.397968 1.657386 11.402386 0.404065 1.039616 0.000000 -0.020008
1573040610.599724 0.400000 0.261059 0.323217 8.246229 0.404065 1.039616 0.046825 -0.022699
1573040610.619610 0.400000 0.397968 -0.620697 9.669582 0.404065 1.039616 -0.004257 -0.021067
1573040610.639524 0.400000 0.396643 -0.548272 12.552799 0.406714 1.057598 -0.005321 -0.016982
1573040610.659653 0.400000 0.334078 -0.329203 11.379042 0.406714 1.057598 -0.021284 -0.014641
1573040610.679629 0.384000 0.402950 -0.523732 10.570400 0.394100 1.075725 -0.006385 -0.012732
1573040610.699765 0.368000 0.351176 -0.183755 8.740033 0.394100 1.075725 -0.051082 -0.010663
1573040610.719848 0.352000 0.308030 -0.180164 9.967061 0.385517 1.092978 0.021284 -0.008114
1573040610.739745 0.336000 0.326066 -0.842759 10.271125 0.385517 1.092978 -0.023412 -0.004176
1573040610.759753 0.320000 0.322790 0.382474 10.829573 0.362420 1.109503 -0.006385 -0.004657
1573040610.779756 0.304000 0.298790 -0.302268 10.010158 0.362420 1.109503 0.000000 -0.000585
1573040610.799773 0.288000 0.279139 -0.284910 9.793482 0.353722 1.125066 0.005321 0.002880
1573040610.819732 0.272000 0.294459 -0.465074 10.176554 0.353722 1.125066 -0.011706 0.006693
1573040610.839678 0.256000 0.292477 -0.545878 9.497199 0.353722 1.125066 -0.028733 0.009394
1573040610.859828 0.240000 0.218400 -0.666187 11.199477 0.331200 1.139784 0.004257 0.010901
1573040610.879783 0.224000 0.284177 -0.932542 9.648034 0.331200 1.139784 -0.027669 0.015188
1573040610.899892 0.208000 0.277279 -0.438139 10.449493 0.298080 1.153132 -0.022348 0.015829
1573040610.919767 0.192000 0.162960 -0.912191 10.310031 0.298080 1.153132 -0.008514 0.020045
1573040610.939796 0.176000 0.278721 -0.223259 9.816825 0.267610 1.165198 -0.043632 0.020542
1573040610.959769 0.160000 0.221414 0.346561 9.880870 0.267610 1.165198 -0.027669 0.015477
1573040610.979846 0.144000 0.196320 -0.906205 10.184336 0.241114 1.176389 0.026605 0.018036
1573040611.000017 0.128000 0.193143 0.027533 10.630256 0.241114 1.176389 -0.031926 0.016347
1573040611.019884 0.112000 0.146082 0.325611 9.963470 0.241114 1.176389 -0.015963 0.013331
1573040611.039801 0.096000 0.046781 -0.376488 10.723629 0.242439 1.186998 0.005321 0.015234
1573040611.059803 0.080000 0.102593 -0.326210 10.352528 0.242439 1.186998 0.011706 0.017133
1573040611.079662 0.064000 0.112494 -1.955464 9.935338 0.206669 1.196615 0.026605 0.021826
1573040611.099697 0.048000 0.114205 -2.129642 10.608109 0.206669 1.196615 0.012770 0.025585
1573040611.119744 0.032000 0.165597 -1.460463 9.810242 0.125856 1.202940 -0.014899 0.029815
1573040611.139678 0.016000 0.134918 -0.296282 10.610503 0.125856 1.202940 -0.015963 0.028373
1573040611.159703 0.000000 0.108935 0.116717 10.371681 0.096307 1.207690 -0.018091 0.024809
1573040611.179658 0.000000 0.066076 1.384447 9.513360 0.096307 1.207690 -0.029798 0.019866
1573040611.199712 0.000000 -0.048154 0.936731 10.232220 0.096307 1.207690 0.000000 0.015206
1573040611.219649 0.000000 -0.058954 -0.285509 10.225636 0.117907 1.212645 0.000000 0.012856
1573040611.239699 0.000000 -0.058954 -0.165798 10.151415 0.117907 1.212645 0.007449 0.015912
1573040611.259879 0.000000 0.010666 -1.960851 10.324995 0.123207 1.218036 0.047889 0.021185
1573040611.279672 0.000000 0.037823 -2.273893 10.502764 0.123207 1.218036 0.037247 0.023610
1573040611.299728 0.000000 -0.010598 -2.113482 10.306439 0.021197 1.220280 0.000000 0.027167
1573040611.319637 0.000000 -0.010598 -1.220444 10.607511 0.021197 1.220280 -0.005321 0.031459
1573040611.340046 0.000000 0.158284 0.370503 10.474632 0.005299 1.220397 -0.031926 0.028994
1573040611.359727 0.000000 0.125795 0.687734 9.528923 0.005299 1.220397 -0.015963 0.024093
1573040611.379771 0.000000 -0.002650 0.895431 10.229825 0.005299 1.220397 -0.007449 0.019543
1573040611.399839 0.000000 0.082138 2.349310 10.113108 0.021197 1.220601 -0.039375 0.014610
1573040611.419700 0.000000 -0.010598 1.537077 10.081385 0.021197 1.220601 0.000000 0.009761
1573040611.439762 0.000000 0.008908 -0.496797 10.413580 0.059616 1.223166 0.039375 0.011681
1573040611.459788 0.000000 0.012436 0.320823 10.495582 0.078163 1.224885 0.014899 0.011793
1573040611.479740 0.000000 0.026975 -0.263961 9.895834 0.077299 1.226663 -0.014899 0.011635
1573040611.499740 0.000000 0.027922 -1.104326 10.481216 0.077299 1.226663 0.018091 0.015123
1573040611.519837 0.000000 -0.025834 -1.451485 10.415975 0.051667 1.227800 0.007449 0.019952
1573040611.539739 0.000000 0.101668 -0.320823 10.020332 0.051667 1.227800 -0.014899 0.024010
1573040611.559806 0.000000 0.092849 0.006584 10.274117 0.021197 1.229053 -0.011706 0.019519
1573040611.579677 0.000000 -0.010598 -0.037709 10.517728 0.021197 1.229053 0.000000 0.020255
1573040611.599657 0.000000 0.083529 1.560421 10.897807 0.021197 1.229053 -0.031926 0.015633
1573040611.619658 0.000000 0.057325 1.403601 9.459491 0.009274 1.229403 -0.018091 0.010583
1573040611.639881 0.000000 0.043563 0.119112 10.599131 0.009274 1.229403 0.030862 0.010992
1573040611.659631 0.000000 -0.018547 0.350751 10.377069 0.037094 1.231064 0.000000 0.007752
1573040611.679692 0.000000 -0.018547 0.458490 9.891046 0.037094 1.231064 -0.008514 0.006712
1573040611.699926 0.000000 -0.023492 0.058658 10.240001 0.062266 1.233541 0.011706 0.002699
1573040611.719722 0.000000 -0.000652 -1.380856 10.084377 0.062266 1.233541 0.012770 0.007373
1573040611.739892 0.000000 0.037579 -1.486799 10.381857 0.027821 1.235319 0.018091 0.012107
1573040611.759781 0.000000 -0.013910 -0.902015 10.218452 0.027821 1.235319 0.000000 0.016669
1573040611.779652 0.000000 0.080975 0.645836 10.555436 -0.003974 1.235348 -0.018091 0.013989
1573040611.799797 0.000000 0.055528 0.789488 10.440515 -0.003974 1.235348 -0.014899 0.009218
1573040611.819882 0.000000 0.001987 0.696114 10.192117 -0.003974 1.235348 -0.005321 0.004645
1573040611.839772 0.000000 0.003168 1.233612 10.290877 -0.006336 1.235086 0.000000 0.001352
1573040611.859678 0.000000 0.003168 1.020528 10.258555 -0.006336 1.235086 0.000000 -0.003137
1573040611.879624 0.000000 -0.044818 0.350152 10.135254 0.026496 1.235960 0.012770 -0.005037
1573040611.899765 0.000000 -0.027114 -0.365116 10.251971 0.026496 1.235960 0.013835 -0.001390
1573040611.919720 0.000000 -0.017222 -0.563834 10.116699 0.034445 1.237388 0.005321 0.003072
1573040611.939708 0.000000 0.010113 -1.308431 10.235212 0.034445 1.237388 0.023412 0.007808
1573040611.959692 0.000000 0.067161 -0.675165 10.529699 0.001325 1.237767 -0.013835 0.012181
1573040611.979813 0.000000 0.052445 0.616507 10.397419 0.001325 1.237767 -0.012770 0.009344
1573040611.999687 0.000000 0.007949 0.517148 9.774328 -0.015898 1.237330 -0.007449 0.004838
1573040612.019719 0.000000 0.018938 1.308431 10.405200 -0.015898 1.237330 -0.021284 0.000069
1573040612.039813 0.000000 0.007949 1.272518 9.891644 -0.015898 1.237330 -0.008514 -0.003498
1573040612.059718 0.000000 -0.038018 0.057461 10.568007 0.011405 1.237476 0.011706 -0.005292
1573040612.079656 0.000000 -0.028044 -0.162207 10.140641 0.011405 1.237476 0.012770 -0.003191
1573040612.099766 0.000000 -0.011261 -0.204704 10.147225 0.022522 1.238321 0.006385 0.000344
1573040612.119804 0.000000 0.005523 -0.758962 10.162787 0.022522 1.238321 0.014899 0.004847
1573040612.140221 0.000000 -0.001987 -0.544082 10.332177 0.003974 1.238874 -0.005321 0.009331
1573040612.159760 0.000000 0.037251 0.317830 10.429142 0.003974 1.238874 -0.011706 0.006677
1573040612.179738 0.000000 0.004435 0.279523 9.748590 -0.008870 1.238612 0.000000 0.002296
1573040612.199947 0.000000 0.004435 0.597353 10.596138 -0.008870 1.238612 0.000000 -0.001955
1573040612.219740 0.000000 0.004435 0.479439 10.084377 -0.008870 1.238612 0.000000 -0.006272
1573040612.239732 0.000000 0.000662 -0.014365 10.037092 -0.001325 1.238408 0.007449 -0.008820
1573040612.259712 0.000000 0.000662 -0.082001 10.443507 -0.001325 1.238408 0.005321 -0.005289
1573040612.279764 0.000000 -0.002534 0.025139 10.228029 0.005069 1.238496 0.000000 -0.004106
1573040612.299852 0.000000 -0.002534 0.110732 10.002975 0.005069 1.238496 0.000000 -0.006386
1573040612.319695 0.000000 0.000000 0.070030 10.319009 0.000000 1.238583 0.000000 -0.009262
1573040612.339588 0.000000 0.000000 0.170587 10.279505 0.000000 1.238583 0.000000 -0.011675
1573040612.359693 0.000000 0.000000 0.230442 10.187328 0.000000 1.238583 0.000000 -0.015877
1573040612.379666 0.000000 0.000000 0.153229 10.270527 0.000000 1.238583 0.000000 -0.014816
1573040612.399638 0.000000 0.000000 0.105345 10.237008 0.000000 1.238583 0.000000 -0.011142
1573040612.419671 0.000000 0.000000 0.139462 10.230424 0.000000 1.238583 0.000000 -0.012810
1573040612.439655 0.000000 0.000000 0.146645 10.237008 0.000000 1.238583 0.000000 -0.013490
1573040612.459766 0.000000 0.000662 0.128688 10.228628 -0.001325 1.238583 0.000000 -0.011454
1573040612.479692 0.000000 0.000662 0.153229 10.222643 -0.001325 1.238583 0.000000 -0.012206
1573040612.499956 0.000000 0.000000 0.180762 10.173561 0.000000 1.238583 0.000000 -0.015510
1573040612.519878 0.000000 0.000000 0.144251 10.236409 0.000000 1.238583 0.000000 -0.016340
1573040612.539769 0.000000 0.000000 0.117914 10.186131 0.000000 1.238612 0.000000 -0.014502
1573040612.559737 0.000000 0.000000 0.143652 10.268731 0.000000 1.238612 0.000000 -0.015359
1573040612.579789 0.000000 0.000000 0.159813 10.249578 0.000000 1.238612 0.000000 -0.014933
1573040612.599774 0.000000 0.000000 0.129885 10.290877 0.000000 1.238612 0.000000 -0.013400
1573040612.619659 0.000000 0.000000 0.173580 10.202291 0.000000 1.238612 0.000000 -0.014764
1573040612.639846 0.000000 0.000000 0.173580 10.205284 0.000000 1.238583 0.000000 -0.014348
1573040612.659748 0.000000 0.000000 0.110133 10.228029 0.000000 1.238583 0.000000 -0.012151
1573040612.679727 0.000000 0.000634 0.120309 10.205883 -0.001267 1.238583 0.000000 -0.012083
1573040612.699885 0.000000 0.000634 0.141258 10.181342 -0.001267 1.238583 0.000000 -0.011567
1573040612.719731 0.000000 0.000662 0.144849 10.287885 -0.001325 1.238583 0.000000 -0.014011
1573040612.739750 0.000000 0.000662 0.172383 10.257957 -0.001325 1.238583 0.000000 -0.015185
1573040612.759753 0.000000 0.000000 0.171185 10.239402 0.000000 1.238583 0.000000 -0.017020
1573040612.779784 0.000000 0.000000 0.124498 10.219649 0.000000 1.238583 0.000000 -0.012731
1573040612.799781 0.000000 0.000000 0.128688 10.188525 0.000000 1.238583 0.000000 -0.013790
1573040612.819841 0.000000 0.000662 0.158616 10.226233 -0.001325 1.238583 0.000000 -0.013596
1573040612.839706 0.000000 0.000662 0.133477 10.217854 -0.001325 1.238583 0.000000 -0.014678
1573040612.859756 0.000000 0.000662 0.158616 10.235212 -0.001325 1.238583 0.000000 -0.016290
1573040612.879948 0.000000 0.000000 0.149638 10.206482 0.000000 1.238583 0.000000 -0.015149
1573040612.899810 0.000000 0.000000 0.105345 10.225636 0.000000 1.238583 0.000000 -0.014472
1573040612.919841 0.000000 0.000000 0.127491 10.281301 0.000000 1.238583 0.000000 -0.012681
1573040612.939830 0.000000 -0.000662 0.160412 10.199898 0.001325 1.238612 0.000000 -0.014801
1573040612.959739 0.000000 -0.000662 0.141258 10.206482 0.001325 1.238612 0.000000 -0.012833
1573040612.979746 0.000000 -0.000662 0.153229 10.179547 0.001325 1.238612 0.000000 -0.014517
1573040612.999792 0.000000 0.000662 0.172981 10.228029 -0.001325 1.238583 0.000000 -0.014414
1573040613.019752 0.000000 0.000662 0.143054 10.268731 -0.001325 1.238583 0.000000 -0.015919
1573040613.039703 0.000000 0.000662 0.161609 10.258555 -0.001325 1.238583 0.000000 -0.015195
1573040613.059680 0.000000 0.000662 0.147842 10.242394 -0.001325 1.238583 0.000000 -0.014822
1573040613.079919 0.000000 -0.000662 0.154426 10.293870 0.001325 1.238612 0.000000 -0.014891
1573040613.099754 0.000000 -0.000662 0.146645 10.264541 0.001325 1.238612 0.000000 -0.013430
1573040613.119645 0.000000 0.001325 0.162806 10.176554 -0.002650 1.238583 0.000000 -0.015614
1573040613.139715 0.000000 0.001325 0.140061 10.247183 -0.002650 1.238583 0.000000 -0.013627
1573040613.159948 0.000000 0.000000 0.165798 10.183138 0.000000 1.238583 0.000000 -0.013109
1573040613.179951 0.000000 0.000000 0.149039 10.189124 0.000000 1.238583 0.000000 -0.014151
1573040613.199886 0.000000 0.000000 0.139462 10.254366 0.000000 1.238583 0.000000 -0.013049
1573040613.219952 0.000000 0.000000 0.162207 10.218452 0.000000 1.238612 0.000000 -0.015546
1573040613.239683 0.000000 0.000000 0.152630 10.220248 0.000000 1.238612 0.000000 -0.014875
1573040613.259885 0.000000 0.001325 0.113126 10.245387 -0.002650 1.238583 0.000000 -0.012710
1573040613.279698 0.000000 0.001325 0.126294 10.267534 -0.002650 1.238583 0.000000 -0.012558
1573040613.299901 0.000000 -0.001325 0.169988 10.237606 0.002650 1.238641 0.000000 -0.015384
1573040613.319655 0.000000 -0.001325 0.151433 10.222044 0.002650 1.238641 0.000000 -0.014351
1573040613.339820 0.000000 0.001325 0.135871 10.180744 -0.002650 1.238583 0.000000 -0.013116
1573040613.359688 0.000000 0.001325 0.132878 10.192715 -0.002650 1.238583 0.000000 -0.013940
1573040613.379848 0.000000 0.000634 0.118513 10.267534 -0.001267 1.238583 0.000000 -0.016074
1573040613.399755 0.000000 0.000634 0.138864 10.287885 -0.001267 1.238583 0.000000 -0.013640
1573040613.419934 0.000000 0.000634 0.146046 10.245986 -0.001267 1.238583 0.000000 -0.014707
1573040613.439888 0.000000 0.000000 0.132280 10.223241 0.000000 1.238583 0.000000 -0.012711
1573040613.459738 0.000000 0.000000 0.190938 10.192715 0.000000 1.238583 0.000000 -0.016583
1573040613.479707 0.000000 0.000662 0.160412 10.192715 -0.001325 1.238583 0.000000 -0.014693
1573040613.499789 0.000000 0.000662 0.128090 10.219051 -0.001325 1.238583 0.000000 -0.014171
1573040613.519812 0.000000 0.000000 0.149039 10.187328 0.000000 1.238583 0.000000 -0.014266
1573040613.539710 0.000000 0.000000 0.148441 10.177752 0.000000 1.238583 0.000000 -0.014676
1573040613.559759 0.000000 0.000662 0.132878 10.278308 -0.001325 1.238612 0.000000 -0.012721
1573040613.579715 0.000000 0.000662 0.126294 10.287286 -0.001325 1.238612 0.000000 -0.013901
1573040613.599823 0.000000 0.000662 0.151433 10.211270 -0.001325 1.238612 0.000000 -0.016017
1573040613.619842 0.000000 0.000000 0.150835 10.235810 0.000000 1.238583 0.000000 -0.013909
1573040613.639662 0.000000 0.000000 0.144849 10.192715 0.000000 1.238583 0.000000 -0.014361
1573040613.659790 0.000000 0.000662 0.140659 10.223241 -0.001325 1.238583 0.000000 -0.013658
1573040613.680279 0.000000 0.000662 0.166996 10.288483 -0.001325 1.238583 0.000000 -0.014924
1573040613.699787 0.000000 0.001325 0.177171 10.248979 -0.002650 1.238583 0.000000 -0.015084
1573040613.719802 0.000000 0.001325 0.154426 10.159196 -0.002650 1.238583 0.000000 -0.014923
1573040613.739859 0.000000 0.000000 0.128090 10.242993 0.000000 1.238612 0.000000 -0.012694
1573040613.759878 0.000000 0.000000 0.165798 10.228628 0.000000 1.238612 0.000000 -0.013603
1573040613.779650 0.000000 0.000662 0.154426 10.268132 -0.001325 1.238583 0.000000 -0.013070
1573040613.799846 0.000000 0.000662 0.122703 10.225037 -0.001325 1.238583 0.000000 -0.013515
1573040613.819780 0.000000 0.000662 0.169988 10.253767 -0.001325 1.238583 0.000000 -0.016830
1573040613.839704 0.000000 0.000000 0.133477 10.196306 0.000000 1.238583 0.000000 -0.013397
1573040613.859600 0.000000 0.000000 0.127491 10.202291 0.000000 1.238583 0.000000 -0.015229
1573040613.879595 0.000000 0.000662 0.155025 10.267534 -0.001325 1.238583 0.000000 -0.016889
1573040613.899528 0.000000 0.000662 0.120309 10.235212 -0.001325 1.238583 0.000000 -0.013124
1573040613.919599 0.000000 0.000662 0.124498 10.240001 -0.001325 1.238583 0.000000 -0.012742
1573040613.939623 0.000000 -0.001325 0.153229 10.279505 0.002650 1.238641 0.000000 -0.014875
1573040613.959629 0.000000 0.001267 0.141856 10.223840 -0.002534 1.238583 0.000000 -0.015548
1573040613.979495 0.000000 0.001267 0.131083 10.169971 -0.002534 1.238583 0.000000 -0.014888
1573040613.999658 0.000000 0.000000 0.149039 10.206482 0.000000 1.238583 0.000000 -0.014689
1573040614.019720 0.000000 0.000000 0.129885 10.248381 0.000000 1.238583 0.000000 -0.012210
1573040614.039707 0.000000 0.000000 0.158017 10.278906 0.000000 1.238583 0.000000 -0.014455
1573040614.059679 0.000000 -0.001325 0.120907 10.185533 0.002650 1.238641 0.000000 -0.013970
1573040614.079881 0.000000 -0.001325 0.147842 10.253169 0.002650 1.238641 0.000000 -0.014410
1573040614.099956 0.000000 0.000000 0.138864 10.232818 0.000000 1.238583 0.000000 -0.013877
1573040614.119761 0.000000 0.000000 0.135272 10.179547 0.000000 1.238583 0.000000 -0.013853
1573040614.140280 0.000000 0.000000 0.146046 10.246585 0.000000 1.238583 0.000000 -0.012808
1573040614.159771 0.000000 0.000000 0.143652 10.218452 0.000000 1.238583 0.000000 -0.015197
1573040614.179680 0.000000 0.000000 0.125696 10.174160 0.000000 1.238583 0.000000 -0.015428
1573040614.199752 0.000000 0.000000 0.144849 10.201095 0.000000 1.238612 0.000000 -0.014833
1573040614.219738 0.000000 0.000000 0.151433 10.248979 0.000000 1.238612 0.000000 -0.014613
1573040614.239698 0.000000 0.000000 0.156820 10.230424 0.000000 1.238612 0.000000 -0.015642
1573040614.259716 0.000000 0.000000 0.123301 10.244190 0.000000 1.238612 0.000000 -0.012639
1573040614.279740 0.000000 0.000000 0.160412 10.257359 0.000000 1.238612 0.000000 -0.015994
1573040614.299736 0.000000 0.000000 0.147243 10.281899 0.000000 1.238612 0.000000 -0.015102
1573040614.319812 0.000000 -0.000662 0.140061 10.289082 0.001325 1.238612 0.000000 -0.015311
1573040614.339806 0.000000 -0.000662 0.158017 10.219649 0.001325 1.238612 0.000000 -0.013972
1573040614.359770 0.000000 0.000662 0.169390 10.254964 -0.001325 1.238583 0.000000 -0.013905
1573040614.379854 0.000000 0.000662 0.133477 10.245986 -0.001325 1.238583 0.000000 -0.012999
1573040614.399751 0.000000 -0.001325 0.155623 10.172364 0.002650 1.238641 0.000000 -0.014847
1573040614.419789 0.000000 -0.001325 0.135272 10.238205 0.002650 1.238641 0.000000 -0.013237
1573040614.439736 0.000000 -0.001325 0.119710 10.259154 0.002650 1.238641 0.000000 -0.015109
1573040614.460070 0.000000 0.000000 0.168791 10.270527 0.000000 1.238583 0.000000 -0.013398
1573040614.479756 0.000000 0.000000 0.126893 10.253169 0.000000 1.238583 0.000000 -0.011848
1573040614.499860 0.000000 0.000000 0.146046 10.211270 0.000000 1.238612 0.000000 -0.013711
1573040614.519867 0.000000 0.000000 0.151433 10.333973 0.000000 1.238612 0.000000 -0.014930
1573040614.539730 0.000000 0.000000 0.154426 10.258555 0.000000 1.238583 0.000000 -0.015138
1573040614.559679 0.000000 0.000000 0.147842 10.119692 0.000000 1.238583 0.000000 -0.013640
1573040614.579697 0.000000 0.000000 0.158017 10.211270 0.000000 1.238583 0.000000 -0.012574
1573040614.599893 0.000000 0.000000 0.136469 10.226832 0.000000 1.238583 0.000000 -0.013381
1573040614.619644 0.000000 0.000000 0.121506 10.231022 0.000000 1.238583 0.000000 -0.014190
1573040614.639721 0.000000 -0.000662 0.147243 10.229227 0.001325 1.238612 0.000000 -0.013628
1573040614.659783 0.000000 -0.000662 0.141258 10.239402 0.001325 1.238612 0.000000 -0.011918
1573040614.680061 0.000000 -0.000662 0.131083 10.278906 0.001325 1.238612 0.000000 -0.014143
1573040614.699704 0.000000 -0.000662 0.137068 10.262147 0.001325 1.238612 0.000000 -0.013599
1573040614.719734 0.000000 0.000000 0.159813 10.287286 0.000000 1.238583 0.000000 -0.015504
1573040614.739911 0.000000 0.000000 0.133477 10.202890 0.000000 1.238583 0.000000 -0.012776
1573040614.759753 0.000000 -0.000662 0.146046 10.134656 0.001325 1.238612 0.000000 -0.013805
1573040614.779894 0.000000 -0.000662 0.147243 10.233417 0.001325 1.238612 0.000000 -0.012636
1573040614.799804 0.000000 0.000000 0.138864 10.266935 0.000000 1.238612 0.000000 -0.013269
1573040614.819801 0.000000 0.000000 0.156820 10.222643 0.000000 1.238612 0.000000 -0.015251
1573040614.839760 0.000000 0.000000 0.158616 10.252570 0.000000 1.238612 0.000000 -0.016068
1573040614.859686 0.000000 0.000000 0.155025 10.233417 0.000000 1.238583 0.000000 -0.015031
1573040614.879764 0.000000 0.000000 0.159214 10.146626 0.000000 1.238583 0.000000 -0.017100
1573040614.899850 0.000000 0.000662 0.164003 10.217256 -0.001325 1.238583 0.000000 -0.017372
1573040614.919683 0.000000 0.000662 0.141856 10.208278 -0.001325 1.238583 0.000000 -0.015558
1573040614.939722 0.000000 0.000000 0.134075 10.196306 0.000000 1.238612 0.000000 -0.013146
1573040614.959752 0.000000 0.000000 0.136469 10.241198 0.000000 1.238612 0.000000 -0.013943
1573040614.979787 0.000000 0.000000 0.144251 10.234015 0.000000 1.238612 0.000000 -0.013510
1573040614.999837 0.000000 0.000000 0.132280 10.251971 0.000000 1.238612 0.000000 -0.013800
1573040615.019753 0.000000 0.000000 0.160412 10.209475 0.000000 1.238583 0.000000 -0.013854
1573040615.039826 0.000000 0.000000 0.137667 10.274117 0.000000 1.238583 0.000000 -0.013862
1573040615.059701 0.000000 0.000000 0.127491 10.249578 0.000000 1.238583 0.000000 -0.012281
1573040615.079755 0.000000 0.000662 0.149638 10.140042 -0.001325 1.238583 0.000000 -0.014707
1573040615.099669 0.000000 0.000662 0.143054 10.244789 -0.001325 1.238583 0.000000 -0.014342
1573040615.119718 0.000000 -0.000634 0.149039 10.210073 0.001267 1.238612 0.000000 -0.014131
1573040615.139945 0.000000 -0.000634 0.139462 10.188525 0.001267 1.238612 0.000000 -0.012757
1573040615.159842 0.000000 -0.000662 0.135272 10.253767 0.001325 1.238612 0.000000 -0.012938
1573040615.180034 0.000000 0.000000 0.152032 10.274117 0.000000 1.238612 0.000000 -0.014373
1573040615.199844 0.016000 0.000000 0.136469 10.232220 0.000000 1.238612 0.000000 -0.014019
1573040615.219688 0.032000 0.024662 0.135871 10.196306 -0.001325 1.238583 0.000000 -0.012136
1573040615.239749 0.048000 0.048662 0.144251 10.190919 -0.001325 1.238583 0.000000 -0.014494
1573040615.259778 0.064000 0.072662 0.164003 10.232818 -0.001325 1.238583 0.000000 -0.012884
1573040615.279814 0.080000 0.096662 0.574010 10.275913 -0.001325 1.238583 0.000000 -0.017199
1573040615.299760 0.096000 0.114701 0.927155 10.259752 0.010598 1.238874 -0.005321 -0.020715
1573040615.319828 0.112000 0.019059 1.747169 10.292074 0.010598 1.238874 -0.014899 -0.025418
1573040615.339750 0.128000 0.011811 1.741183 9.955091 0.062266 1.240973 -0.014899 -0.026501
1573040615.359785 0.144000 0.160867 1.051653 10.258555 0.062266 1.240973 0.000000 -0.031051
1573040615.379685 0.160000 0.034717 -0.248398 9.974244 0.062266 1.240973 0.015963 -0.028434
1573040615.399768 0.176000 0.202243 -0.333991 10.483610 0.075514 1.244150 0.006385 -0.023812
1573040615.419766 0.192000 0.106515 0.694318 9.455301 0.075514 1.244150 -0.023412 -0.026287
1573040615.439772 0.208000 0.247594 0.533308 10.152612 0.080813 1.247676 0.000000 -0.026316
1573040615.460226 0.224000 0.132161 1.340753 10.314220 0.080813 1.247676 -0.031926 -0.031079
1573040615.479636 0.240000 0.280877 1.511340 10.212467 0.110247 1.252281 -0.008514 -0.035868
1573040615.499694 0.256000 0.119632 1.520318 10.484209 0.110247 1.252281 -0.025541 -0.039603
1573040615.519816 0.272000 0.100845 2.590526 10.231022 0.190771 1.259509 -0.023412 -0.044713
1573040615.539802 0.288000 0.066116 1.025915 10.375273 0.190771 1.259509 0.029798 -0.046320
1573040615.559705 0.304000 0.096947 -0.513556 9.517550 0.190771 1.259509 0.058531 -0.042080
1573040615.579691 0.320000 0.162223 -1.692102 10.383653 0.188122 1.267902 0.031926 -0.036751
1573040615.599797 0.336000 0.215302 -1.638232 10.679935 0.188122 1.267902 0.023412 -0.031786
1573040615.619778 0.352000 0.441072 -1.002572 10.538078 0.125856 1.274081 -0.006385 -0.027454
1573040615.639751 0.368000 0.352553 0.336385 10.544662 0.125856 1.274081 -0.035119 -0.026016
1573040615.659765 0.384000 0.363147 2.657564 9.884461 0.136455 1.279793 -0.074494 -0.031575
1573040615.679880 0.400000 0.357622 1.908777 9.970653 0.136455 1.279793 -0.039375 -0.037305
1573040615.699756 0.400000 0.274195 2.472612 10.120889 0.264845 1.290373 -0.023412 -0.041018
1573040615.720080 0.400000 0.266130 2.886210 10.991780 0.264845 1.290373 -0.020220 -0.045923
1573040615.739935 0.400000 0.467577 2.234389 9.812635 0.264845 1.290373 0.025541 -0.047708
1573040615.759844 0.400000 0.184071 1.372476 9.839570 0.311328 1.303983 0.012770 -0.050776
1573040615.779834 0.400000 0.444336 1.079785 10.802039 0.311328 1.303983 -0.004257 -0.050528
1573040615.799747 0.400000 0.170010 0.913987 10.092158 0.356372 1.318642 -0.047889 -0.055150
1573040615.819832 0.400000 0.128676 -0.808043 10.965444 0.356372 1.318642 0.061724 -0.052455
1573040615.839752 0.400000 0.194693 0.355539 9.624092 0.347098 1.333914 -0.034054 -0.049757
1573040615.860306 0.400000 0.190109 -1.868076 9.632472 0.347098 1.333914 0.011706 -0.046098
1573040615.879752 0.400000 0.234255 -3.009511 10.782288 0.266285 1.347262 0.060659 -0.040454
1573040615.899787 0.400000 0.286652 -1.648408 10.700884 0.266285 1.347262 -0.010642 -0.037105
1573040615.919699 0.400000 0.343702 -2.016516 10.092158 0.197683 1.356734 -0.039375 -0.035429
1573040615.939686 0.400000 0.351986 -0.613514 10.219649 0.197683 1.356734 -0.017027 -0.031537
1573040615.959820 0.400000 0.368337 0.857723 11.275493 0.197683 1.356734 -0.047889 -0.031353
1573040615.979699 0.400000 0.326807 2.369661 9.924564 0.231840 1.366497 -0.053210 -0.036776
1573040615.999833 0.400000 0.291098 2.053028 11.440693 0.231840 1.366497 -0.032990 -0.041895
1573040616.019765 0.400000 0.446323 2.282273 8.850765 0.307354 1.379379 0.000000 -0.046730
1573040616.039686 0.400000 0.186140 1.114501 11.662755 0.307354 1.379379 0.018091 -0.050228
1573040616.059801 0.400000 0.176405 0.575805 11.512519 0.320602 1.393834 0.034054 -0.049253
1573040616.079685 0.400000 0.195553 -0.200514 8.321048 0.320602 1.393834 -0.014899 -0.050319
1573040616.099913 0.400000 0.189420 -0.350751 9.975441 0.356372 1.409543 -0.010642 -0.047543
1573040616.119801 0.400000 0.173843 -2.993949 12.930485 0.356372 1.409543 0.079815 -0.041613
1573040616.139878 0.400000 0.192985 -2.155380 9.951499 0.356372 1.409543 0.000000 -0.039339
1573040616.159901 0.400000 0.308383 -2.189497 9.837176 0.251712 1.421609 -0.031926 -0.036345
1573040616.179827 0.400000 0.304011 -1.715446 9.829993 0.251712 1.421609 0.020220 -0.032005
1573040616.199798 0.400000 0.373007 -0.141258 9.872491 0.200045 1.430760 -0.026605 -0.028054
1573040616.219851 0.400000 0.367963 1.407791 10.275913 0.200045 1.430760 -0.053210 -0.031724
1573040616.239796 0.400000 0.317248 2.103905 9.296086 0.235815 1.440552 -0.044696 -0.037439
1573040616.259895 0.400000 0.482093 1.719037 11.675923 0.235815 1.440552 0.000000 -0.041789
1573040616.279791 0.400000 0.233677 1.951873 9.953295 0.311328 1.453405 -0.046825 -0.046814
1573040616.299868 0.400000 0.444336 1.197699 9.618107 0.311328 1.453405 -0.006385 -0.050369
1573040616.319812 0.400000 0.444336 1.666364 8.607155 0.311328 1.453405 -0.008514 -0.054506
1573040616.339927 0.400000 0.162552 2.531270 9.594165 0.353722 1.468297 -0.047889 -0.056906
1573040616.359813 0.400000 0.116407 2.475006 11.487380 0.353722 1.468297 0.010642 -0.060282
1573040616.380152 0.400000 0.050135 0.798466 11.932701 0.425261 1.486512 0.045761 -0.062871
1573040616.399857 0.400000 0.046884 -2.906561 9.588778 0.425261 1.486512 0.115998 -0.056497
1573040616.419681 0.400000 0.182243 -3.294421 10.034698 0.292724 1.502133 0.036183 -0.050661
1573040616.439690 0.400000 0.209625 -2.720412 10.693103 0.292724 1.502133 0.029798 -0.045823
1573040616.459804 0.400000 0.302031 -2.175731 10.785280 0.137779 1.509768 0.056403 -0.040176
1573040616.479704 0.400000 0.531110 -1.793257 9.960478 0.137779 1.509768 -0.008514 -0.035470
1573040616.499766 0.400000 0.377256 -0.746392 10.280104 0.161626 1.516238 -0.031926 -0.031579
1573040616.519632 0.400000 0.379170 0.885256 10.420763 0.161626 1.516238 -0.058531 -0.033857
1573040616.539900 0.400000 0.368883 2.201468 11.319785 0.161626 1.516238 -0.064916 -0.036552
1573040616.559902 0.400000 0.297385 1.844732 8.869919 0.220493 1.525388 0.000000 -0.041586
1573040616.579765 0.400000 0.489753 2.379837 10.731410 0.220493 1.525388 0.000000 -0.044943
1573040616.599796 0.400000 0.440361 2.318784 9.099762 0.319277 1.538619 -0.004257 -0.049421
1573040616.619884 0.400000 0.159567 2.185906 11.622652 0.319277 1.538619 0.028733 -0.053286
1573040616.639756 0.400000 0.125387 1.448492 8.959103 0.353722 1.553831 0.023412 -0.057209
1573040616.660266 0.400000 0.423139 1.054646 9.604340 0.353722 1.553831 0.000000 -0.060295
1573040616.679648 0.400000 0.100493 -2.051232 9.639056 0.367489 1.571113 0.067045 -0.056448
1573040616.699620 0.400000 0.128526 -1.714847 12.127230 0.367489 1.571113 0.076622 -0.049884
1573040616.719927 0.400000 0.448973 0.246004 11.571177 0.302055 1.584635 0.008514 -0.047227
1573040616.739825 0.400000 0.203147 -1.178546 8.088212 0.302055 1.584635 0.041504 -0.045015
1573040616.759759 0.400000 0.215236 -1.671153 10.505757 0.302055 1.584635 0.061724 -0.040575
1573040616.779791 0.400000 0.303449 0.541090 10.112510 0.283508 1.597167 -0.074494 -0.038409
1573040616.799856 0.400000 0.458246 0.037110 8.669404 0.283508 1.597167 0.006385 -0.036608
1573040616.819866 0.400000 0.298576 -0.684143 11.027693 0.259661 1.609407 0.027669 -0.031552
1573040616.839814 0.400000 0.470169 1.396418 10.232220 0.259661 1.609407 0.000000 -0.029153
1573040616.859700 0.400000 0.271970 1.888427 9.466075 0.303380 1.621851 0.020220 -0.033246
1573040616.879685 0.400000 0.257139 2.074576 11.571775 0.303380 1.621851 0.023412 -0.035893
1573040616.899769 0.400000 0.246409 1.240795 10.231621 0.329472 1.636481 -0.027669 -0.040538
1573040616.919687 0.400000 0.210337 0.582390 10.677541 0.329472 1.636481 0.026605 -0.042325
1573040616.939726 0.400000 0.180100 -0.394445 10.817003 0.347098 1.652189 0.095778 -0.039692
1573040616.959660 0.400000 0.232439 -1.878850 10.423756 0.347098 1.652189 0.052146 -0.033588
1573040616.979900 0.400000 0.263956 -1.722030 9.545682 0.347098 1.652189 0.028733 -0.029626
1573040616.999851 0.400000 0.327035 -1.923142 9.885060 0.262311 1.664750 0.038311 -0.024531
1573040617.019713 0.400000 0.359868 -1.358709 10.574590 0.262311 1.664750 0.024477 -0.019348
1573040617.039878 0.400000 0.412296 -0.201711 10.995970 0.241114 1.675270 -0.019156 -0.015345
1573040617.059784 0.400000 0.401548 1.766921 10.619481 0.241114 1.675270 -0.028733 -0.018452
1573040617.079703 0.400000 0.463545 1.402404 9.391256 0.272909 1.686549 -0.004257 -0.023160
1573040617.099672 0.400000 0.463545 1.973421 10.610503 0.272909 1.686549 -0.008514 -0.027374
1573040617.119756 0.400000 0.427113 1.785476 9.106346 0.345773 1.701120 0.000000 -0.030799
1573040617.139825 0.400000 0.255699 1.333570 9.091382 0.345773 1.701120 0.015963 -0.032687
1573040617.159938 0.400000 0.225485 2.232593 12.575544 0.345773 1.701120 0.040440 -0.036282
1573040617.179787 0.400000 0.183403 0.345962 8.623915 0.418637 1.718898 0.034054 -0.038050
1573040617.199821 0.400000 0.193200 -0.834379 12.325949 0.418637 1.718898 0.037247 -0.035772
1573040617.219876 0.400000 0.227460 -1.932121 10.047267 0.366970 1.735685 0.077687 -0.030042
1573040617.239742 0.400000 0.272625 -2.152986 10.283096 0.366970 1.735685 0.044696 -0.024308
1573040617.259807 0.400000 0.362940 -1.669357 9.303867 0.239501 1.747692 0.042568 -0.019205
1573040617.279773 0.400000 0.480249 -1.149815 10.086173 0.239501 1.747692 -0.004257 -0.014405
1573040617.299797 0.400000 0.438089 -0.495001 9.862315 0.237140 1.757951 -0.019156 -0.010584
1573040617.319814 0.400000 0.430437 1.244985 10.417171 0.237140 1.757951 -0.039375 -0.014136
1573040617.339842 0.400000 0.430832 1.850718 10.197503 0.237140 1.757951 -0.065980 -0.016718
1573040617.359717 0.400000 0.339986 1.889025 9.564836 0.312653 1.770366 -0.012770 -0.022015
1573040617.379863 0.400000 0.308071 1.868674 10.347141 0.312653 1.770366 0.020220 -0.025099
1573040617.399733 0.400000 0.270571 1.384447 9.488820 0.380218 1.786600 -0.017027 -0.029567
1573040617.419784 0.400000 0.224043 0.963068 10.442909 0.380218 1.786600 0.035119 -0.033658
1573040617.439889 0.400000 0.238459 -0.652420 10.490194 0.380218 1.803882 0.048953 -0.029391
1573040617.459872 0.400000 0.262629 -1.771709 9.258976 0.380218 1.803882 0.055338 -0.023919
1573040617.479762 0.400000 0.326028 -1.237802 8.902839 0.329876 1.819358 0.027669 -0.019040
1573040617.499775 0.400000 0.351869 -1.816002 10.930129 0.329876 1.819358 0.025541 -0.014085
1573040617.519711 0.400000 0.462883 -1.156998 10.215460 0.274234 1.831657 0.000000 -0.010601
1573040617.539699 0.400000 0.422091 0.511761 10.259154 0.274234 1.831657 -0.034054 -0.011564
1573040617.559893 0.400000 0.417533 1.498770 10.499771 0.274234 1.831657 -0.039375 -0.013008
1573040617.579787 0.400000 0.378970 1.899799 10.106524 0.302055 1.844334 -0.044696 -0.018470
1573040617.599728 0.400000 0.343892 2.087145 10.090961 0.302055 1.844334 -0.012770 -0.022293
1573040617.619825 0.400000 0.279409 1.683124 12.286445 0.363687 1.860393 0.015963 -0.026153
1573040617.639696 0.400000 0.418157 0.616507 10.560225 0.363687 1.860393 0.000000 -0.029541
1573040617.659663 0.400000 0.402605 -0.083797 8.421006 0.394791 1.877646 0.000000 -0.028354
1573040617.679929 0.400000 0.402605 -0.505775 9.477448 0.394791 1.877646 -0.006385 -0.024208
1573040617.699658 0.400000 0.407241 -0.379481 9.937134 0.385517 1.894608 0.000000 -0.019818
1573040617.719844 0.400000 0.321850 0.261567 9.868300 0.385517 1.894608 -0.027669 -0.019845
1573040617.739821 0.400000 0.405917 0.499191 9.458294 0.388167 1.911687 0.009578 -0.021469
1573040617.759722 0.400000 0.312379 -0.175974 8.723872 0.388167 1.911687 -0.021284 -0.020836
1573040617.779883 0.400000 0.309679 -0.159214 11.009138 0.388167 1.911687 0.011706 -0.018077
1573040617.799769 0.400000 0.411216 -0.392051 10.537480 0.377569 1.928299 0.000000 -0.015709
1573040617.819825 0.400000 0.333747 -0.569820 10.055048 0.377569 1.928299 0.042568 -0.011237
1573040617.839730 0.400000 0.434630 -0.625485 10.268132 0.330740 1.944240 0.005321 -0.007943
1573040617.860079 0.400000 0.434630 0.729633 9.806650 0.330740 1.944240 -0.008514 -0.011593
1573040617.879646 0.400000 0.365447 -0.220267 11.126453 0.355047 1.959862 0.026605 -0.008745
1573040617.899657 0.400000 0.369568 1.416769 10.703279 0.355047 1.959862 -0.027669 -0.013349
1573040617.919748 0.400000 0.334841 1.077989 9.901819 0.373825 1.976532 -0.011706 -0.016820
1573040617.939741 0.400000 0.413088 0.177171 11.186309 0.373825 1.976532 0.000000 -0.016776
1573040617.959736 0.400000 0.317612 0.144849 9.516353 0.373825 1.976532 0.035119 -0.015583
1573040617.979724 0.400000 0.328370 -0.202909 11.484985 0.394791 1.993843 0.029798 -0.011867
1573040617.999674 0.400000 0.333619 -0.029928 8.304887 0.394791 1.993843 0.048953 -0.008902
1573040618.019707 0.400000 0.409229 -0.457293 10.833762 0.381543 2.010776 -0.008514 -0.004380
1573040618.039714 0.400000 0.398652 -1.160589 11.122863 0.381543 2.010776 0.023412 0.000226
1573040618.059680 0.400000 0.420489 -0.102951 11.288661 0.359021 2.026630 -0.007449 0.003933
1573040618.079786 0.400000 0.420489 0.773327 9.014768 0.359021 2.026630 0.000000 0.002817
1573040618.099814 0.400000 0.431704 1.512537 10.234613 0.360346 2.042164 -0.047889 -0.002413
1573040618.119863 0.400000 0.419827 1.134253 9.459491 0.360346 2.042164 -0.007449 -0.006025
1573040618.139638 0.400000 0.419827 1.003170 11.465832 0.360346 2.042164 0.000000 -0.010228
1573040618.159596 0.400000 0.329187 1.354520 10.879252 0.396116 2.059097 0.025541 -0.011997
1573040618.179686 0.400000 0.318854 0.363919 9.300277 0.396116 2.059097 0.030862 -0.013532
1573040618.199924 0.400000 0.324084 0.073023 9.746795 0.421287 2.077341 -0.026605 -0.015715
1573040618.219775 0.400000 0.295653 -0.325013 10.173561 0.421287 2.077341 0.056403 -0.013100
1573040618.239842 0.400000 0.344711 -1.722030 11.892598 0.371290 2.095323 0.068109 -0.007118
1573040618.260174 0.400000 0.407661 -1.116297 8.838794 0.371290 2.095323 -0.012770 -0.002616
1573040618.279845 0.400000 0.450981 -1.255759 11.312603 0.337824 2.110944 -0.029798 0.000999
1573040618.299637 0.400000 0.467129 -0.376488 9.764751 0.337824 2.110944 -0.028733 0.004335
1573040618.319642 0.400000 0.462676 1.827973 11.900379 0.337824 2.110944 -0.051082 0.001210
1573040618.339757 0.400000 0.433887 1.144428 8.058883 0.336500 2.125604 -0.042568 -0.003829
1573040618.359713 0.400000 0.418135 1.507748 9.140464 0.336500 2.125604 -0.030862 -0.005809
1573040618.379825 0.400000 0.372884 1.790264 11.224017 0.389492 2.142158 -0.030862 -0.009560
1573040618.399929 0.400000 0.405254 1.316811 9.746197 0.389492 2.142158 0.007449 -0.014014
1573040618.419839 0.400000 0.285005 0.541688 10.679337 0.426586 2.160781 0.029798 -0.017361
1573040618.439819 0.400000 0.386707 -0.243610 10.147225 0.426586 2.160781 0.000000 -0.016584
1573040618.459838 0.400000 0.321187 -0.732626 11.039664 0.418177 2.179754 0.014899 -0.012455
1573040618.479705 0.400000 0.390912 -1.593940 11.186309 0.418177 2.179754 0.009578 -0.007896
1573040618.499677 0.400000 0.407343 -1.649006 9.324817 0.382868 2.197008 -0.042568 -0.004501
1573040618.519676 0.400000 0.417998 -0.454898 9.245809 0.382868 2.197008 -0.036183 -0.001732
1573040618.539861 0.400000 0.408566 -0.688333 10.882844 0.382868 2.197008 -0.005321 -0.000459
1573040618.559672 0.400000 0.430264 0.894234 12.827534 0.355047 2.212775 -0.026605 -0.001103
1573040618.579701 0.400000 0.414514 1.207875 9.822811 0.355047 2.212775 -0.035119 -0.005104
1573040618.600006 0.400000 0.379634 1.390433 10.408792 0.372269 2.228863 -0.034054 -0.010252
1573040618.619715 0.400000 0.413865 0.972644 9.199121 0.372269 2.228863 0.000000 -0.014866
1573040618.639849 0.400000 0.297304 0.327407 12.653356 0.405389 2.246350 0.013835 -0.018617
1573040618.660416 0.400000 0.325825 -0.280122 10.680533 0.405389 2.246350 -0.024477 -0.016744
1573040618.679732 0.400000 0.338007 0.232238 8.276156 0.414663 2.264536 -0.040440 -0.014976
1573040618.699711 0.400000 0.303122 -1.153407 10.676344 0.414663 2.264536 0.058531 -0.012056
1573040618.719778 0.384000 0.417840 -2.229600 9.185354 0.364320 2.281731 0.006385 -0.006672
1573040618.739728 0.368000 0.382445 -0.091578 9.768343 0.364320 2.281731 -0.041504 -0.006429
1573040618.759689 0.352000 0.367121 -0.818218 8.576629 0.364320 2.281731 -0.022348 -0.002779
1573040618.779718 0.336000 0.354265 0.756568 9.538500 0.356372 2.297411 -0.078751 -0.006985
1573040618.799776 0.320000 0.274409 1.203086 9.750386 0.356372 2.297411 -0.021284 -0.012409
1573040618.819668 0.304000 0.235262 0.389058 11.070788 0.366970 2.313469 -0.034054 -0.015656
1573040618.839896 0.288000 0.272515 -0.562637 10.718841 0.366970 2.313469 0.000000 -0.012272
1573040618.859794 0.272000 0.251165 -1.071405 9.077616 0.361671 2.329441 0.000000 -0.008050
1573040618.879784 0.256000 0.179290 -1.380856 10.162787 0.361671 2.329441 0.069173 -0.002658
1573040618.899784 0.240000 0.244771 -2.360084 11.859678 0.283853 2.343081 0.024477 0.002987
1573040618.919730 0.224000 0.273247 -1.400009 10.141240 0.283853 2.343081 -0.046825 0.006352
1573040618.939693 0.208000 0.263694 -0.840963 10.414179 0.250388 2.354768 -0.011706 0.009407
1573040618.959925 0.192000 0.186806 -0.678158 9.338584 0.250388 2.354768 -0.005321 0.011388
1573040618.980083 0.176000 0.244223 0.571017 9.823409 0.250388 2.354768 -0.052146 0.011069
1573040619.000224 0.160000 0.198818 1.007360 9.730634 0.238464 2.365056 -0.039375 0.006872
1573040619.019806 0.144000 0.124647 0.133477 10.536283 0.238464 2.365056 0.017027 0.002479
1573040619.039767 0.128000 0.113814 0.004788 10.504560 0.215424 2.374936 -0.015963 -0.000491
1573040619.059786 0.112000 0.060919 -0.341772 10.715848 0.215424 2.374936 0.015963 -0.003077
1573040619.079816 0.096000 0.052787 -1.754351 10.053253 0.206669 2.384612 0.045761 0.002200
1573040619.099836 0.080000 0.040665 -1.754351 10.705074 0.206669 2.384612 0.000000 0.006996
1573040619.119802 0.064000 0.054106 -1.640028 9.920375 0.131789 2.391403 0.000000 0.011218
1573040619.139746 0.048000 0.030106 -1.632846 10.275315 0.131789 2.391403 0.000000 0.014595
1573040619.159837 0.032000 0.006106 -1.408389 10.399814 0.131789 2.391403 -0.005321 0.016585
1573040619.179693 0.016000 0.123883 -0.775123 10.274716 0.070214 2.395104 -0.015963 0.020602
1573040619.199899 0.000000 -0.011107 -0.611120 10.265140 0.070214 2.395104 -0.009578 0.023205
1573040619.219696 0.000000 -0.014573 0.051475 10.471640 0.029146 2.396853 0.000000 0.025626
1573040619.239784 0.000000 0.105947 0.894833 10.018537 0.029146 2.396853 -0.031926 0.020911
1573040619.259647 0.000000 -0.016474 0.448913 10.441113 0.032947 2.398339 0.000000 0.016132
1573040619.279749 0.000000 -0.016474 -0.099359 10.424953 0.032947 2.398339 0.008514 0.018013
1573040619.299619 0.000000 -0.019872 0.954089 9.739613 0.039744 2.399796 0.000000 0.014091
1573040619.319603 0.000000 0.028783 -0.356736 10.600926 0.039744 2.399796 0.019156 0.011647
1573040619.339973 0.000000 0.046534 -1.316811 10.202890 0.039744 2.399796 0.021284 0.015410
1573040619.359847 0.000000 -0.010771 -0.292093 9.876081 0.021542 2.401166 0.000000 0.019578
1573040619.379844 0.000000 0.085543 0.366313 10.231621 0.021542 2.401166 -0.017027 0.017560
1573040619.399895 0.000000 -0.008611 0.228048 9.439738 0.017222 2.401924 -0.004257 0.014061
1573040619.419832 0.000000 -0.008611 0.320224 10.032304 0.017222 2.401924 0.000000 0.009732
1573040619.439763 0.000000 0.021541 1.091157 10.361506 0.021197 2.402536 -0.012770 0.005151
1573040619.459859 0.000000 -0.004177 -0.296282 10.270527 0.021197 2.402536 0.022348 0.003519
1573040619.479890 0.000000 -0.011261 -0.210091 10.422559 0.022522 2.403614 0.009578 0.008348
1573040619.499629 0.000000 0.033534 -0.262764 10.133458 0.022522 2.403614 0.010642 0.010023
1573040619.519727 0.000000 -0.011261 -0.457293 10.682329 0.022522 2.403614 0.000000 0.014461
1573040619.539911 0.000000 -0.006624 -0.223858 10.388441 0.013248 2.404372 0.000000 0.017033
1573040619.560025 0.000000 -0.006624 0.087388 10.014347 0.013248 2.404372 -0.005321 0.013811
1573040619.579678 0.000000 0.000000 0.395642 10.226233 0.000000 2.404459 0.000000 0.011790
1573040619.599849 0.000000 0.000000 0.171185 10.243592 0.000000 2.404459 0.000000 0.008699
1573040619.619913 0.000000 0.001987 0.371700 10.210073 -0.003974 2.404343 -0.004257 0.004325
1573040619.639793 0.000000 0.001987 0.233435 10.059238 -0.003974 2.404343 0.000000 0.000415
1573040619.659907 0.000000 0.000634 0.009577 10.179547 -0.001267 2.404284 0.006385 -0.001654
1573040619.679792 0.000000 0.000634 0.135871 10.362703 -0.001267 2.404284 0.000000 -0.004079
1573040619.699795 0.000000 0.000000 0.132878 10.312425 0.000000 2.404255 0.000000 -0.007661
1573040619.719903 0.000000 0.000000 0.072425 10.210671 0.000000 2.404255 0.000000 -0.010193
1573040619.739785 0.000000 0.000000 0.066439 10.319009 0.000000 2.404255 0.000000 -0.007736
1573040619.759698 0.000000 0.000662 0.193332 10.295666 -0.001325 2.404255 0.000000 -0.009688
1573040619.779699 0.000000 0.000662 0.275932 10.119692 -0.001325 2.404255 0.000000 -0.013865
1573040619.799749 0.000000 0.000662 0.106542 10.346542 -0.001325 2.404284 0.000000 -0.013929
1573040619.819820 0.000000 0.000662 0.030526 10.319009 -0.001325 2.404284 0.000000 -0.009794
1573040619.839729 0.000000 0.000000 0.152032 10.198102 0.000000 2.404255 0.000000 -0.012007
1573040619.859745 0.000000 0.000000 0.156820 10.240001 0.000000 2.404255 0.000000 -0.014080
1573040619.879730 0.000000 0.000000 0.141258 10.322001 0.000000 2.404255 0.000000 -0.012104
1573040619.899655 0.000000 0.000000 0.151433 10.145430 0.000000 2.404255 0.000000 -0.014589
1573040619.919732 0.000000 0.001987 0.122104 10.222643 -0.003974 2.404226 0.000000 -0.013286
1573040619.940006 0.000000 0.001987 0.111929 10.280104 -0.003974 2.404226 0.000000 -0.010675
1573040619.959769 0.000000 0.001987 0.103549 10.309432 -0.003974 2.404226 0.000000 -0.010232
1573040619.979693 0.000000 0.000000 0.172383 10.187926 0.000000 2.404255 0.000000 -0.014361
1573040619.999829 0.000000 0.000000 0.104148 10.212467 0.000000 2.404255 0.000000 -0.011725
1573040620.019758 0.000000 0.000000 0.107739 10.248979 0.000000 2.404255 0.000000 -0.011794
1573040620.039795 0.000000 0.000000 0.184354 10.204087 0.000000 2.404255 0.000000 -0.014580
1573040620.059740 0.000000 0.000662 0.117914 10.274117 -0.001325 2.404255 0.000000 -0.013124
1573040620.079733 0.000000 0.000662 0.128688 10.290877 -0.001325 2.404255 0.000000 -0.012723
1573040620.099784 0.000000 0.000000 0.158017 10.168175 0.000000 2.404284 0.000000 -0.014370
1573040620.119668 0.000000 0.000000 0.120309 10.208278 0.000000 2.404284 0.000000 -0.012180
1573040620.139745 0.000000 0.000000 0.128090 10.277709 0.000000 2.404284 0.000000 -0.013200
1573040620.159699 0.000000 0.000000 0.144251 10.207080 0.000000 2.404284 0.000000 -0.013186
1573040620.179770 0.000000 0.000000 0.105943 10.193913 0.000000 2.404284 0.000000 -0.012859
1573040620.199835 0.000000 0.000000 0.120907 10.267534 0.000000 2.404284 0.000000 -0.011410
1573040620.219778 0.000000 0.000000 0.150835 10.201095 0.000000 2.404284 0.000000 -0.014429
1573040620.239696 0.000000 -0.000634 0.120309 10.235212 0.001267 2.404313 0.000000 -0.015249
1573040620.259873 0.000000 -0.000634 0.133477 10.211868 0.001267 2.404313 0.000000 -0.012830
1573040620.279704 0.000000 0.001325 0.161609 10.163984 -0.002650 2.404255 0.000000 -0.015206
1573040620.299620 0.000000 0.001325 0.105943 10.202291 -0.002650 2.404255 0.000000 -0.011986
1573040620.319760 0.000000 0.001325 0.119710 10.192117 -0.002650 2.404255 0.000000 -0.012706
1573040620.339745 0.000000 -0.001267 0.128688 10.207080 0.002534 2.404313 0.000000 -0.013226
1573040620.359722 0.000000 -0.001267 0.152032 10.225037 0.002534 2.404313 0.000000 -0.013836
1573040620.379865 0.000000 0.000000 0.128688 10.251971 0.000000 2.404284 0.000000 -0.012554
1573040620.399802 0.000000 0.000000 0.143652 10.237606 0.000000 2.404284 0.000000 -0.014440
1573040620.419730 0.000000 -0.000634 0.147243 10.227431 0.001267 2.404284 0.000000 -0.014881
1573040620.439750 0.000000 -0.000634 0.138265 10.210073 0.001267 2.404284 0.000000 -0.013290
1573040620.459811 0.000000 -0.000662 0.153827 10.234613 0.001325 2.404313 0.000000 -0.015059
1573040620.479838 0.000000 -0.000662 0.147842 10.234015 0.001325 2.404313 0.000000 -0.014581
1573040620.499762 0.000000 -0.000662 0.139462 10.192715 0.001325 2.404313 0.000000 -0.013782
1573040620.519844 0.000000 -0.000634 0.147243 10.214861 0.001267 2.404284 0.000000 -0.016044
1573040620.539786 0.000000 -0.000634 0.133477 10.275913 0.001267 2.404284 0.000000 -0.013239
1573040620.559760 0.000000 0.000000 0.149638 10.207080 0.000000 2.404255 0.000000 -0.013466
1573040620.579843 0.000000 0.000000 0.137667 10.236409 0.000000 2.404255 0.000000 -0.013030
1573040620.599710 0.000000 -0.001267 0.145448 10.267534 0.002534 2.404313 0.000000 -0.014047
1573040620.619732 0.000000 -0.001267 0.134075 10.239402 0.002534 2.404313 0.000000 -0.014577
1573040620.639730 0.000000 -0.000662 0.158616 10.231022 0.001325 2.404313 0.000000 -0.015556
1573040620.659793 0.000000 -0.000662 0.123301 10.199299 0.001325 2.404313 0.000000 -0.012053
1573040620.679694 0.000000 -0.000662 0.122104 10.213066 0.001325 2.404284 0.000000 -0.009815
1573040620.699723 0.000000 -0.000662 0.143054 10.245387 0.001325 2.404284 0.000000 -0.013704
1573040620.719753 0.000000 -0.000662 0.128090 10.259752 0.001325 2.404284 0.000000 -0.012569
1573040620.739654 0.000000 0.001325 0.125696 10.226233 -0.002650 2.404255 0.000000 -0.012267
1573040620.759763 0.000000 0.001325 0.139462 10.224438 -0.002650 2.404255 0.000000 -0.012857
1573040620.779846 0.000000 0.000000 0.127491 10.201694 0.000000 2.404284 0.000000 -0.013073
1573040620.799753 0.000000 0.000000 0.126294 10.227431 0.000000 2.404284 0.000000 -0.013022
1573040620.819764 0.000000 0.000000 0.145448 10.216657 0.000000 2.404284 0.000000 -0.013929
1573040620.839699 0.000000 0.000000 0.138864 10.222643 0.000000 2.404284 0.000000 -0.013215
1573040620.859781 0.000000 -0.000662 0.148441 10.218452 0.001325 2.404284 0.000000 -0.014217
1573040620.879809 0.000000 -0.000662 0.136469 10.196905 0.001325 2.404284 0.000000 -0.013471
1573040620.899686 0.000000 -0.000662 0.135272 10.288483 0.001325 2.404284 0.000000 -0.012527
1573040620.919723 0.000000 0.000662 0.123900 10.268731 -0.001325 2.404255 0.000000 -0.010235
1573040620.939661 0.000000 0.000662 0.141258 10.226233 -0.001325 2.404255 0.000000 -0.012953
1573040620.959786 0.000000 0.000000 0.116717 10.270527 0.000000 2.404284 0.000000 -0.012889
1573040620.979702 0.000000 0.000000 0.101754 10.192715 0.000000 2.404284 0.000000 -0.009676
1573040620.999888 0.000000 0.000000 0.129287 10.201095 0.000000 2.404284 0.000000 -0.012707
1573040621.019861 0.000000 0.000000 0.150236 10.234015 0.000000 2.404284 0.000000 -0.014899
1573040621.039820 0.000000 0.001325 0.129885 10.225636 -0.002650 2.404255 0.000000 -0.012225
1573040621.059826 0.000000 0.001325 0.120907 10.199898 -0.002650 2.404255 0.000000 -0.011811
1573040621.079739 0.000000 0.001325 0.130484 10.219649 -0.002650 2.404255 0.000000 -0.013451
1573040621.099672 0.000000 0.000000 0.143652 10.261548 0.000000 2.404313 0.000000 -0.012502
1573040621.119981 0.000000 0.000000 0.118513 10.247183 0.000000 2.404313 0.000000 -0.014759
1573040621.139806 0.000000 0.001325 0.110133 10.161591 -0.002650 2.404255 0.000000 -0.012794
1573040621.159752 0.000000 0.001325 0.123301 10.324995 -0.002650 2.404255 0.000000 -0.012012
1573040621.179710 0.000000 -0.000662 0.126893 10.152014 0.001325 2.404284 0.000000 -0.010330
1573040621.199755 0.000000 -0.000662 0.140061 10.178349 0.001325 2.404284 0.000000 -0.010708
1573040621.219826 0.000000 -0.000662 0.125097 10.197503 0.001325 2.404284 0.000000 -0.010476
1573040621.239793 0.000000 -0.000662 0.134075 10.238205 0.001325 2.404284 0.000000 -0.013081
1573040621.259868 0.000000 -0.000662 0.113725 10.245387 0.001325 2.404284 0.000000 -0.013709
1573040621.279812 0.000000 0.001325 0.138265 10.226832 -0.002650 2.404255 0.000000 -0.012849
1573040621.299727 0.000000 0.001325 0.138864 10.258555 -0.002650 2.404255 0.000000 -0.011886
1573040621.319723 0.000000 0.000662 0.142455 10.203489 -0.001325 2.404255 0.000000 -0.013231
1573040621.339850 0.000000 0.000662 0.119112 10.305243 -0.001325 2.404255 0.000000 -0.011962
1573040621.359767 0.000000 0.000662 0.142455 10.226233 -0.001325 2.404255 0.000000 -0.012961
1573040621.379730 0.000000 0.000662 0.150236 10.172364 -0.001325 2.404255 0.000000 -0.014863
1573040621.400281 0.000000 0.000000 0.134674 10.207679 0.000000 2.404255 0.000000 -0.012501
1573040621.419831 0.000000 0.000000 0.135871 10.213066 0.000000 2.404255 0.000000 -0.011901
1573040621.439851 0.000000 0.000000 0.124498 10.234613 0.000000 2.404255 0.000000 -0.013615
1573040621.459715 0.000000 -0.000662 0.147243 10.265738 0.001325 2.404284 0.000000 -0.012228
1573040621.479821 0.000000 -0.000662 0.120907 10.195707 0.001325 2.404284 0.000000 -0.012552
1573040621.499879 0.000000 0.000000 0.114922 10.257359 0.000000 2.404284 0.000000 -0.012684
1573040621.519936 0.000000 0.000000 0.108936 10.131064 0.000000 2.404284 0.000000 -0.011606
1573040621.539736 0.000000 0.000000 0.114922 10.243592 0.000000 2.404284 0.000000 -0.012038
1573040621.559807 0.000000 0.000000 0.125696 10.207080 0.000000 2.404284 0.000000 -0.013122
1573040621.579697 0.000000 -0.000662 0.129885 10.199898 0.001325 2.404284 0.000000 -0.011557
1573040621.599871 0.000000 -0.000662 0.128688 10.222643 0.001325 2.404284 0.000000 -0.012933
1573040621.619804 0.000000 -0.000662 0.090980 10.275315 0.001325 2.404284 0.000000 -0.012190
1573040621.639790 0.000000 0.000662 0.137667 10.208876 -0.001325 2.404284 0.000000 -0.014041
1573040621.659636 0.000000 0.000000 0.137667 10.241198 0.000000 2.404284 0.000000 -0.012095
1573040621.679745 0.000000 0.000000 0.152630 10.205883 0.000000 2.404284 0.000000 -0.014711
1573040621.699712 0.000000 0.000000 0.138265 10.204087 0.000000 2.404284 0.000000 -0.014153
1573040621.719733 0.000000 0.000000 0.135272 10.193913 0.000000 2.404284 0.000000 -0.011674
1573040621.739910 0.000000 0.000000 0.119710 10.206482 0.000000 2.404284 0.000000 -0.012275
1573040621.759928 0.000000 -0.000662 0.123301 10.254964 0.001325 2.404284 0.000000 -0.013223
1573040621.779857 0.000000 -0.000662 0.116717 10.225636 0.001325 2.404284 0.000000 -0.012528
1573040621.799807 0.000000 0.000634 0.119710 10.238205 -0.001267 2.404255 0.000000 -0.014626
1573040621.819776 0.000000 0.000634 0.120907 10.235212 -0.001267 2.404255 0.000000 -0.011805
1573040621.839782 0.000000 0.000000 0.102951 10.247782 0.000000 2.404284 0.000000 -0.011311
1573040621.859743 0.000000 0.000000 0.140061 10.206482 0.000000 2.404284 0.000000 -0.012409
1573040621.879814 0.000000 0.000000 0.135871 10.286688 0.000000 2.404284 0.000000 -0.013259
1573040621.899817 0.000000 0.000634 0.166397 10.135254 -0.001267 2.404255 0.000000 -0.014358
1573040621.919737 0.000000 0.000634 0.148441 10.194510 -0.001267 2.404255 0.000000 -0.015152
1573040621.939618 0.000000 0.000000 0.153229 10.218452 0.000000 2.404284 0.000000 -0.015033
1573040621.959662 0.000000 0.000000 0.131681 10.160992 0.000000 2.404284 0.000000 -0.012955
1573040621.979701 0.000000 0.000662 0.146046 10.297462 -0.001325 2.404255 0.000000 -0.013849
1573040621.999763 0.000000 0.000662 0.141856 10.261548 -0.001325 2.404255 0.000000 -0.013818
1573040622.019719 0.000000 0.000000 0.131083 10.255563 0.000000 2.404284 0.000000 -0.014062
1573040622.039828 0.000000 0.000000 0.141856 10.248979 0.000000 2.404284 0.000000 -0.014392
1573040622.059692 0.000000 0.000000 0.137667 10.202890 0.000000 2.404284 0.000000 -0.012721
1573040622.079792 0.000000 0.001267 0.123301 10.242993 -0.002534 2.404255 0.000000 -0.011828
1573040622.099629 0.000000 0.001267 0.140061 10.230424 -0.002534 2.404255 0.000000 -0.013824
1573040622.119725 0.000000 0.000662 0.149638 10.284293 -0.001325 2.404284 0.000000 -0.014627
1573040622.139725 0.000000 0.000662 0.132280 10.162787 -0.001325 2.404284 0.000000 -0.013975
1573040622.159770 0.000000 0.000000 0.110732 10.201694 0.000000 2.404313 0.000000 -0.011415
1573040622.179728 0.000000 0.000000 0.159813 10.251971 0.000000 2.404313 0.000000 -0.011246
1573040622.199856 0.000000 -0.000662 0.122703 10.252570 0.001325 2.404313 0.000000 -0.013499
1573040622.219771 0.000000 -0.000662 0.120907 10.200496 0.001325 2.404313 0.000000 -0.012192
1573040622.239786 0.000000 -0.000662 0.132280 10.236409 0.001325 2.404313 0.000000 -0.012677
1573040622.259907 0.000000 -0.000662 0.129885 10.218452 0.001325 2.404284 0.000000 -0.013966
1573040622.279902 0.000000 -0.000662 0.131681 10.242993 0.001325 2.404284 0.000000 -0.012677
1573040622.299833 0.000000 0.000000 0.120309 10.235810 0.000000 2.404284 0.000000 -0.010730
1573040622.319834 0.000000 0.000000 0.132280 10.255563 0.000000 2.404284 0.000000 -0.014270
1573040622.339722 0.000000 0.000634 0.108338 10.191518 -0.001267 2.404226 0.000000 -0.012502
1573040622.359774 0.000000 0.000634 0.133477 10.313622 -0.001267 2.404226 0.000000 -0.012413
1573040622.379813 0.000000 0.000662 0.135871 10.249578 -0.001325 2.404255 0.000000 -0.013307
1573040622.399844 0.000000 0.000662 0.121506 10.192117 -0.001325 2.404255 0.000000 -0.011677
1573040622.419712 0.000000 0.000000 0.149638 10.155006 0.000000 2.404284 0.000000 -0.014212
1573040622.439792 0.000000 0.000000 0.137068 10.215460 0.000000 2.404284 0.000000 -0.013418
1573040622.459787 0.000000 0.000000 0.139462 10.258555 0.000000 2.404284 0.000000 -0.013595
1573040622.479829 0.000000 0.000000 0.131681 10.214263 0.000000 2.404313 0.000000 -0.013453
1573040622.499737 0.000000 0.000000 0.101754 10.225037 0.000000 2.404313 0.000000 -0.011190
1573040622.519697 0.000000 0.001325 0.144849 10.168175 -0.002650 2.404226 0.000000 -0.013097
1573040622.539758 0.000000 0.001325 0.134674 10.202291 -0.002650 2.404226 0.000000 -0.012293
1573040622.559851 0.000000 0.000662 0.145448 10.249578 -0.001325 2.404255 0.000000 -0.014228
1573040622.579756 0.000000 0.000662 0.130484 10.219649 -0.001325 2.404255 0.000000 -0.012510
1573040622.599833 0.000000 0.000000 0.129287 10.166379 0.000000 2.404284 0.000000 -0.012008
1573040622.619649 0.000000 0.000000 0.144251 10.195707 0.000000 2.404284 0.000000 -0.014572
1573040622.639817 0.000000 0.000000 0.135871 10.241796 0.000000 2.404284 0.000000 -0.014858
1573040622.659614 0.000000 0.000634 0.123900 10.215460 -0.001267 2.404284 0.000000 -0.012025
1573040622.679762 0.000000 0.000634 0.163404 10.163984 -0.001267 2.404284 0.000000 -0.012984
1573040622.699713 0.000000 -0.000662 0.126294 10.275913 0.001325 2.404284 0.000000 -0.012312
1573040622.719660 0.000000 0.000000 0.144251 10.258555 0.000000 2.404284 0.000000 -0.013196
1573040622.739675 0.000000 0.000000 0.141258 10.278906 0.000000 2.404284 0.000000 -0.013720
1573040622.759920 0.000000 0.000000 0.144251 10.244789 0.000000 2.404284 0.000000 -0.012357
1573040622.779799 0.000000 -0.001325 0.149039 10.218452 0.002650 2.404313 0.000000 -0.014824
1573040622.799777 0.000000 -0.001325 0.137667 10.211868 0.002650 2.404313 0.000000 -0.012849
1573040622.819797 0.000000 -0.001325 0.119710 10.198102 0.002650 2.404313 0.000000 -0.011724
1573040622.839795 0.000000 0.001267 0.129287 10.207080 -0.002534 2.404255 0.000000 -0.013326
1573040622.859795 0.000000 0.001267 0.149039 10.238804 -0.002534 2.404255 0.000000 -0.015085
1573040622.879872 0.000000 0.000000 0.142455 10.277111 0.000000 2.404255 0.000000 -0.013503
1573040622.900490 0.000000 0.000000 0.124498 10.253767 0.000000 2.404255 0.000000 -0.012732
1573040622.919939 0.000000 0.000000 0.131681 10.227431 0.000000 2.404255 0.000000 -0.012852
1573040622.939712 0.000000 0.000000 0.126893 10.287885 0.000000 2.404255 0.000000 -0.013353
1573040622.959767 0.000000 -0.000662 0.133477 10.263943 0.001325 2.404255 0.000000 -0.014954
1573040622.979772 0.000000 -0.000662 0.144849 10.187926 0.001325 2.404255 0.000000 -0.014566
1573040622.999733 0.000000 -0.000662 0.138864 10.204087 0.001325 2.404284 0.000000 -0.012626
1573040623.019774 0.000000 -0.000662 0.141258 10.233417 0.001325 2.404284 0.000000 -0.013834
1573040623.039814 0.000000 -0.000662 0.133477 10.207080 0.001325 2.404284 0.000000 -0.013249
