1573040163.164276 0.000000 0.000000 0.039504 10.217256 -0.001325 -0.128503 0.000000 -0.002586
1573040163.183979 0.000000 0.000000 0.029928 10.231621 -0.001325 -0.128503 0.000000 -0.002182
1573040163.204041 0.000000 0.000000 0.033519 10.301651 -0.001325 -0.128503 0.000000 -0.004866
1573040163.223978 0.000000 0.000000 0.050278 10.187328 -0.001325 -0.128503 0.000000 -0.003993
1573040163.243910 0.000000 0.000000 0.031125 10.177153 0.000000 -0.128503 0.000000 -0.002557
1573040163.264059 0.000000 0.000000 0.046687 10.266935 0.000000 -0.128503 0.000000 -0.004738
1573040163.283855 0.000000 0.000000 0.026935 10.294469 0.001325 -0.128474 0.000000 -0.002394
1573040163.303890 0.000000 0.000000 0.050278 10.210671 0.001325 -0.128474 0.000000 -0.003980
1573040163.324065 0.000000 0.000000 0.057461 10.230424 0.001325 -0.128474 0.000000 -0.004838
1573040163.343934 0.000000 0.000000 0.037110 10.238205 0.001267 -0.128474 0.000000 -0.003422
1573040163.364104 0.000000 0.000000 0.023942 10.229227 0.001267 -0.128474 0.000000 -0.002364
1573040163.384053 0.000000 0.000000 0.031723 10.186729 0.000000 -0.128474 0.000000 -0.004738
1573040163.404007 0.000000 0.000000 0.052074 10.188525 0.000000 -0.128474 0.000000 -0.003264
1573040163.423919 0.000000 0.000000 0.044293 10.162787 0.000000 -0.128474 0.000000 -0.003632
1573040163.444086 0.000000 0.000000 0.026336 10.200496 0.000000 -0.128474 0.000000 -0.002766
1573040163.463929 0.000000 0.000000 0.030526 10.291476 0.001325 -0.128474 0.000000 -0.002099
1573040163.484171 0.000000 0.000000 0.040103 10.285490 0.001325 -0.128474 0.000000 -0.004391
1573040163.504033 0.000000 0.000000 0.040103 10.193314 0.001325 -0.128474 0.000000 -0.003938
1573040163.524028 0.000000 0.000000 0.029329 10.242394 -0.001267 -0.128503 0.000000 -0.002737
1573040163.544012 0.000000 0.000000 0.036512 10.205284 -0.001267 -0.128503 0.000000 -0.002871
1573040163.564712 0.000000 0.000000 0.042497 10.249578 -0.001325 -0.128503 0.000000 -0.004112
1573040163.584173 0.000000 0.000000 0.038906 10.239402 -0.001325 -0.128503 0.000000 -0.003360
1573040163.603980 0.000000 0.000000 0.043694 10.181941 0.000000 -0.128474 0.000000 -0.002178
1573040163.624146 0.000000 0.000000 0.031723 10.193314 0.000000 -0.128474 0.000000 -0.003574
1573040163.644031 0.000000 0.000000 0.015562 10.210073 -0.001267 -0.128503 0.000000 -0.003938
1573040163.664158 0.000000 0.000000 0.044293 10.229227 -0.001267 -0.128503 0.000000 -0.004942
1573040163.683981 0.000000 0.000000 0.041899 10.205284 -0.001325 -0.128503 0.000000 -0.004018
1573040163.703889 0.000000 0.000000 0.052672 10.244789 -0.001325 -0.128503 0.000000 -0.005487
1573040163.724085 0.000000 0.000000 0.044891 10.219051 -0.001325 -0.128503 0.000000 -0.004524
1573040163.744161 0.000000 0.000000 0.025139 10.205883 -0.001325 -0.128503 0.000000 -0.003183
1573040163.764286 0.000000 0.000000 0.037709 10.250774 -0.001325 -0.128503 0.000000 -0.002691
1573040163.784079 0.000000 0.000000 0.039504 10.255563 0.000000 -0.128503 0.000000 -0.003871
1573040163.804035 0.000000 0.000000 0.038307 10.198102 0.000000 -0.128503 0.000000 -0.002952
1573040163.824010 0.000000 0.000000 0.041899 10.254366 0.000000 -0.128474 0.000000 -0.004901
1573040163.844041 0.000000 0.000000 0.043096 10.250774 0.000000 -0.128474 0.000000 -0.004228
1573040163.863944 0.000000 0.000000 0.032322 10.254964 0.000000 -0.128503 0.000000 -0.002857
1573040163.883989 0.000000 0.000000 0.037110 10.185533 0.000000 -0.128503 0.000000 -0.005638
1573040163.904293 0.000000 0.000000 0.020351 10.189722 0.000000 -0.128503 0.000000 -0.002152
1573040163.924045 0.000000 0.000000 0.055665 10.209475 0.000000 -0.128474 0.000000 -0.003848
1573040163.944111 0.000000 0.000000 0.028730 10.197503 0.000000 -0.128474 0.000000 -0.005302
1573040163.963895 0.000000 0.000000 0.026336 10.203489 0.000000 -0.128474 0.000000 -0.003290
1573040163.984059 0.000000 0.000000 0.046687 10.266935 0.000000 -0.128474 0.000000 -0.002501
1573040164.004117 0.000000 0.000000 0.058059 10.329783 -0.001325 -0.128532 0.000000 -0.001648
1573040164.023957 0.000000 0.000000 0.024541 10.251971 -0.001325 -0.128532 0.000000 -0.002433
1573040164.043944 0.000000 0.000000 0.032322 10.289680 -0.001325 -0.128503 0.000000 -0.002923
1573040164.063962 0.000000 0.000000 0.019154 10.235212 -0.001325 -0.128503 0.000000 -0.004336
1573040164.084048 0.000000 0.000000 0.020351 10.166379 -0.001325 -0.128503 0.000000 -0.002446
1573040164.103966 0.000000 0.000000 0.027533 10.235212 -0.001267 -0.128503 0.000000 -0.002000
1573040164.124002 0.000000 0.000000 0.032920 10.233417 -0.001267 -0.128503 0.000000 -0.003260
1573040164.144158 0.000000 0.000000 0.017957 10.219649 0.000000 -0.128474 0.000000 -0.003919
1573040164.164248 0.000000 0.000000 0.053271 10.169971 0.000000 -0.128474 0.000000 -0.002530
1573040164.183962 0.000000 0.000000 0.040103 10.224438 -0.001325 -0.128532 0.000000 -0.003763
1573040164.203892 0.000000 0.000000 0.022745 10.253169 -0.001325 -0.128532 0.000000 -0.003210
1573040164.224087 0.000000 0.000000 0.046687 10.293271 -0.001267 -0.128503 0.000000 -0.002212
1573040164.244049 0.000000 0.000000 0.036512 10.235212 -0.001267 -0.128503 0.000000 -0.003288
1573040164.263983 0.000000 0.000000 0.048483 10.186729 0.001325 -0.128474 0.000000 -0.002308
1573040164.283997 0.000000 0.000000 0.058059 10.186729 0.001325 -0.128474 0.000000 -0.003850
1573040164.304088 0.000000 0.000000 0.050877 10.304644 0.001325 -0.128474 0.000000 -0.005472
1573040164.324140 0.000000 0.000000 0.019154 10.216059 0.000000 -0.128503 0.000000 -0.002199
1573040164.343976 0.000000 0.000000 0.027533 10.225636 0.000000 -0.128503 0.000000 -0.003140
1573040164.364106 0.000000 0.000000 0.055665 10.254964 0.000000 -0.128474 0.000000 -0.005329
1573040164.384010 0.000000 0.000000 0.063446 10.295666 0.000000 -0.128474 0.000000 -0.004689
1573040164.403980 0.000000 0.000000 0.036512 10.222044 0.000000 -0.128503 0.000000 -0.005171
1573040164.424010 0.000000 0.000000 0.014964 10.192715 0.000000 -0.128503 0.000000 -0.003075
1573040164.443970 0.000000 0.000000 0.049680 10.237606 0.000000 -0.128503 0.000000 -0.002961
1573040164.464015 0.000000 0.000000 0.052672 10.144831 0.000000 -0.128474 0.000000 -0.004598
1573040164.483955 0.000000 0.000000 0.039504 10.193314 0.000000 -0.128474 0.000000 -0.003966
1573040164.504025 0.000000 0.000000 0.037110 10.290278 -0.001325 -0.128503 0.000000 -0.003456
1573040164.524049 0.000000 0.000000 0.027533 10.245986 -0.001325 -0.128503 0.000000 -0.001936
1573040164.543999 0.000000 0.000000 0.045490 10.267534 -0.001267 -0.128532 0.000000 -0.003185
1573040164.563951 0.000000 0.000000 0.042497 10.205284 -0.001267 -0.128532 0.000000 -0.002517
1573040164.584054 0.000000 0.000000 0.027533 10.262746 -0.001325 -0.128503 0.000000 -0.004204
1573040164.603929 0.000000 0.000000 0.022146 10.279505 -0.001325 -0.128503 0.000000 -0.001949
1573040164.623952 0.000000 0.000000 0.026935 10.209475 0.001325 -0.128474 0.000000 -0.003391
1573040164.644007 0.000000 0.000000 0.029329 10.155605 0.000000 -0.128474 0.000000 -0.002396
1573040164.664006 0.000000 0.000000 0.019154 10.256162 0.000000 -0.128474 0.000000 -0.003135
1573040164.683958 0.000000 0.000000 0.054468 10.251373 0.000000 -0.128503 0.000000 -0.005032
1573040164.704021 0.000000 0.000000 0.038307 10.225636 0.000000 -0.128503 0.000000 -0.003735
1573040164.723975 0.000000 0.000000 0.041300 10.210073 0.001325 -0.128474 0.000000 -0.005829
1573040164.744088 0.000000 0.000000 0.029329 10.237606 0.001325 -0.128474 0.000000 -0.004365
1573040164.764589 0.000000 0.000000 0.019154 10.261548 -0.001325 -0.128503 0.000000 -0.003136
1573040164.783937 0.000000 0.000000 0.023343 10.238205 -0.001325 -0.128503 0.000000 -0.004340
1573040164.803983 0.000000 0.000000 0.043096 10.184934 -0.001325 -0.128503 0.000000 -0.003791
1573040164.824034 0.000000 0.000000 0.018555 10.194510 0.000000 -0.128503 0.000000 -0.001956
1573040164.843940 0.000000 0.000000 0.044293 10.174160 0.000000 -0.128503 0.000000 -0.004388
1573040164.863982 0.000000 0.000000 0.041899 10.275913 -0.001325 -0.128503 0.000000 -0.002688
1573040164.884016 0.000000 0.000000 0.016759 10.269928 -0.001325 -0.128503 0.000000 -0.000854
1573040164.903927 0.000000 0.000000 0.019752 10.199299 -0.002534 -0.128532 0.000000 -0.002738
1573040164.924021 0.000000 0.000000 0.021548 10.180145 -0.002534 -0.128532 0.000000 -0.001621
1573040164.944043 0.000000 0.000000 0.046687 10.243592 0.000000 -0.128503 0.000000 -0.005005
1573040164.964066 0.000000 0.000000 0.030526 10.253767 0.000000 -0.128503 0.000000 -0.003589
1573040164.984120 0.000000 0.000000 0.050877 10.158598 0.000000 -0.128503 0.000000 -0.005072
1573040165.004016 0.000000 0.000000 0.040103 10.196905 0.000000 -0.128503 0.000000 -0.002589
1573040165.024207 0.000000 0.000000 0.049680 10.266935 0.000000 -0.128503 0.000000 -0.004785
1573040165.044014 0.000000 0.000000 0.038906 10.283096 -0.001267 -0.128503 0.000000 -0.004136
1573040165.064730 0.000000 0.000000 0.028132 10.275913 -0.001267 -0.128503 0.000000 -0.003059
1573040165.084082 0.000000 0.000000 0.031723 10.201694 0.000000 -0.128503 0.000000 -0.003986
1573040165.104181 0.000000 0.000000 0.025738 10.217854 0.000000 -0.128503 0.000000 -0.004015
1573040165.124040 0.000000 0.000000 0.022146 10.270527 0.000000 -0.128503 0.000000 -0.002129
1573040165.143937 0.000000 0.000000 0.038906 10.189124 0.000000 -0.128503 0.000000 -0.003779
1573040165.164077 0.000000 0.000000 0.040103 10.230424 -0.001325 -0.128503 0.000000 -0.003800
1573040165.184032 0.000000 0.000000 0.083199 10.242394 -0.001325 -0.128503 0.000000 -0.006439
1573040165.203979 0.000000 0.000000 0.032322 10.237606 0.000000 -0.128503 0.000000 -0.003304
1573040165.223979 0.000000 0.000000 0.029329 10.272323 0.000000 -0.128503 0.000000 -0.003700
1573040165.243948 0.000000 0.000000 0.035913 10.289082 0.000000 -0.128503 0.000000 -0.002987
1573040165.264039 0.000000 0.000000 0.035314 10.235810 0.001325 -0.128474 0.000000 -0.002650
1573040165.283970 0.000000 0.000000 0.029928 10.178948 0.001325 -0.128474 0.000000 -0.004421
1573040165.303905 0.000000 0.000000 0.025139 10.169372 0.001325 -0.128474 0.000000 -0.002287
1573040165.324127 0.000000 0.000000 0.043096 10.286089 0.001325 -0.128474 0.000000 -0.004411
1573040165.344042 0.000000 0.000000 0.041899 10.281301 0.000000 -0.128503 0.000000 -0.004142
1573040165.364269 0.000000 0.000000 0.035913 10.193913 0.000000 -0.128503 0.000000 -0.003665
1573040165.384070 0.000000 0.000000 0.054468 10.193314 0.000000 -0.128503 0.000000 -0.004449
1573040165.404057 0.000000 0.000000 0.039504 10.217854 0.000000 -0.128503 0.000000 -0.003021
1573040165.423993 0.000000 0.000000 0.034716 10.298059 0.000000 -0.128503 0.000000 -0.003379
1573040165.444015 0.000000 0.000000 0.020949 10.212467 0.000000 -0.128503 0.000000 -0.002157
1573040165.464127 0.000000 0.000000 0.025738 10.214263 0.000000 -0.128503 0.000000 -0.002520
1573040165.483924 0.000000 0.000000 0.056862 10.192715 -0.001325 -0.128503 0.000000 -0.004853
1573040165.504002 0.000000 0.000000 0.041300 10.193913 -0.001325 -0.128503 0.000000 -0.003761
1573040165.523927 0.000000 0.000000 0.037709 10.268731 -0.001325 -0.128532 0.000000 -0.003701
1573040165.543949 0.000000 0.000000 0.043096 10.273520 -0.001325 -0.128532 0.000000 -0.002205
1573040165.564040 0.000000 0.000000 0.032322 10.231621 0.000000 -0.128474 0.000000 -0.003607
1573040165.584096 0.000000 0.000000 0.044891 10.205883 0.000000 -0.128474 0.000000 -0.003455
1573040165.604062 0.000000 0.000000 0.015562 10.214263 0.000000 -0.128474 0.000000 -0.002155
1573040165.624068 0.000000 0.000000 0.029928 10.260351 0.000000 -0.128503 0.000000 -0.001424
1573040165.643975 0.000000 0.000000 0.035314 10.206482 0.000000 -0.128503 0.000000 -0.003550
1573040165.664166 0.000000 0.000000 0.035314 10.136452 0.000000 -0.128503 0.000000 -0.003455
1573040165.684104 0.000000 0.000000 0.035314 10.180145 0.000000 -0.128503 0.000000 -0.003584
1573040165.704037 0.000000 0.000000 0.045490 10.275315 0.000000 -0.128503 0.000000 -0.004430
1573040165.724019 0.000000 0.000000 0.010774 10.209475 0.000000 -0.128503 0.000000 -0.001852
1573040165.744049 0.000000 0.000000 0.030526 10.229825 0.000000 -0.128474 0.000000 -0.001725
1573040165.763913 0.000000 0.000000 0.025139 10.211270 0.000000 -0.128474 0.000000 -0.002477
1573040165.784062 0.000000 0.000000 0.030526 10.218452 0.001325 -0.128474 0.000000 -0.002996
1573040165.803984 0.000000 0.000000 0.038307 10.279505 0.001325 -0.128474 0.000000 -0.003354
1573040165.824011 0.000000 0.000000 0.035314 10.176554 0.001325 -0.128474 0.000000 -0.003294
1573040165.844022 0.000000 0.000000 0.045490 10.231022 0.000000 -0.128503 0.000000 -0.004403
1573040165.864047 0.000000 0.000000 0.037709 10.198701 0.000000 -0.128503 0.000000 -0.002051
1573040165.883985 0.000000 0.000000 0.031125 10.198102 0.000000 -0.128503 0.000000 -0.003035
1573040165.903972 0.000000 0.000000 0.031125 10.286089 0.000000 -0.128503 0.000000 -0.003442
1573040165.923958 0.000000 0.000000 0.029329 10.224438 -0.001325 -0.128503 0.000000 -0.002783
1573040165.943908 0.000000 0.000000 0.034117 10.205883 -0.001325 -0.128503 0.000000 -0.003347
1573040165.964201 0.000000 0.000000 0.024541 10.221445 0.001325 -0.128474 0.000000 -0.002470
1573040165.984020 0.000000 0.000000 0.056264 10.244190 0.001325 -0.128474 0.000000 -0.003795
1573040166.004078 0.000000 0.000000 0.034117 10.220847 0.001325 -0.128474 0.000000 -0.003407
1573040166.024019 0.000000 0.000000 0.021548 10.117896 0.000000 -0.128503 0.000000 -0.004818
1573040166.044011 0.000000 0.000000 0.028730 10.285490 0.000000 -0.128503 0.000000 -0.002048
1573040166.064007 0.000000 0.000000 0.068833 10.313024 0.001325 -0.128474 0.000000 -0.005472
1573040166.083900 0.000000 0.000000 0.039504 10.238804 0.001325 -0.128474 0.000000 -0.003061
1573040166.103969 0.000000 0.000000 0.017358 10.280702 0.000000 -0.128503 0.000000 -0.003349
1573040166.123990 0.000000 0.000000 0.032322 10.179547 0.000000 -0.128503 0.000000 -0.002913
1573040166.143978 0.000000 0.000000 0.060454 10.198102 -0.001325 -0.128532 0.000000 -0.005890
1573040166.163995 0.000000 0.000000 0.029329 10.239402 -0.001325 -0.128532 0.000000 -0.003302
1573040166.184102 0.000000 0.000000 0.025139 10.225037 -0.001325 -0.128532 0.000000 -0.002469
1573040166.203990 0.000000 0.000000 0.059256 10.228628 0.000000 -0.128503 0.000000 -0.005035
1573040166.224032 0.000000 0.000000 0.038906 10.162787 0.000000 -0.128503 0.000000 -0.003876
1573040166.243878 0.000000 0.000000 0.017358 10.179547 0.001325 -0.128474 0.000000 -0.002375
1573040166.263999 0.000000 0.000000 0.038906 10.251971 0.001325 -0.128474 0.000000 -0.002060
1573040166.284022 0.000000 0.000000 0.061052 10.291476 -0.001325 -0.128503 0.000000 -0.004069
1573040166.304121 0.000000 0.000000 0.024541 10.191518 -0.001325 -0.128503 0.000000 -0.004179
1573040166.323940 0.000000 0.000000 0.051475 10.196905 -0.001267 -0.128503 0.000000 -0.003600
1573040166.343934 0.000000 0.000000 0.051475 10.202890 -0.001267 -0.128503 0.000000 -0.004209
1573040166.364138 0.000000 0.000000 0.004190 10.234015 0.001325 -0.128474 0.000000 -0.000587
1573040166.383911 0.000000 0.000000 0.023942 10.269928 0.001325 -0.128474 0.000000 -0.002825
1573040166.403930 0.000000 0.000000 0.027533 10.163386 0.001325 -0.128474 0.000000 -0.002183
1573040166.424109 0.000000 0.000000 0.046687 10.228029 0.000000 -0.128503 0.000000 -0.001858
1573040166.444193 0.000000 0.000000 0.058658 10.344149 0.000000 -0.128503 0.000000 -0.005238
1573040166.464052 0.000000 0.000000 0.043694 10.282497 0.000000 -0.128503 0.000000 -0.003057
1573040166.484047 0.000000 0.000000 0.041899 10.168175 0.000000 -0.128503 0.000000 -0.004095
1573040166.504041 0.000000 0.000000 0.052074 10.202291 -0.001325 -0.128503 0.000000 -0.004754
1573040166.524004 0.000000 0.000000 0.031723 10.178948 -0.001325 -0.128503 0.000000 -0.003297
1573040166.544013 0.000000 0.000000 0.013767 10.275913 -0.001325 -0.128503 0.000000 -0.002688
1573040166.563847 0.000000 0.000000 0.032920 10.200496 0.000000 -0.128503 0.000000 -0.003968
1573040166.583999 0.000000 0.000000 0.047285 10.245986 0.000000 -0.128503 0.000000 -0.005110
1573040166.604240 0.000000 0.000000 0.052074 10.210073 0.000000 -0.128503 0.000000 -0.004478
1573040166.623985 0.000000 0.000000 0.010774 10.265140 0.000000 -0.128503 0.000000 -0.001424
1573040166.643944 0.000000 0.000000 0.060454 10.306439 -0.001325 -0.128503 0.000000 0.000390
1573040166.664012 0.000000 0.000000 0.021548 10.283096 -0.001325 -0.128503 0.000000 -0.002191
1573040166.684059 0.000000 0.000000 0.019752 10.162189 0.000000 -0.128503 0.000000 -0.003238
1573040166.704040 0.000000 0.000000 0.041899 10.168175 0.000000 -0.128503 0.000000 -0.003823
1573040166.724073 0.000000 0.000000 0.050877 10.232818 -0.001325 -0.128503 0.000000 -0.005187
1573040166.744080 0.000000 0.000000 0.021548 10.258555 -0.001325 -0.128503 0.000000 -0.002090
1573040166.763926 0.000000 0.000000 0.028730 10.223241 -0.001325 -0.128503 0.000000 -0.002606
1573040166.784116 0.000000 0.000000 0.029928 10.225636 -0.001267 -0.128503 0.000000 -0.003697
1573040166.803882 0.000000 0.000000 0.041300 10.263344 -0.001267 -0.128503 0.000000 -0.003842
1573040166.824095 0.000000 0.000000 0.023343 10.211868 0.001325 -0.128474 0.000000 -0.003092
1573040166.844041 0.000000 0.000000 0.044891 10.236409 0.001325 -0.128474 0.000000 -0.003990
1573040166.864090 0.000000 0.000000 0.041300 10.184336 0.000000 -0.128503 0.000000 -0.005016
1573040166.883999 0.000000 0.000000 0.016161 10.185533 0.000000 -0.128503 0.000000 -0.001617
1573040166.904017 0.000000 0.000000 0.031125 10.227431 0.000000 -0.128474 0.000000 -0.002579
1573040166.924217 0.000000 0.000000 0.041899 10.224438 0.000000 -0.128474 0.000000 -0.003934
1573040166.943921 0.000000 0.000000 0.043694 10.254366 0.001325 -0.128474 0.000000 -0.001914
1573040166.963994 0.000000 0.000000 0.030526 10.278906 0.001325 -0.128474 0.000000 -0.004327
1573040166.983941 0.000000 0.000000 0.032920 10.245387 0.001325 -0.128474 0.000000 -0.002272
1573040167.003998 0.000000 0.000000 0.052672 10.156203 0.000000 -0.128503 0.000000 -0.005292
1573040167.023863 0.000000 0.000000 0.051475 10.274716 0.000000 -0.128503 0.000000 -0.005009
1573040167.043818 0.000000 0.000000 0.034716 10.244789 0.000000 -0.128503 0.000000 -0.003591
1573040167.064022 0.000000 0.000000 0.039504 10.167576 0.000000 -0.128503 0.000000 -0.002402
1573040167.083943 0.000000 0.000000 0.039504 10.204087 0.000000 -0.128503 0.000000 -0.003205
1573040167.104122 0.000000 0.000000 0.034716 10.251373 0.000000 -0.128503 0.000000 -0.002405
1573040167.124033 0.000000 0.000000 0.033519 10.230424 0.000000 -0.128503 0.000000 -0.004131
1573040167.144038 0.000000 0.000000 0.035913 10.237008 0.000000 -0.128503 0.000000 -0.003578
1573040167.164011 0.000000 0.000000 0.046088 10.256760 0.000000 -0.128503 0.000000 -0.003343
1573040167.183999 0.000000 0.000000 0.050877 10.234015 0.000000 -0.128503 0.000000 -0.006513
1573040167.204065 0.000000 0.000000 0.039504 10.184934 0.000000 -0.128503 0.000000 -0.003368
1573040167.224076 0.000000 0.000000 0.040103 10.242394 -0.001267 -0.128503 0.000000 -0.002877
1573040167.244084 0.016000 0.000000 0.043096 10.216657 -0.001267 -0.128503 0.000000 -0.004318
1573040167.264054 0.032000 0.016000 0.025139 10.216657 0.001325 -0.128474 0.000000 -0.003358
1573040167.283939 0.048000 0.032000 0.032920 10.158598 0.001325 -0.128474 0.000000 -0.003900
1573040167.304034 0.064000 0.048000 0.027533 10.277111 -0.001325 -0.128503 0.000000 -0.002005
1573040167.324148 0.080000 0.064000 0.058658 10.254366 -0.001325 -0.128503 0.000000 -0.005659
1573040167.343972 0.096000 0.080000 0.299874 10.038888 0.002650 -0.128444 0.000000 -0.007998
1573040167.364006 0.112000 0.096000 1.139041 10.188525 0.002650 -0.128444 -0.010642 -0.012439
1573040167.383997 0.128000 0.112000 1.240196 10.237008 0.025171 -0.127716 -0.006385 -0.016982
1573040167.404284 0.144000 0.128000 1.092953 10.316615 0.025171 -0.127716 -0.004257 -0.021415
1573040167.424011 0.160000 0.144000 1.141436 10.150218 0.025171 -0.127716 -0.004257 -0.022450
1573040167.443921 0.176000 0.160000 1.368286 10.483610 0.070214 -0.125241 0.000000 -0.027024
1573040167.464044 0.192000 0.176000 1.260547 10.118495 0.070214 -0.125241 0.007449 -0.030399
1573040167.484016 0.208000 0.192000 0.969652 10.502764 0.113933 -0.120669 0.015963 -0.033501
1573040167.503927 0.224000 0.208000 0.769137 10.213664 0.113933 -0.120669 0.013835 -0.038384
1573040167.524032 0.240000 0.224000 0.692523 10.240599 0.153677 -0.114320 0.000000 -0.042668
1573040167.544053 0.256000 0.240000 0.781707 9.940126 0.153677 -0.114320 -0.015963 -0.047194
1573040167.564051 0.272000 0.256000 0.793079 10.231621 0.192096 -0.106224 0.000000 -0.051314
1573040167.583995 0.288000 0.272000 0.699107 9.985018 0.192096 -0.106224 0.010642 -0.054474
1573040167.604168 0.304000 0.288000 0.527921 11.045650 0.192096 -0.106224 0.008514 -0.053643
1573040167.623934 0.320000 0.304000 0.440533 10.891822 0.219917 -0.096905 0.000000 -0.051379
1573040167.643991 0.336000 0.320000 0.858920 10.825383 0.219917 -0.096905 0.013835 -0.053165
1573040167.664275 0.352000 0.336000 0.979827 9.779117 0.257012 -0.086188 0.008514 -0.056938
1573040167.684051 0.368000 0.352000 0.875679 10.746374 0.257012 -0.086188 -0.009578 -0.059435
1573040167.703982 0.384000 0.368000 1.194707 9.681553 0.283508 -0.074131 -0.005321 -0.063900
1573040167.724117 0.400000 0.384000 0.831985 9.370307 0.283508 -0.074131 0.020220 -0.067016
1573040167.744123 0.400000 0.400000 0.459088 11.104906 0.283508 -0.074131 0.004257 -0.063997
1573040167.764137 0.400000 0.400000 0.860117 8.980651 0.333850 -0.060094 0.011706 -0.064969
1573040167.783948 0.400000 0.400000 0.752976 10.970831 0.333850 -0.060094 -0.021284 -0.068537
1573040167.804010 0.400000 0.400000 0.537498 10.754155 0.380218 -0.036329 0.019156 -0.071091
1573040167.823989 0.400000 0.400000 0.177769 11.105504 0.380218 -0.036329 0.006385 -0.067607
1573040167.844130 0.400000 0.400000 -0.058059 8.639477 0.396116 -0.019030 0.027669 -0.064309
1573040167.864087 0.400000 0.400000 0.628478 8.062474 0.401415 -0.010206 0.014899 -0.065007
1573040167.883968 0.400000 0.400000 -0.130484 10.500370 0.409364 -0.001207 0.000000 -0.063205
1573040167.903983 0.400000 0.400000 -0.074220 9.941324 0.409364 -0.001207 -0.011706 -0.059235
1573040167.924031 0.400000 0.400000 0.479439 9.726444 0.390298 0.007763 0.041504 -0.055436
1573040167.943976 0.400000 0.400000 -0.456694 8.195951 0.390298 0.007763 -0.013835 -0.051004
1573040167.963992 0.400000 0.400000 -0.217274 11.725603 0.390298 0.007763 -0.014899 -0.047153
1573040167.984050 0.400000 0.400000 0.026336 11.121067 0.404065 0.025558 -0.051082 -0.043442
1573040168.004243 0.400000 0.400000 0.634463 7.702147 0.404065 0.025558 0.013835 -0.041406
1573040168.024105 0.400000 0.400000 0.123301 12.230780 0.402740 0.043236 -0.005321 -0.039185
1573040168.043985 0.400000 0.400000 -0.286107 10.122684 0.402740 0.043236 0.000000 -0.036036
1573040168.064129 0.400000 0.400000 0.117316 10.661979 0.404065 0.060797 0.005321 -0.035920
1573040168.084373 0.400000 0.400000 -0.678158 10.402207 0.404065 0.060797 0.039375 -0.032409
1573040168.104119 0.400000 0.400000 -0.712874 7.766790 0.405389 0.078532 0.000000 -0.030835
1573040168.124111 0.400000 0.400000 -0.103549 9.315240 0.405389 0.078532 -0.039375 -0.030021
1573040168.143895 0.400000 0.400000 0.196325 10.970831 0.412013 0.096267 -0.005321 -0.026798
1573040168.164021 0.400000 0.400000 -0.101754 10.062231 0.412013 0.096267 0.043632 -0.024876
1573040168.184044 0.400000 0.400000 0.665588 10.579378 0.412013 0.096267 -0.020220 -0.022920
1573040168.204066 0.400000 0.400000 0.141258 11.193491 0.393466 0.113739 0.000000 -0.020007
1573040168.224188 0.400000 0.400000 -0.252588 11.900978 0.393466 0.113739 0.006385 -0.017675
1573040168.243955 0.400000 0.400000 0.266355 7.663839 0.409364 0.131590 -0.006385 -0.017901
1573040168.263982 0.400000 0.400000 -0.007781 9.235034 0.409364 0.131590 -0.020220 -0.017190
1573040168.284022 0.400000 0.400000 0.096965 9.982025 0.398765 0.149178 -0.009578 -0.016370
1573040168.303937 0.400000 0.400000 -0.081403 10.985794 0.398765 0.149178 -0.012770 -0.012682
1573040168.323923 0.400000 0.400000 0.013767 9.995792 0.402740 0.167058 0.020220 -0.011065
1573040168.344009 0.400000 0.400000 0.426766 9.001599 0.402740 0.167058 -0.017027 -0.010918
1573040168.363957 0.400000 0.400000 0.284311 12.011710 0.401415 0.184471 -0.010642 -0.013765
1573040168.384004 0.400000 0.400000 -0.031125 10.274117 0.401415 0.184471 0.000000 -0.016295
1573040168.404107 0.400000 0.400000 0.174777 7.960721 0.401415 0.184471 -0.021284 -0.014635
1573040168.423951 0.400000 0.400000 0.481833 8.771158 0.402740 0.202118 -0.043632 -0.017421
1573040168.443960 0.400000 0.400000 0.101155 12.120048 0.402740 0.202118 0.000000 -0.017293
1573040168.463968 0.400000 0.400000 0.155025 11.179725 0.400090 0.219706 0.000000 -0.016127
1573040168.483848 0.400000 0.400000 0.025738 9.847351 0.400090 0.219706 0.032990 -0.015940
1573040168.504092 0.400000 0.400000 0.978031 7.313089 0.400090 0.237411 -0.034054 -0.015331
1573040168.524098 0.400000 0.400000 0.132280 9.250597 0.400090 0.237411 -0.022348 -0.015326
1573040168.543953 0.400000 0.400000 -0.299874 10.602722 0.421918 0.255058 0.012770 -0.017528
1573040168.564018 0.400000 0.400000 0.054468 12.075156 0.421918 0.255058 -0.011706 -0.014056
1573040168.583989 0.400000 0.400000 0.338181 8.316858 0.421918 0.255058 -0.035119 -0.014137
1573040168.604029 0.400000 0.400000 -0.170587 10.171765 0.398765 0.272647 -0.006385 -0.013677
1573040168.623996 0.400000 0.400000 -0.173580 11.988965 0.398765 0.272647 0.021284 -0.013899
1573040168.643988 0.400000 0.400000 0.231639 9.635465 0.405389 0.290411 0.019156 -0.013046
1573040168.663952 0.400000 0.400000 0.344166 10.527904 0.405389 0.290411 -0.008514 -0.016323
1573040168.684022 0.400000 0.400000 0.023942 10.693702 0.398765 0.308087 0.006385 -0.015804
1573040168.704016 0.400000 0.400000 0.193930 8.948329 0.398765 0.308087 0.031926 -0.014198
1573040168.723891 0.400000 0.400000 -0.035314 12.964004 0.404065 0.325850 0.051082 -0.010632
1573040168.744156 0.400000 0.400000 0.174777 8.246229 0.404065 0.325850 -0.006385 -0.007351
1573040168.764002 0.400000 0.400000 -0.616507 10.514735 0.404065 0.325850 0.000000 -0.007290
1573040168.784103 0.400000 0.400000 0.212485 10.661979 0.386497 0.352552 -0.004257 -0.009060
1573040168.804138 0.400000 0.400000 0.307655 9.621099 0.386497 0.352552 0.014899 -0.006997
1573040168.824195 0.400000 0.400000 0.445322 10.748170 0.397441 0.370140 -0.020220 -0.010312
1573040168.843866 0.400000 0.400000 0.211887 10.626664 0.408039 0.379108 0.020220 -0.009270
1573040168.864005 0.400000 0.400000 -0.120907 10.957663 0.404065 0.387989 0.038311 -0.007343
1573040168.884139 0.400000 0.400000 -0.519542 11.462839 0.404065 0.387989 0.048953 -0.005492
1573040168.904048 0.400000 0.400000 -0.099359 8.909423 0.398765 0.396753 -0.012770 -0.004626
1573040168.924549 0.400000 0.400000 -0.287903 9.727641 0.398765 0.396753 0.030862 -0.002625
1573040168.944060 0.400000 0.400000 -0.024541 11.074380 0.383962 0.414486 0.012770 -0.002189
1573040168.964111 0.400000 0.400000 -0.288501 8.766370 0.383962 0.414486 0.005321 0.001582
1573040168.983979 0.400000 0.400000 0.786495 10.223241 0.383962 0.414486 -0.026605 -0.003293
1573040169.004027 0.400000 0.400000 0.267552 10.987590 0.408039 0.441071 0.040440 -0.004421
1573040169.024057 0.400000 0.400000 -0.325611 10.847529 0.408039 0.441071 0.051082 0.000129
1573040169.043954 0.400000 0.400000 0.213683 8.731055 0.402740 0.458775 0.000000 0.002553
1573040169.063966 0.400000 0.400000 0.286107 10.160992 0.402740 0.458775 -0.023412 0.000652
1573040169.084118 0.400000 0.400000 -0.245406 11.672332 0.398765 0.467540 0.000000 0.004818
1573040169.103963 0.400000 0.400000 0.389058 10.448296 0.398765 0.467540 0.010642 0.003031
1573040169.124192 0.400000 0.400000 -0.013168 9.224260 0.397441 0.485302 0.023412 0.005505
1573040169.144004 0.400000 0.400000 0.605134 8.050503 0.397441 0.485302 -0.020220 0.002102
1573040169.164043 0.400000 0.400000 -0.073622 10.433332 0.397441 0.485302 0.037247 0.000460
1573040169.184040 0.400000 0.400000 -0.198120 10.572196 0.404065 0.511627 0.007449 0.003911
1573040169.204046 0.400000 0.400000 0.220267 8.805874 0.404065 0.511627 0.000000 0.001983
1573040169.224075 0.400000 0.400000 0.146046 10.713454 0.397441 0.529273 0.006385 -0.002039
1573040169.243985 0.400000 0.400000 -0.220267 10.755352 0.400090 0.538067 0.062788 0.002643
1573040169.264005 0.400000 0.400000 -0.336385 10.635642 0.402740 0.546919 0.014899 0.006322
1573040169.283958 0.400000 0.400000 0.263362 9.311648 0.402740 0.546919 0.004257 0.005919
1573040169.304193 0.400000 0.400000 -0.213683 11.484985 0.375092 0.564536 0.000000 0.006622
1573040169.323935 0.400000 0.400000 -0.252588 8.667608 0.375092 0.564536 -0.029798 0.007528
1573040169.344132 0.400000 0.400000 0.273538 11.212645 0.408039 0.582473 0.000000 0.007612
1573040169.363996 0.400000 0.400000 -0.057461 8.245630 0.408039 0.582473 0.012770 0.007659
1573040169.384160 0.400000 0.400000 0.319027 10.675745 0.408039 0.582473 -0.005321 0.003657
1573040169.404110 0.400000 0.400000 0.155025 10.510546 0.400090 0.599943 0.017027 0.005442
1573040169.424044 0.400000 0.400000 -0.400430 11.672332 0.400090 0.599943 -0.018091 0.008211
1573040169.443991 0.400000 0.400000 -0.168193 9.215282 0.386497 0.617762 -0.028733 0.006473
1573040169.464113 0.400000 0.400000 0.388459 10.365098 0.386497 0.617762 0.011706 0.006680
1573040169.484056 0.400000 0.400000 -0.172383 10.852318 0.404065 0.635407 0.021284 0.007129
1573040169.503973 0.400000 0.400000 -0.232238 10.982203 0.404065 0.635407 -0.022348 0.008249
1573040169.524014 0.400000 0.400000 0.278924 9.145252 0.404065 0.635407 0.006385 0.007300
1573040169.544069 0.400000 0.400000 0.196325 10.440515 0.393466 0.653022 -0.029798 0.004586
1573040169.563999 0.400000 0.400000 0.242413 10.737396 0.393466 0.653022 0.000000 0.005460
1573040169.584101 0.400000 0.400000 -0.216077 10.906786 0.406714 0.670782 -0.005321 0.007493
1573040169.604098 0.400000 0.400000 0.369306 9.679757 0.406714 0.670782 -0.034054 0.004300
1573040169.623989 0.400000 0.400000 0.582390 9.695918 0.398765 0.688310 -0.039375 -0.000105
1573040169.644068 0.400000 0.400000 -0.224456 11.750742 0.398765 0.688310 0.013835 0.001266
1573040169.664106 0.400000 0.400000 -0.254982 11.682507 0.412013 0.706130 0.038311 -0.000162
1573040169.684169 0.400000 0.400000 0.178368 9.268553 0.412013 0.706130 0.032990 0.000183
1573040169.703948 0.400000 0.400000 0.088585 9.726444 0.412013 0.706130 0.000000 0.000030
1573040169.724518 0.400000 0.400000 -0.065841 10.249578 0.404065 0.723571 0.022348 -0.000315
1573040169.743921 0.400000 0.400000 -0.019752 11.935095 0.404065 0.723571 0.018091 0.000164
1573040169.764171 0.400000 0.400000 -0.450110 11.000159 0.405389 0.741275 -0.035119 0.004776
1573040169.783972 0.400000 0.400000 0.220865 8.195951 0.405389 0.741275 -0.035119 0.000438
1573040169.803998 0.400000 0.400000 0.068235 11.917139 0.401415 0.758949 0.012770 0.002005
1573040169.824145 0.400000 0.400000 -0.357335 9.403227 0.401415 0.758949 -0.035119 0.003139
1573040169.844090 0.400000 0.400000 0.508169 8.834005 0.382695 0.776623 -0.023412 -0.001711
1573040169.863999 0.400000 0.400000 0.464475 10.288483 0.382695 0.776623 -0.005321 -0.005021
1573040169.884063 0.400000 0.400000 0.199916 11.058818 0.404065 0.794355 -0.010642 -0.004980
1573040169.903928 0.400000 0.400000 -0.238223 10.872069 0.404065 0.794355 0.000000 -0.002690
1573040169.923968 0.400000 0.400000 -0.407613 10.684125 0.404065 0.794355 -0.005321 -0.000758
1573040169.943986 0.400000 0.400000 0.043096 8.005013 0.394791 0.812087 -0.053210 -0.003561
1573040169.963992 0.400000 0.400000 -0.138265 11.184513 0.394791 0.812087 -0.005321 -0.006697
1573040169.984043 0.400000 0.400000 -0.230442 10.040085 0.397441 0.829818 0.005321 -0.004291
1573040170.004024 0.400000 0.400000 -0.040701 9.061455 0.397441 0.829818 0.000000 -0.004117
1573040170.024048 0.400000 0.400000 0.512359 10.280702 0.383962 0.847462 -0.029798 -0.008442
1573040170.044040 0.400000 0.400000 -0.023343 12.843096 0.383962 0.847462 -0.009578 -0.004916
1573040170.064042 0.400000 0.400000 -0.372298 11.375451 0.405389 0.865279 -0.021284 -0.002668
1573040170.084064 0.400000 0.400000 0.177171 8.172607 0.405389 0.865279 -0.021284 -0.005014
1573040170.103960 0.400000 0.400000 0.175974 9.985018 0.405389 0.865279 -0.005321 -0.005533
1573040170.123980 0.400000 0.400000 0.205303 10.651205 0.390817 0.882718 -0.019156 -0.005419
1573040170.144160 0.400000 0.400000 -0.007781 11.415553 0.390817 0.882718 -0.039375 -0.004040
1573040170.164148 0.400000 0.400000 0.480037 9.621698 0.409364 0.900565 -0.008514 -0.003868
1573040170.184024 0.400000 0.400000 0.498592 7.906851 0.409364 0.900565 -0.019156 -0.007189
1573040170.204029 0.400000 0.400000 0.241814 11.217433 0.401415 0.918120 0.005321 -0.011154
1573040170.224161 0.400000 0.400000 -0.178967 11.129446 0.401415 0.918120 0.009578 -0.006986
1573040170.244205 0.400000 0.400000 -0.043694 7.847594 0.401415 0.935617 0.000000 -0.007660
1573040170.263885 0.400000 0.400000 0.208296 11.168951 0.401415 0.935617 -0.009578 -0.011469
1573040170.284155 0.400000 0.400000 0.248398 11.030685 0.400090 0.953348 0.000000 -0.009598
1573040170.304122 0.400000 0.400000 -0.520739 11.011532 0.400090 0.953348 0.007449 -0.006170
1573040170.323928 0.400000 0.400000 0.527921 7.773374 0.400090 0.953348 0.008514 -0.008668
1573040170.343948 0.400000 0.400000 0.242413 9.629479 0.393466 0.970846 -0.005321 -0.011995
1573040170.363932 0.400000 0.400000 -0.332195 10.994174 0.393466 0.970846 0.000000 -0.011162
1573040170.383976 0.400000 0.400000 -0.099958 10.059836 0.400090 0.988373 -0.054274 -0.008739
1573040170.403938 0.400000 0.400000 0.903213 8.789713 0.400090 0.988373 -0.017027 -0.007264
1573040170.423932 0.400000 0.400000 0.155623 11.733982 0.405389 1.006103 -0.008514 -0.010511
1573040170.444036 0.400000 0.400000 0.363320 12.257714 0.405389 1.006103 0.020220 -0.009210
1573040170.464054 0.400000 0.400000 0.063446 11.290457 0.400090 1.023659 0.000000 -0.010028
1573040170.484041 0.400000 0.400000 -0.642245 8.839991 0.400090 1.023659 0.020220 -0.010289
1573040170.503944 0.400000 0.400000 0.099958 9.807847 0.397441 1.041331 -0.046825 -0.008480
1573040170.524315 0.400000 0.400000 0.375291 10.943895 0.397441 1.041331 -0.038311 -0.009468
1573040170.543893 0.400000 0.400000 0.748787 9.569025 0.397441 1.041331 0.008514 -0.010991
1573040170.564076 0.400000 0.400000 0.040103 9.023148 0.404065 1.059147 0.000000 -0.010095
1573040170.584106 0.400000 0.400000 0.635661 10.934319 0.404065 1.059147 -0.037247 -0.013180
1573040170.603895 0.400000 0.400000 -0.129287 11.122264 0.402740 1.076702 -0.013835 -0.011155
1573040170.624273 0.400000 0.400000 0.277129 11.034277 0.402740 1.076702 -0.023412 -0.010455
1573040170.643889 0.400000 0.400000 0.564433 7.646482 0.396116 1.094401 -0.025541 -0.013140
1573040170.664034 0.400000 0.400000 0.461482 10.204686 0.396116 1.094401 -0.012770 -0.017357
1573040170.684044 0.400000 0.400000 0.176572 11.064803 0.413338 1.112247 -0.018091 -0.014767
1573040170.703894 0.400000 0.400000 -0.003591 9.660006 0.413338 1.112247 -0.013835 -0.013658
1573040170.724231 0.400000 0.400000 0.318429 9.488221 0.413338 1.112247 -0.032990 -0.017886
1573040170.744037 0.400000 0.400000 0.325611 9.298481 0.396116 1.129800 0.000000 -0.019587
1573040170.763991 0.384000 0.400000 -0.053870 11.181520 0.396116 1.129800 0.007449 -0.018728
1573040170.784014 0.368000 0.384000 0.161010 11.516110 0.398765 1.147499 -0.012770 -0.016416
1573040170.803983 0.352000 0.368000 0.254982 9.522937 0.398765 1.147499 -0.004257 -0.017960
1573040170.823874 0.336000 0.352000 0.397437 9.448118 0.397441 1.165053 -0.038311 -0.020026
1573040170.844019 0.320000 0.336000 -0.062249 11.933898 0.397441 1.165053 -0.014899 -0.018355
1573040170.863925 0.304000 0.320000 -1.456273 10.839748 0.400090 1.182753 0.032990 -0.016208
1573040170.883917 0.288000 0.304000 0.004190 7.816470 0.400090 1.182753 -0.022348 -0.012157
1573040170.904155 0.272000 0.288000 -0.882263 10.251373 0.400090 1.182753 -0.007449 -0.009104
1573040170.923838 0.256000 0.272000 -1.015141 10.730812 0.366970 1.199171 -0.006385 -0.004544
1573040170.943951 0.240000 0.256000 -0.923563 11.993753 0.366970 1.199171 -0.017027 -0.001456
1573040170.964172 0.224000 0.240000 -0.729034 10.684724 0.341799 1.214397 0.018091 0.000326
1573040170.984113 0.208000 0.224000 -0.797269 8.419210 0.341799 1.214397 -0.032990 0.003931
1573040171.003874 0.192000 0.208000 -0.729633 10.414179 0.281319 1.227584 -0.025541 0.006248
1573040171.023904 0.176000 0.192000 -0.819416 10.430340 0.281319 1.227584 0.019156 0.010835
1573040171.043930 0.160000 0.176000 -0.887650 10.303447 0.257012 1.239200 -0.035119 0.014859
1573040171.064024 0.144000 0.160000 -0.471658 10.279505 0.257012 1.239200 -0.025541 0.018028
1573040171.083996 0.128000 0.144000 -0.693121 10.152612 0.209088 1.249185 0.015963 0.021097
1573040171.104078 0.112000 0.128000 -0.530316 10.283096 0.209088 1.249185 -0.005321 0.025275
1573040171.123882 0.096000 0.112000 -0.207697 9.630077 0.209088 1.249185 -0.010642 0.022661
1573040171.144043 0.080000 0.096000 -0.277727 10.271724 0.188122 1.257569 0.000000 0.023907
1573040171.164208 0.064000 0.080000 -0.405817 10.253767 0.188122 1.257569 0.010642 0.025900
1573040171.183896 0.048000 0.064000 -0.831985 10.104728 0.150797 1.264876 0.000000 0.030284
1573040171.204037 0.032000 0.048000 -0.921768 10.402207 0.150797 1.264876 0.004257 0.033704
1573040171.224100 0.016000 0.032000 -0.963666 10.242993 0.115258 1.270290 -0.008514 0.038035
1573040171.244178 0.000000 0.016000 -0.732626 10.323199 0.115258 1.270290 -0.008514 0.042067
1573040171.263940 0.000000 0.000000 -0.493804 10.083778 0.073498 1.273987 -0.005321 0.045512
1573040171.284002 0.000000 0.000000 -0.524330 10.263344 0.073498 1.273987 0.000000 0.047461
1573040171.303959 0.000000 0.000000 -0.498592 10.217854 0.073498 1.273987 0.000000 0.047280
1573040171.323932 0.000000 0.000000 -0.439336 10.196306 0.037094 1.275909 0.000000 0.044675
1573040171.344139 0.000000 0.000000 -0.254384 10.183737 0.037094 1.275909 0.000000 0.041495
1573040171.364112 0.000000 0.000000 -0.068235 10.343550 0.007603 1.276549 0.000000 0.039506
1573040171.384011 0.000000 0.000000 0.372298 10.219649 0.007603 1.276549 -0.007449 0.034981
1573040171.404123 0.000000 0.000000 0.568623 10.265140 0.000000 1.276520 0.000000 0.031506
1573040171.424023 0.000000 0.000000 0.323217 10.034100 0.000000 1.276520 0.000000 0.027115
1573040171.443924 0.000000 0.000000 0.109535 10.231621 0.000000 1.276491 0.000000 0.023081
1573040171.464043 0.000000 0.000000 0.118513 10.389040 0.000000 1.276491 0.000000 0.018722
1573040171.484039 0.000000 0.000000 0.208894 10.231621 0.000000 1.276491 0.000000 0.014355
1573040171.503997 0.000000 0.000000 0.228646 10.195707 0.001325 1.276520 0.000000 0.009946
1573040171.524028 0.000000 0.000000 0.182558 10.219649 0.001325 1.276520 0.000000 0.005602
1573040171.543997 0.000000 0.000000 0.123900 10.231621 0.002650 1.276549 0.000000 0.002199
1573040171.564236 0.000000 0.000000 0.210091 10.270527 0.002650 1.276549 0.000000 -0.002224
1573040171.584103 0.000000 0.000000 0.244807 10.226233 -0.001325 1.276491 0.000000 -0.004248
1573040171.604359 0.000000 0.000000 0.252588 10.220847 -0.001325 1.276491 0.000000 -0.007501
1573040171.624120 0.000000 0.000000 0.193332 10.252570 0.000000 1.276491 0.000000 -0.011793
1573040171.644116 0.000000 0.000000 0.147243 10.222643 0.000000 1.276491 0.000000 -0.014124
1573040171.664093 0.000000 0.000000 0.175375 10.226832 0.001325 1.276549 0.000000 -0.013389
1573040171.684012 0.000000 0.000000 0.205303 10.259154 0.001325 1.276549 0.000000 -0.017338
1573040171.704023 0.000000 0.000000 0.243011 10.197503 0.001325 1.276549 0.000000 -0.021477
1573040171.724177 0.000000 0.000000 0.196325 10.180744 -0.001325 1.276491 0.000000 -0.018954
1573040171.743997 0.000000 0.000000 0.152630 10.250774 -0.001325 1.276491 0.000000 -0.015831
1573040171.764099 0.000000 0.000000 0.158017 10.233417 0.001325 1.276520 0.000000 -0.015703
1573040171.783992 0.000000 0.000000 0.210690 10.163386 0.001325 1.276520 0.000000 -0.019014
1573040171.804017 0.000000 0.000000 0.226252 10.235810 0.000000 1.276520 0.000000 -0.020323
1573040171.823948 0.000000 0.000000 0.211288 10.248979 0.000000 1.276520 0.000000 -0.021366
1573040171.844157 0.000000 0.000000 0.183755 10.170568 0.000000 1.276520 0.000000 -0.018323
1573040171.864290 0.000000 0.000000 0.191536 10.209475 0.000000 1.276520 0.000000 -0.017917
1573040171.884087 0.000000 0.000000 0.230442 10.186729 0.000000 1.276520 0.000000 -0.020545
1573040171.904102 0.000000 0.000000 0.164601 10.207080 -0.001325 1.276491 0.000000 -0.018506
1573040171.923970 0.000000 0.000000 0.173580 10.263344 -0.001325 1.276491 0.000000 -0.017102
1573040171.944201 0.000000 0.000000 0.206500 10.192117 -0.001325 1.276520 0.000000 -0.020439
1573040171.963901 0.000000 0.000000 0.201113 10.188525 -0.001325 1.276520 0.000000 -0.019765
1573040171.983949 0.000000 0.000000 0.191536 10.210073 0.000000 1.276520 0.000000 -0.018545
1573040172.004035 0.000000 0.000000 0.189740 10.253169 0.000000 1.276520 0.000000 -0.018708
1573040172.023947 0.000000 0.000000 0.156222 10.159795 0.000000 1.276520 0.000000 -0.018726
1573040172.044014 0.000000 0.000000 0.180164 10.180744 0.000000 1.276520 0.000000 -0.017467
1573040172.063976 0.000000 0.000000 0.222062 10.195109 -0.001325 1.276520 0.000000 -0.019421
1573040172.083925 0.000000 0.000000 0.221464 10.231022 -0.001325 1.276520 0.000000 -0.021780
1573040172.103977 0.000000 0.000000 0.186149 10.223840 -0.001325 1.276520 0.000000 -0.018492
1573040172.124093 0.000000 0.000000 0.180164 10.295067 0.001325 1.276520 0.000000 -0.019799
1573040172.143946 0.000000 0.000000 0.166397 10.226832 0.001325 1.276520 0.000000 -0.020020
1573040172.163976 0.000000 0.000000 0.191536 10.217854 0.001325 1.276520 0.000000 -0.017747
1573040172.183937 0.000000 0.000000 0.212485 10.201095 0.001325 1.276520 0.000000 -0.020924
1573040172.203958 0.000000 0.000000 0.192733 10.264541 0.000000 1.276520 0.000000 -0.019540
1573040172.224059 0.000000 0.000000 0.213084 10.208278 0.000000 1.276520 0.000000 -0.020147
1573040172.243980 0.000000 0.000000 0.196923 10.190919 0.000000 1.276491 0.000000 -0.018495
1573040172.264183 0.000000 0.000000 0.176572 10.194510 0.000000 1.276491 0.000000 -0.017259
1573040172.284017 0.000000 0.000000 0.198120 10.254964 -0.001325 1.276520 0.000000 -0.019121
1573040172.303969 0.000000 0.000000 0.198120 10.302848 -0.001325 1.276520 0.000000 -0.019467
1573040172.323972 0.000000 0.000000 0.194529 10.213066 -0.001325 1.276520 0.000000 -0.018331
1573040172.344098 0.000000 0.000000 0.202909 10.234613 0.001325 1.276520 0.000000 -0.019900
1573040172.364036 0.000000 0.000000 0.177171 10.212467 0.001325 1.276520 0.000000 -0.017268
1573040172.384055 0.000000 0.000000 0.196325 10.189124 0.000000 1.276520 0.000000 -0.019630
1573040172.403933 0.000000 0.000000 0.196325 10.207080 0.000000 1.276520 0.000000 -0.019145
1573040172.423939 0.000000 0.000000 0.216077 10.199898 -0.002534 1.276491 0.000000 -0.018994
1573040172.443981 0.000000 0.000000 0.217274 10.223840 -0.002534 1.276491 0.000000 -0.017756
1573040172.464021 0.000000 0.000000 0.189740 10.265140 0.001325 1.276549 0.000000 -0.019236
1573040172.484214 0.000000 0.000000 0.201113 10.228628 0.001325 1.276549 0.000000 -0.019426
1573040172.504069 0.000000 0.000000 0.189740 10.260351 0.001325 1.276549 0.000000 -0.018862
1573040172.524064 0.000000 0.000000 0.189740 10.181342 0.001325 1.276520 0.000000 -0.019918
1573040172.544201 0.000000 0.000000 0.219069 10.206482 0.001325 1.276520 0.000000 -0.019555
1573040172.563905 0.000000 0.000000 0.205303 10.238804 0.001325 1.276520 0.000000 -0.018137
1573040172.584405 0.000000 0.000000 0.174178 10.241796 0.001325 1.276520 0.000000 -0.015886
1573040172.603977 0.000000 0.000000 0.171784 10.225037 -0.001325 1.276520 0.000000 -0.016762
1573040172.624164 0.000000 0.000000 0.184354 10.199299 -0.001325 1.276520 0.000000 -0.018209
1573040172.643962 0.000000 0.000000 0.178368 10.215460 0.000000 1.276520 0.000000 -0.018893
1573040172.663960 0.000000 0.000000 0.199916 10.305243 0.001325 1.276549 0.000000 -0.019751
1573040172.684100 0.000000 0.000000 0.200514 10.248979 0.001325 1.276549 0.000000 -0.021065
1573040172.703983 0.000000 0.000000 0.177171 10.216657 -0.001325 1.276520 0.000000 -0.018533
1573040172.724036 0.000000 0.000000 0.183156 10.215460 -0.001325 1.276520 0.000000 -0.016049
1573040172.744080 0.000000 0.000000 0.188543 10.221445 0.001325 1.276549 0.000000 -0.018445
1573040172.764092 0.000000 0.000000 0.161010 10.219649 0.001325 1.276549 0.000000 -0.016418
1573040172.784529 0.000000 0.000000 0.210091 10.252570 -0.001267 1.276520 0.000000 -0.020635
1573040172.804180 0.000000 0.000000 0.216077 10.232818 -0.001267 1.276520 0.000000 -0.020954
1573040172.824068 0.000000 0.000000 0.169988 10.260351 -0.001325 1.276520 0.000000 -0.017927
1573040172.844355 0.000000 0.000000 0.216077 10.268132 -0.001325 1.276520 0.000000 -0.018630
1573040172.863989 0.000000 0.000000 0.193332 10.210073 0.001325 1.276549 0.000000 -0.017908
1573040172.883969 0.000000 0.000000 0.190339 10.218452 0.001325 1.276549 0.000000 -0.018366
1573040172.904096 0.000000 0.000000 0.213084 10.244789 -0.002650 1.276491 0.000000 -0.019203
1573040172.924137 0.000000 0.000000 0.208894 10.218452 -0.002650 1.276491 0.000000 -0.018355
1573040172.943882 0.000000 0.000000 0.195127 10.257957 -0.002650 1.276491 0.000000 -0.018295
1573040172.964000 0.000000 0.000000 0.195127 10.201095 0.000000 1.276520 0.000000 -0.020338
1573040172.983954 0.000000 0.000000 0.186149 10.207080 0.000000 1.276520 0.000000 -0.018081
1573040173.004042 0.000000 0.000000 0.181361 10.231022 -0.001325 1.276491 0.000000 -0.017116
1573040173.023999 0.000000 0.000000 0.209493 10.318411 -0.001325 1.276491 0.000000 -0.017294
1573040173.044117 0.000000 0.000000 0.184952 10.252570 0.001325 1.276520 0.000000 -0.019010
1573040173.064027 0.000000 0.000000 0.181959 10.225636 0.001325 1.276520 0.000000 -0.018302
1573040173.084129 0.000000 0.000000 0.185551 10.245387 0.000000 1.276491 0.000000 -0.018089
1573040173.104079 0.000000 0.000000 0.190938 10.224438 0.000000 1.276491 0.000000 -0.018137
1573040173.123976 0.000000 0.000000 0.202909 10.194510 -0.001325 1.276520 0.000000 -0.020144
1573040173.144089 0.000000 0.000000 0.193332 10.198102 -0.001325 1.276520 0.000000 -0.018927
1573040173.163939 0.000000 0.000000 0.189142 10.217854 -0.001325 1.276520 0.000000 -0.017020
1573040173.183922 0.000000 0.000000 0.168193 10.243592 -0.002650 1.276491 0.000000 -0.017137
1573040173.203996 0.000000 0.000000 0.199916 10.232818 -0.002650 1.276491 0.000000 -0.019084
1573040173.223913 0.000000 0.000000 0.186149 10.152612 -0.001267 1.276491 0.000000 -0.018423
1573040173.243959 0.000000 0.000000 0.193332 10.242394 -0.001267 1.276491 0.000000 -0.018588
1573040173.263991 0.000000 0.000000 0.181959 10.204087 0.000000 1.276491 0.000000 -0.017086
1573040173.284219 0.000000 0.000000 0.188543 10.181941 0.000000 1.276491 0.000000 -0.018148
1573040173.304049 0.000000 0.000000 0.180164 10.214861 -0.001325 1.276491 0.000000 -0.019174
1573040173.324000 0.000000 0.000000 0.208894 10.278906 -0.001325 1.276491 0.000000 -0.017747
1573040173.344011 0.000000 0.000000 0.184952 10.262746 -0.001325 1.276491 0.000000 -0.018035
1573040173.364119 0.000000 0.000000 0.189740 10.195707 0.001325 1.276520 0.000000 -0.019716
1573040173.384703 0.000000 0.000000 0.187346 10.204087 0.001325 1.276520 0.000000 -0.018044
1573040173.403966 0.000000 0.000000 0.192135 10.235810 -0.001325 1.276491 0.000000 -0.018730
1573040173.423943 0.000000 0.000000 0.210091 10.219051 0.001267 1.276520 0.000000 -0.021157
1573040173.443909 0.000000 0.000000 0.180762 10.290877 -0.001325 1.276491 0.000000 -0.017285
1573040173.464171 0.000000 0.000000 0.189740 10.180145 -0.001325 1.276491 0.000000 -0.017694
1573040173.484137 0.000000 0.000000 0.206500 10.208876 0.002650 1.276549 0.000000 -0.019973
1573040173.504022 0.000000 0.000000 0.196923 10.268132 0.002650 1.276549 0.000000 -0.020732
1573040173.523951 0.000000 0.000000 0.205901 10.262746 -0.001325 1.276491 0.000000 -0.021195
1573040173.544120 0.000000 0.000000 0.192135 10.227431 -0.001325 1.276491 0.000000 -0.018725
1573040173.563975 0.000000 0.000000 0.174777 10.223840 -0.001325 1.276491 0.000000 -0.019613
1573040173.584017 0.000000 0.000000 0.168193 10.209475 0.001325 1.276520 0.000000 -0.017960
1573040173.604180 0.000000 0.000000 0.191536 10.193913 0.001325 1.276520 0.000000 -0.018223
1573040173.623971 0.000000 0.000000 0.205303 10.270527 0.001325 1.276520 0.000000 -0.018101
1573040173.643932 0.000000 0.000000 0.183156 10.277111 0.001325 1.276520 0.000000 -0.017872
1573040173.664170 0.000000 0.000000 0.201711 10.251373 0.000000 1.276520 0.000000 -0.018409
1573040173.684202 0.000000 0.000000 0.220865 10.275315 0.000000 1.276520 0.000000 -0.018918
1573040173.703944 0.000000 0.000000 0.214880 10.228628 -0.001325 1.276491 0.000000 -0.021057
1573040173.724128 0.000000 0.000000 0.193332 10.217854 0.000000 1.276491 0.000000 -0.017713
1573040173.744121 0.000000 0.000000 0.177171 10.198701 0.000000 1.276491 0.000000 -0.017850
1573040173.764043 0.000000 0.000000 0.197522 10.203489 0.001325 1.276520 0.000000 -0.017228
1573040173.783943 0.000000 0.000000 0.178967 10.228628 0.001325 1.276520 0.000000 -0.017489
1573040173.803957 0.000000 0.000000 0.204704 10.213664 0.000000 1.276520 0.000000 -0.018169
1573040173.824034 0.000000 0.000000 0.183156 10.232818 0.000000 1.276520 0.000000 -0.018014
1573040173.844075 0.000000 0.000000 0.193930 10.210671 -0.001325 1.276491 0.000000 -0.019436
1573040173.864035 0.000000 0.000000 0.150236 10.253169 -0.001325 1.276491 0.000000 -0.016745
1573040173.883913 0.000000 0.000000 0.181361 10.223241 0.001325 1.276549 0.000000 -0.017687
1573040173.903866 0.000000 0.000000 0.200514 10.171765 0.001325 1.276549 0.000000 -0.018968
1573040173.923949 0.000000 0.000000 0.198120 10.248979 -0.001325 1.276491 0.000000 -0.016918
1573040173.944064 0.000000 0.000000 0.191536 10.236409 -0.001325 1.276491 0.000000 -0.018870
1573040173.963969 0.000000 0.000000 0.198120 10.186729 0.000000 1.276491 0.000000 -0.020067
1573040173.983951 0.000000 0.000000 0.196923 10.234015 0.002650 1.276549 0.000000 -0.019575
1573040174.004130 0.000000 0.000000 0.195726 10.292673 0.002650 1.276549 0.000000 -0.018969
1573040174.024026 0.000000 0.000000 0.166996 10.225636 -0.001325 1.276520 0.000000 -0.015937
1573040174.043950 0.000000 0.000000 0.179565 10.196306 -0.001325 1.276520 0.000000 -0.018059
1573040174.064613 0.000000 0.000000 0.201711 10.160394 0.000000 1.276520 0.000000 -0.020769
1573040174.084076 0.000000 0.000000 0.192733 10.204087 0.000000 1.276520 0.000000 -0.019621
1573040174.104212 0.000000 0.000000 0.193930 10.246585 -0.001325 1.276491 0.000000 -0.018163
1573040174.123919 0.000000 0.000000 0.195127 10.188525 0.002534 1.276549 0.000000 -0.019948
1573040174.143891 0.000000 0.000000 0.189740 10.206482 -0.001325 1.276520 0.000000 -0.019058
1573040174.163996 0.000000 0.000000 0.169390 10.254964 -0.001325 1.276520 0.000000 -0.017045
1573040174.183985 0.000000 0.000000 0.208296 10.245387 0.001325 1.276549 0.000000 -0.019373
1573040174.204048 0.000000 0.000000 0.199317 10.235810 0.001325 1.276549 0.000000 -0.019214
1573040174.223948 0.000000 0.000000 0.180164 10.229825 0.001325 1.276549 0.000000 -0.018502
1573040174.243914 0.000000 0.000000 0.177769 10.188525 -0.002650 1.276491 0.000000 -0.019773
1573040174.264078 0.000000 0.000000 0.202310 10.263943 -0.002650 1.276491 0.000000 -0.019808
1573040174.283920 0.000000 0.000000 0.171185 10.248381 0.000000 1.276520 0.000000 -0.018169
1573040174.304036 0.000000 0.000000 0.187346 10.153211 0.000000 1.276520 0.000000 -0.018801
1573040174.324175 0.000000 0.000000 0.214880 10.237606 0.000000 1.276520 0.000000 -0.020888
1573040174.344152 0.000000 0.000000 0.171784 10.286089 0.000000 1.276520 0.000000 -0.018159
1573040174.364002 0.000000 0.000000 0.174777 10.256162 0.000000 1.276520 0.000000 -0.017309
1573040174.384064 0.000000 0.000000 0.176572 10.219051 0.000000 1.276520 0.000000 -0.018198
1573040174.404077 0.000000 0.000000 0.186748 10.235810 0.001325 1.276520 0.000000 -0.018189
1573040174.424074 0.000000 0.000000 0.200514 10.167576 0.001325 1.276520 0.000000 -0.018580
1573040174.443999 0.000000 0.000000 0.205303 10.224438 0.001325 1.276520 0.000000 -0.020096
1573040174.464197 0.000000 0.000000 0.201113 10.173561 0.001325 1.276549 0.000000 -0.017856
1573040174.483953 0.000000 0.000000 0.189142 10.235212 0.001325 1.276549 0.000000 -0.021244
1573040174.504017 0.000000 0.000000 0.192135 10.283096 0.000000 1.276520 0.000000 -0.018449
1573040174.524268 0.000000 0.000000 0.185551 10.177752 0.000000 1.276520 0.000000 -0.018626
1573040174.544128 0.000000 0.000000 0.201113 10.249578 0.001325 1.276520 0.000000 -0.018794
1573040174.564064 0.000000 0.000000 0.163404 10.258555 0.001325 1.276520 0.000000 -0.016575
1573040174.583904 0.000000 0.000000 0.207697 10.210073 0.001325 1.276520 0.000000 -0.019456
1573040174.604066 0.000000 0.000000 0.196923 10.213066 0.001325 1.276520 0.000000 -0.018793
1573040174.623995 0.000000 0.000000 0.181959 10.166977 0.001325 1.276549 0.000000 -0.020050
1573040174.643957 0.000000 0.000000 0.212485 10.207080 0.001325 1.276549 0.000000 -0.018715
1573040174.663927 0.000000 0.000000 0.177171 10.269928 0.001325 1.276549 0.000000 -0.019836
1573040174.683947 0.000000 0.000000 0.167594 10.152612 -0.001325 1.276491 0.000000 -0.018953
1573040174.704193 0.000000 0.000000 0.191536 10.250175 -0.001325 1.276491 0.000000 -0.020623
1573040174.723901 0.000000 0.000000 0.204106 10.268731 -0.001325 1.276491 0.000000 -0.019713
1573040174.744195 0.000000 0.000000 0.210690 10.198701 -0.001325 1.276491 0.000000 -0.019483
1573040174.764018 0.000000 0.000000 0.191536 10.232818 0.000000 1.276491 0.000000 -0.018847
1573040174.784003 0.000000 0.000000 0.183156 10.205883 0.000000 1.276491 0.000000 -0.017544
1573040174.804074 0.000000 0.000000 0.174178 10.192117 -0.001325 1.276520 0.000000 -0.016583
1573040174.824088 0.000000 0.000000 0.201113 10.223241 -0.001325 1.276520 0.000000 -0.019714
1573040174.844042 0.000000 0.000000 0.173580 10.249578 -0.001325 1.276520 0.000000 -0.016715
1573040174.863929 0.000000 0.000000 0.188543 10.275913 -0.001325 1.276520 0.000000 -0.019081
1573040174.883976 0.000000 0.000000 0.197522 10.244190 -0.001325 1.276520 0.000000 -0.019768
1573040174.904068 0.000000 0.000000 0.202909 10.220847 0.001325 1.276520 0.000000 -0.019719
1573040174.923929 0.000000 0.000000 0.198719 10.255563 0.001325 1.276520 0.000000 -0.019331
1573040174.943872 0.000000 0.000000 0.172383 10.196306 0.001325 1.276549 0.000000 -0.018711
1573040174.964144 0.000000 0.000000 0.174178 10.265738 0.001325 1.276549 0.000000 -0.017842
1573040174.983904 0.000000 0.000000 0.196325 10.237606 -0.001325 1.276491 0.000000 -0.019372
1573040175.004030 0.000000 0.000000 0.189142 10.199299 -0.001325 1.276491 0.000000 -0.019662
1573040175.023936 0.000000 0.000000 0.181361 10.254366 0.001325 1.276520 0.000000 -0.017745
1573040175.043920 0.000000 0.000000 0.215478 10.316016 0.001325 1.276520 0.000000 -0.017269
1573040175.064098 0.000000 0.000000 0.200514 10.208278 0.001325 1.276520 0.000000 -0.018437
1573040175.083943 0.000000 0.000000 0.187945 10.242394 -0.001325 1.276520 0.000000 -0.019272
1573040175.104159 0.000000 0.000000 0.187346 10.246585 -0.001325 1.276520 0.000000 -0.017244
1573040175.124012 0.000000 0.000000 0.166397 10.176554 0.000000 1.276520 0.000000 -0.016332
1573040175.143978 0.000000 0.000000 0.175974 10.195707 0.000000 1.276520 0.000000 -0.017270
1573040175.164045 0.000000 0.000000 0.186149 10.231621 -0.001325 1.276491 0.000000 -0.017223
1573040175.184142 0.000000 0.000000 0.197522 10.242993 -0.001325 1.276491 0.000000 -0.019560
1573040175.203985 0.000000 0.000000 0.178967 10.205284 -0.002534 1.276491 0.000000 -0.018055
1573040175.224062 0.000000 0.000000 0.201113 10.269928 -0.002534 1.276491 0.000000 -0.018087
1573040175.244119 0.000000 0.000000 0.191536 10.235810 -0.002534 1.276491 0.000000 -0.016294
1573040175.264048 0.000000 0.000000 0.193930 10.231022 0.000000 1.276549 0.000000 -0.018961
1573040175.283910 0.016000 0.000000 0.178368 10.248979 0.000000 1.276549 0.000000 -0.019414
1573040175.304036 0.032000 0.016000 0.199317 10.302848 0.000000 1.276520 0.000000 -0.019352
1573040175.324071 0.048000 0.032000 0.205303 10.217854 0.000000 1.276520 0.000000 -0.020502
1573040175.344050 0.064000 0.048000 0.225653 10.169971 0.000000 1.276549 0.000000 -0.021655
1573040175.364169 0.080000 0.064000 0.368707 10.265140 0.006624 1.276695 0.000000 -0.025024
1573040175.383974 0.096000 0.080000 0.828394 10.232220 0.015206 1.277044 -0.005321 -0.029467
1573040175.404137 0.112000 0.096000 1.059434 10.323797 0.015206 1.277044 -0.005321 -0.034005
1573040175.424181 0.128000 0.112000 1.130063 10.231022 0.033120 1.277772 0.000000 -0.038513
1573040175.444449 0.144000 0.128000 0.984017 10.266935 0.033120 1.277772 0.004257 -0.042883
1573040175.464059 0.160000 0.144000 0.951097 10.169372 0.033120 1.277772 0.004257 -0.046909
1573040175.484002 0.176000 0.160000 0.973842 10.339360 0.082138 1.282109 0.000000 -0.051179
1573040175.504226 0.192000 0.176000 1.004966 10.108319 0.082138 1.282109 -0.011706 -0.055708
1573040175.524084 0.208000 0.192000 1.042076 10.064625 0.124531 1.287117 -0.012770 -0.059326
1573040175.544158 0.224000 0.208000 1.247379 10.229227 0.124531 1.287117 -0.017027 -0.061487
1573040175.564226 0.240000 0.224000 1.259949 9.923965 0.160935 1.293987 -0.019156 -0.066273
1573040175.584203 0.256000 0.240000 1.200094 10.097546 0.160935 1.293987 -0.011706 -0.069729
1573040175.603942 0.272000 0.256000 1.110311 10.185533 0.160935 1.293987 0.000000 -0.073993
1573040175.623984 0.288000 0.272000 0.558448 10.426149 0.202695 1.302632 -0.006385 -0.074350
1573040175.644260 0.304000 0.288000 0.630274 11.179725 0.202695 1.302632 0.004257 -0.074928
1573040175.664027 0.320000 0.304000 0.524929 10.016741 0.231840 1.312530 0.023412 -0.076333
1573040175.684017 0.336000 0.320000 0.917578 10.319608 0.231840 1.312530 -0.014899 -0.077077
1573040175.703984 0.352000 0.336000 0.929549 9.840767 0.259661 1.323563 -0.025541 -0.080678
1573040175.724030 0.368000 0.352000 1.278504 9.947907 0.259661 1.323563 -0.005321 -0.084227
1573040175.744056 0.384000 0.368000 1.237802 10.123283 0.287655 1.336313 0.012770 -0.086105
1573040175.764022 0.400000 0.384000 0.979228 10.365098 0.287655 1.336313 -0.017027 -0.084508
1573040175.784033 0.400000 0.400000 0.643442 9.717466 0.332525 1.350519 0.015963 -0.085546
1573040175.804121 0.400000 0.400000 0.830788 9.111733 0.332525 1.350519 -0.015963 -0.088280
1573040175.824150 0.400000 0.400000 1.081581 9.506178 0.332525 1.350519 -0.018091 -0.092398
1573040175.844123 0.400000 0.400000 0.899621 10.917560 0.373594 1.366587 -0.027669 -0.090939
1573040175.864104 0.400000 0.400000 0.392051 9.069835 0.373594 1.366587 0.021284 -0.089841
1573040175.884023 0.400000 0.400000 0.928950 9.356540 0.385229 1.383879 -0.014899 -0.088436
1573040175.904033 0.400000 0.400000 0.548871 10.757747 0.385229 1.383879 0.000000 -0.085259
1573040175.924078 0.400000 0.400000 0.006584 10.769119 0.405389 1.401636 0.012770 -0.080557
1573040175.944070 0.400000 0.400000 0.562637 8.824429 0.405389 1.401636 0.043632 -0.077428
1573040175.963945 0.400000 0.400000 -0.341772 9.029133 0.405389 1.419655 0.051082 -0.075623
1573040175.984111 0.400000 0.400000 0.013767 13.218388 0.405389 1.419655 0.007449 -0.072508
1573040176.003894 0.400000 0.400000 -0.381277 9.940725 0.415988 1.437819 0.000000 -0.068437
1573040176.024136 0.400000 0.400000 -0.326210 11.654375 0.415988 1.437819 0.054274 -0.064078
1573040176.044042 0.400000 0.400000 0.286107 7.541137 0.415988 1.437819 0.052146 -0.059912
1573040176.064062 0.400000 0.400000 0.095170 10.382456 0.396116 1.455082 0.000000 -0.057176
1573040176.083936 0.400000 0.400000 -0.115520 9.738416 0.396116 1.455082 -0.009578 -0.053910
1573040176.103954 0.400000 0.400000 0.947505 9.644443 0.398765 1.472927 0.046825 -0.050640
1573040176.124018 0.400000 0.400000 0.220865 10.651803 0.398765 1.472927 0.015963 -0.047731
1573040176.144055 0.400000 0.400000 0.384868 10.415376 0.410689 1.490684 0.017027 -0.045705
1573040176.163923 0.400000 0.400000 0.035314 10.389040 0.410689 1.490684 0.024477 -0.043576
1573040176.183914 0.400000 0.400000 0.223259 12.042235 0.400090 1.508237 0.037247 -0.041179
1573040176.204057 0.400000 0.400000 -0.052074 9.222465 0.400090 1.508237 0.050017 -0.040962
1573040176.224055 0.400000 0.400000 0.439336 9.414001 0.400090 1.508237 -0.031926 -0.038530
1573040176.244040 0.400000 0.400000 0.237026 10.508151 0.409364 1.526139 0.011706 -0.036246
1573040176.263948 0.400000 0.400000 0.220865 8.844181 0.409364 1.526139 0.063852 -0.034669
1573040176.283957 0.400000 0.400000 0.157419 11.025299 0.405389 1.543691 0.000000 -0.033813
1573040176.303923 0.400000 0.400000 0.067038 10.538677 0.405389 1.543691 0.007449 -0.030250
1573040176.323870 0.400000 0.400000 0.140659 11.469423 0.402740 1.561301 0.032990 -0.025981
1573040176.344092 0.400000 0.400000 0.163404 9.363723 0.402740 1.561301 0.041504 -0.022989
1573040176.364176 0.400000 0.400000 -0.021548 11.070788 0.404065 1.578940 0.009578 -0.020927
1573040176.384014 0.400000 0.400000 0.354940 10.924144 0.404065 1.578940 0.014899 -0.021448
1573040176.404074 0.400000 0.400000 -0.075417 11.571177 0.378893 1.596549 0.017027 -0.019285
1573040176.424157 0.400000 0.400000 -0.407613 9.608530 0.378893 1.596549 0.034054 -0.015067
1573040176.444164 0.400000 0.400000 0.324414 9.665392 0.378893 1.596549 -0.021284 -0.017170
1573040176.463972 0.400000 0.400000 0.211288 10.171167 0.401415 1.614217 0.014899 -0.018094
1573040176.484089 0.400000 0.400000 0.040103 12.288838 0.401415 1.614217 0.039375 -0.017810
1573040176.504052 0.400000 0.400000 -0.092177 9.341577 0.404065 1.631797 0.031926 -0.015301
1573040176.523968 0.400000 0.400000 0.091578 8.920795 0.404065 1.631797 -0.030862 -0.013502
1573040176.543956 0.400000 0.400000 0.019154 11.648988 0.386497 1.649407 0.000000 -0.011881
1573040176.564224 0.400000 0.400000 0.089184 12.421118 0.386497 1.649407 0.015963 -0.009405
1573040176.584043 0.400000 0.400000 -0.289698 9.245809 0.398765 1.667134 0.062788 -0.008552
1573040176.604004 0.400000 0.400000 -1.003170 9.184157 0.398765 1.667134 0.039375 -0.005854
1573040176.624129 0.400000 0.400000 0.289100 9.782109 0.398765 1.667134 0.010642 -0.009668
1573040176.643942 0.400000 0.400000 -0.084396 10.083778 0.401415 1.684744 0.022348 -0.009811
1573040176.663989 0.400000 0.400000 -0.269946 10.354922 0.401415 1.684744 0.036183 -0.006912
1573040176.684019 0.400000 0.400000 0.234632 7.368754 0.401415 1.702529 -0.020220 -0.010612
1573040176.703981 0.400000 0.400000 -0.087388 10.989985 0.401415 1.702529 0.018091 -0.011049
1573040176.723956 0.400000 0.400000 -0.008380 11.631630 0.406714 1.720256 0.005321 -0.008142
1573040176.744206 0.400000 0.400000 0.043694 10.295666 0.406714 1.720256 0.000000 -0.005877
1573040176.763965 0.400000 0.400000 0.617105 8.710106 0.401415 1.737924 -0.014899 -0.008733
1573040176.784091 0.400000 0.400000 0.354940 10.226832 0.401415 1.737924 0.021284 -0.010178
1573040176.804536 0.400000 0.400000 0.641047 11.117476 0.389031 1.755767 0.018091 -0.010268
1573040176.824025 0.400000 0.400000 -0.392051 10.383054 0.389031 1.755767 0.019156 -0.007286
1573040176.844137 0.400000 0.400000 0.297480 8.425795 0.389031 1.755767 0.000000 -0.007436
1573040176.864112 0.400000 0.400000 0.241216 10.997167 0.402740 1.773405 0.000000 -0.008997
1573040176.884155 0.400000 0.400000 -0.211887 11.028890 0.402740 1.773405 0.000000 -0.005911
1573040176.904082 0.400000 0.400000 -0.313640 10.298658 0.414663 1.791392 -0.025541 -0.002388
1573040176.924026 0.400000 0.400000 0.678158 9.011176 0.414663 1.791392 -0.021284 -0.005348
1573040176.944097 0.400000 0.400000 0.518943 10.431537 0.400090 1.808941 0.005321 -0.005609
1573040176.964072 0.400000 0.400000 -0.278326 10.295666 0.400090 1.808941 -0.025541 -0.003328
1573040176.984045 0.400000 0.400000 -0.082600 12.598887 0.386497 1.826840 0.000000 -0.003955
1573040177.003890 0.400000 0.400000 0.511162 7.985261 0.386497 1.826840 -0.009578 -0.006323
1573040177.023938 0.400000 0.400000 0.171784 10.326790 0.401415 1.844390 0.027669 -0.006840
1573040177.044139 0.400000 0.400000 0.118513 10.120889 0.401415 1.844390 0.006385 -0.006021
1573040177.064055 0.400000 0.400000 0.020949 9.804255 0.401415 1.844390 0.030862 -0.004236
1573040177.084085 0.400000 0.400000 0.213084 7.456142 0.401415 1.862201 -0.024477 -0.006950
1573040177.103944 0.400000 0.400000 0.541090 11.074978 0.401415 1.862201 0.041504 -0.009879
1573040177.123869 0.400000 0.400000 -0.335787 11.672332 0.405389 1.879955 0.010642 -0.005472
1573040177.144441 0.400000 0.400000 -0.307056 10.705074 0.405389 1.879955 0.011706 -0.005367
1573040177.164074 0.400000 0.400000 -0.021548 8.946533 0.400090 1.897564 -0.022348 -0.004304
1573040177.183833 0.400000 0.400000 -0.248398 11.138425 0.400090 1.897564 0.000000 -0.001571
1573040177.203985 0.400000 0.400000 0.434548 11.069592 0.406714 1.915406 -0.004257 -0.003447
1573040177.223882 0.400000 0.400000 -0.319027 10.122684 0.406714 1.915406 0.028733 -0.000696
1573040177.243945 0.400000 0.400000 0.168193 8.991425 0.401415 1.932782 -0.017027 -0.001335
1573040177.263992 0.400000 0.400000 0.786495 10.032304 0.401415 1.932782 0.000000 -0.005482
1573040177.284065 0.400000 0.400000 -0.448314 11.470021 0.401415 1.932782 0.004257 -0.004470
1573040177.304002 0.400000 0.400000 0.046088 9.063251 0.404065 1.950479 0.027669 -0.004586
1573040177.324078 0.400000 0.400000 0.031723 9.848549 0.404065 1.950479 0.000000 -0.007347
1573040177.344036 0.400000 0.400000 -0.244209 10.305841 0.405389 1.968060 0.029798 -0.005858
1573040177.363980 0.400000 0.400000 -0.095768 11.576564 0.405389 1.968060 0.028733 -0.004337
1573040177.384082 0.400000 0.400000 -0.377685 10.098742 0.397441 1.985668 0.026605 -0.001754
1573040177.403961 0.400000 0.400000 0.210690 9.704298 0.397441 1.985668 -0.030862 -0.002561
1573040177.423958 0.400000 0.400000 -0.056862 9.688736 0.390298 1.994633 -0.060659 -0.001060
1573040177.444227 0.400000 0.400000 -0.368109 12.650363 0.390298 1.994633 -0.015963 -0.003964
1573040177.463895 0.400000 0.400000 -0.055665 9.020155 0.398765 2.012357 0.012770 -0.003575
1573040177.484027 0.400000 0.400000 0.344166 11.508328 0.398765 2.012357 -0.042568 -0.005813
1573040177.503995 0.400000 0.400000 -0.125097 10.389040 0.398765 2.012357 -0.006385 -0.004954
1573040177.524098 0.400000 0.400000 -0.347758 10.766127 0.398765 2.029936 0.004257 -0.006976
1573040177.544094 0.400000 0.400000 0.512359 8.143877 0.398765 2.029936 -0.028733 -0.005354
1573040177.564098 0.400000 0.400000 0.357335 9.700706 0.390298 2.047688 -0.029798 -0.009558
1573040177.583954 0.400000 0.400000 0.400430 11.440094 0.390298 2.047688 0.000000 -0.012064
1573040177.603964 0.400000 0.400000 0.206500 11.804611 0.402740 2.065295 -0.006385 -0.012536
1573040177.623969 0.400000 0.400000 0.316035 7.674613 0.402740 2.065295 0.000000 -0.011073
1573040177.643951 0.400000 0.400000 0.435745 8.543709 0.393466 2.082726 -0.012770 -0.013207
1573040177.664087 0.400000 0.400000 0.240019 9.730634 0.393466 2.082726 0.000000 -0.015998
1573040177.684098 0.400000 0.400000 0.003591 10.274117 0.398765 2.100245 -0.007449 -0.012181
1573040177.704012 0.400000 0.400000 0.426766 9.915586 0.398765 2.100245 -0.029798 -0.011024
1573040177.723942 0.400000 0.400000 0.350751 9.720459 0.398765 2.100245 -0.045761 -0.013521
1573040177.743859 0.400000 0.400000 0.029928 11.610681 0.397441 2.126757 0.024477 -0.015622
1573040177.763863 0.400000 0.400000 0.203507 12.174516 0.397441 2.126757 0.020220 -0.013285
1573040177.784033 0.400000 0.400000 0.369904 10.400412 0.396116 2.144219 0.010642 -0.013870
1573040177.804013 0.400000 0.400000 0.493804 9.997587 0.391565 2.153212 -0.010642 -0.015615
1573040177.823974 0.400000 0.400000 0.468066 11.001357 0.397441 2.161943 0.050017 -0.017162
1573040177.844011 0.400000 0.400000 0.059855 11.301829 0.397441 2.161943 0.022348 -0.015627
1573040177.863915 0.400000 0.400000 -1.006163 12.177508 0.402740 2.170790 -0.071301 -0.012633
1573040177.884017 0.400000 0.400000 0.799065 8.086416 0.402740 2.170790 -0.070237 -0.014847
1573040177.903957 0.400000 0.400000 -0.104746 9.078813 0.408039 2.188718 0.040440 -0.017599
1573040177.923974 0.400000 0.400000 -0.670975 10.356718 0.408039 2.188718 -0.015963 -0.015348
1573040177.943990 0.400000 0.400000 0.393248 10.627263 0.408039 2.188718 -0.028733 -0.014292
1573040177.963862 0.400000 0.400000 0.150835 8.936357 0.405389 2.206326 -0.030862 -0.017612
1573040177.983923 0.400000 0.400000 0.310049 11.253945 0.405389 2.206326 0.017027 -0.018263
1573040178.003963 0.400000 0.400000 -0.681150 9.998785 0.401415 2.224136 0.000000 -0.015675
1573040178.024186 0.400000 0.400000 -0.418985 10.360908 0.401415 2.224136 -0.037247 -0.014184
1573040178.044129 0.400000 0.400000 0.907402 7.885303 0.414663 2.250880 -0.058531 -0.018925
1573040178.064077 0.400000 0.400000 0.629675 10.430938 0.414663 2.250880 -0.022348 -0.019386
1573040178.084092 0.400000 0.400000 0.805050 12.355876 0.400090 2.259669 -0.013835 -0.018715
1573040178.104016 0.400000 0.400000 -0.276530 9.641450 0.402740 2.268515 -0.011706 -0.015711
1573040178.124494 0.400000 0.400000 0.705691 10.254366 0.402740 2.268515 -0.024477 -0.019247
1573040178.144061 0.400000 0.400000 0.431555 9.418191 0.404065 2.277390 0.037247 -0.021646
1573040178.164052 0.400000 0.400000 -0.129287 11.757924 0.404065 2.277390 0.026605 -0.016585
1573040178.184156 0.400000 0.400000 -0.283114 8.500014 0.398765 2.295082 -0.004257 -0.015482
1573040178.204063 0.400000 0.400000 0.074220 11.862072 0.398765 2.295082 -0.014899 -0.015738
1573040178.224005 0.400000 0.400000 0.252588 9.335590 0.400090 2.312891 0.000000 -0.016003
1573040178.244826 0.400000 0.400000 0.138864 12.187085 0.400090 2.312891 0.019156 -0.017115
1573040178.263955 0.400000 0.400000 -0.809839 9.786898 0.400090 2.330467 0.015963 -0.013610
1573040178.284151 0.400000 0.400000 0.639252 10.450690 0.400090 2.330467 -0.034054 -0.017360
1573040178.304006 0.400000 0.400000 -0.026336 10.358514 0.404065 2.348102 0.020220 -0.016714
1573040178.323892 0.400000 0.400000 -0.350152 10.445902 0.404065 2.348102 0.025541 -0.016946
1573040178.344073 0.400000 0.400000 0.077213 8.851363 0.404065 2.348102 0.023412 -0.016846
1573040178.364012 0.400000 0.400000 -0.022745 11.487380 0.404065 2.365882 -0.010642 -0.018514
1573040178.383979 0.400000 0.400000 0.198719 10.272921 0.404065 2.365882 -0.006385 -0.015675
1573040178.404274 0.400000 0.400000 -0.104148 10.968436 0.401415 2.383372 0.042568 -0.013575
1573040178.424209 0.400000 0.400000 0.457293 8.605359 0.401415 2.383372 0.007449 -0.014766
1573040178.443975 0.400000 0.400000 0.679355 10.879252 0.393466 2.400978 -0.035119 -0.016767
1573040178.463937 0.400000 0.400000 0.198719 9.645041 0.393466 2.400978 0.004257 -0.015368
1573040178.484106 0.400000 0.400000 -0.055665 10.230424 0.398765 2.418555 -0.046825 -0.011964
1573040178.504047 0.400000 0.400000 0.070629 8.643068 0.398765 2.418555 0.014899 -0.012834
1573040178.523975 0.400000 0.400000 0.190938 12.112864 0.392141 2.436220 -0.005321 -0.016084
1573040178.544144 0.400000 0.400000 0.386065 10.519524 0.392141 2.436220 -0.009578 -0.015870
1573040178.563976 0.400000 0.400000 -0.123900 11.489774 0.392141 2.436220 0.015963 -0.012821
1573040178.583971 0.400000 0.400000 0.139462 8.777741 0.408039 2.453972 -0.014899 -0.012599
1573040178.603944 0.400000 0.400000 0.436942 8.065467 0.408039 2.453972 -0.045761 -0.011111
1573040178.623997 0.400000 0.400000 0.572214 12.563573 0.396116 2.471490 -0.011706 -0.012534
1573040178.644140 0.400000 0.400000 0.588974 11.990761 0.396116 2.471490 0.070237 -0.011729
1573040178.664155 0.400000 0.400000 -0.050278 7.352593 0.382695 2.489328 0.018091 -0.008052
1573040178.684004 0.400000 0.400000 0.407613 11.961432 0.382695 2.489328 -0.015963 -0.010393
1573040178.703919 0.400000 0.400000 -0.051475 10.095151 0.402740 2.506903 -0.010642 -0.010664
1573040178.724020 0.400000 0.400000 -0.170587 10.982801 0.402740 2.506903 0.017027 -0.008377
1573040178.744203 0.400000 0.400000 0.095170 8.823232 0.393466 2.524390 -0.007449 -0.010272
1573040178.764033 0.400000 0.400000 0.595558 8.947131 0.393466 2.524390 -0.010642 -0.014147
1573040178.784119 0.400000 0.400000 0.630274 11.568783 0.393466 2.524390 -0.004257 -0.014599
1573040178.804361 0.384000 0.400000 0.162806 9.861118 0.404065 2.542314 0.046825 -0.014185
1573040178.824010 0.368000 0.384000 0.547075 9.458294 0.404065 2.542314 0.000000 -0.014476
1573040178.844169 0.352000 0.368000 0.236427 9.998785 0.382695 2.559859 -0.008514 -0.016697
1573040178.864046 0.336000 0.352000 -0.028132 11.047445 0.382695 2.559859 0.009578 -0.015414
1573040178.884010 0.320000 0.336000 -0.635661 12.865243 0.400090 2.577549 0.031926 -0.014276
1573040178.904316 0.304000 0.320000 -0.603937 8.693346 0.400090 2.577549 0.010642 -0.009742
1573040178.923933 0.288000 0.304000 -0.594361 8.896853 0.385517 2.594512 -0.039375 -0.007718
1573040178.944101 0.272000 0.288000 -0.943914 11.511920 0.385517 2.594512 -0.025541 -0.004171
1573040178.963943 0.256000 0.272000 -0.404620 12.677298 0.343412 2.610602 -0.022348 -0.000930
1573040178.983899 0.240000 0.256000 -0.561440 9.472060 0.343412 2.610602 0.057467 -0.000233
1573040179.003918 0.224000 0.240000 -0.547674 9.133281 0.343412 2.610602 -0.025541 0.004106
1573040179.023954 0.208000 0.224000 -0.521936 10.860099 0.311328 2.624597 -0.019156 0.006713
1573040179.044030 0.192000 0.208000 -0.799065 10.135254 0.311328 2.624597 -0.012770 0.010836
1573040179.063877 0.176000 0.192000 -0.909198 9.794081 0.277517 2.637632 -0.017027 0.012610
1573040179.084021 0.160000 0.176000 -0.603339 10.998363 0.277517 2.637632 0.000000 0.015825
1573040179.104518 0.144000 0.160000 -1.001973 10.515334 0.243764 2.648776 0.005321 0.020371
1573040179.124106 0.128000 0.144000 -0.590171 9.645640 0.243764 2.648776 -0.021284 0.024081
1573040179.144178 0.112000 0.128000 -0.383671 10.213066 0.243764 2.648776 -0.019156 0.027032
1573040179.164040 0.096000 0.112000 -0.635661 10.430938 0.200218 2.658174 -0.007449 0.030997
1573040179.184004 0.080000 0.096000 -0.484227 10.174759 0.200218 2.658174 0.000000 0.034047
1573040179.204074 0.064000 0.080000 -0.357335 10.004171 0.173549 2.666029 -0.010642 0.035141
1573040179.224088 0.048000 0.064000 -0.524330 10.373477 0.173549 2.666029 -0.005321 0.037352
1573040179.243989 0.032000 0.048000 -0.381277 10.510546 0.135591 2.672518 0.000000 0.038370
1573040179.264157 0.016000 0.032000 -0.693121 10.347141 0.135591 2.672518 0.000000 0.039326
1573040179.284111 0.000000 0.016000 -0.818218 10.047267 0.104659 2.677464 0.011706 0.043841
1573040179.303984 0.000000 0.000000 -0.984615 10.154408 0.104659 2.677464 0.000000 0.048404
1573040179.323852 0.000000 0.000000 -0.727837 10.454880 0.057024 2.680548 -0.008514 0.052704
1573040179.344124 0.000000 0.000000 -0.696713 10.211868 0.057024 2.680548 0.000000 0.056867
1573040179.364087 0.000000 0.000000 -0.480636 10.294469 0.057024 2.680548 0.000000 0.056478
1573040179.383915 0.000000 0.000000 -0.132280 10.235212 0.019872 2.681916 -0.005321 0.051974
1573040179.403960 0.000000 0.000000 0.410606 10.271724 0.019872 2.681916 -0.011706 0.047333
1573040179.424013 0.000000 0.000000 0.512359 10.086772 0.000000 2.682061 -0.008514 0.043748
1573040179.444044 0.000000 0.000000 0.377087 10.284892 0.000000 2.682061 0.000000 0.039400
1573040179.464239 0.000000 0.000000 0.181959 10.084976 -0.001325 2.681945 0.000000 0.037445
1573040179.483996 0.000000 0.000000 0.076614 10.343550 -0.001325 2.681945 0.000000 0.034113
1573040179.503904 0.000000 0.000000 0.065242 10.228628 0.000000 2.681945 0.000000 0.029721
1573040179.524273 0.000000 0.000000 0.209493 10.272921 0.000000 2.681945 0.000000 0.025280
1573040179.544035 0.000000 0.000000 0.226851 10.252570 0.000000 2.681945 0.000000 0.020914
1573040179.563949 0.000000 0.000000 0.152032 10.208876 0.000000 2.681945 0.000000 0.016509
1573040179.584015 0.000000 0.000000 0.154426 10.169971 0.000000 2.681945 0.000000 0.012099
1573040179.604078 0.000000 0.000000 0.256778 10.186729 -0.001325 2.681945 0.000000 0.007740
1573040179.624104 0.000000 0.000000 0.217274 10.206482 -0.001325 2.681945 0.000000 0.004349
1573040179.644083 0.000000 0.000000 0.164601 10.181342 0.000000 2.681945 0.000000 0.002317
1573040179.663931 0.000000 0.000000 0.119112 10.096349 0.000000 2.681945 0.000000 -0.002019
1573040179.683951 0.000000 0.000000 0.146645 10.206482 0.000000 2.681945 0.000000 -0.005254
1573040179.703977 0.000000 0.000000 0.180164 10.275315 0.000000 2.681945 0.000000 -0.009699
1573040179.724273 0.000000 0.000000 0.244209 10.272323 0.001325 2.681974 0.000000 -0.014129
1573040179.744013 0.000000 0.000000 0.217872 10.187926 0.001325 2.681974 0.000000 -0.017929
1573040179.764046 0.000000 0.000000 0.164601 10.297462 -0.001325 2.681945 0.000000 -0.015950
1573040179.784033 0.000000 0.000000 0.172383 10.277709 -0.001325 2.681945 0.000000 -0.015936
1573040179.803954 0.000000 0.000000 0.194529 10.183138 -0.001325 2.681945 0.000000 -0.018401
1573040179.824010 0.000000 0.000000 0.175974 10.253767 0.000000 2.681945 0.000000 -0.016819
1573040179.844114 0.000000 0.000000 0.219069 10.304046 0.000000 2.681945 0.000000 -0.019486
1573040179.864057 0.000000 0.000000 0.209493 10.238205 0.000000 2.681945 0.000000 -0.019971
1573040179.883969 0.000000 0.000000 0.177769 10.247183 0.000000 2.681945 0.000000 -0.019308
1573040179.904002 0.000000 0.000000 0.183156 10.271724 0.000000 2.681945 0.000000 -0.017476
1573040179.923951 0.000000 0.000000 0.175375 10.219051 0.000000 2.681945 0.000000 -0.016258
1573040179.943958 0.000000 0.000000 0.171185 10.182540 0.001325 2.681974 0.000000 -0.016841
1573040179.963939 0.000000 0.000000 0.205303 10.205284 0.001325 2.681974 0.000000 -0.020314
1573040179.984038 0.000000 0.000000 0.199916 10.310031 0.000000 2.681945 0.000000 -0.019540
1573040180.003937 0.000000 0.000000 0.193930 10.177153 0.000000 2.681945 0.000000 -0.018989
1573040180.024079 0.000000 0.000000 0.164601 10.230424 0.000000 2.681945 0.000000 -0.016290
1573040180.044074 0.000000 0.000000 0.175375 10.205883 0.001325 2.681974 0.000000 -0.017166
1573040180.064009 0.000000 0.000000 0.189142 10.249578 0.001325 2.681974 0.000000 -0.017100
1573040180.084090 0.000000 0.000000 0.195127 10.287286 0.001267 2.681974 0.000000 -0.018858
1573040180.103971 0.000000 0.000000 0.186748 10.219051 0.001267 2.681974 0.000000 -0.017040
1573040180.124144 0.000000 0.000000 0.171784 10.199898 0.000000 2.681945 0.000000 -0.016146
1573040180.144127 0.000000 0.000000 0.184354 10.219051 0.000000 2.681945 0.000000 -0.017955
1573040180.163979 0.000000 0.000000 0.172981 10.196905 -0.001325 2.681945 0.000000 -0.015965
1573040180.184216 0.000000 0.000000 0.184354 10.237606 -0.001325 2.681945 0.000000 -0.018811
1573040180.203961 0.000000 0.000000 0.192135 10.233417 -0.001325 2.681945 0.000000 -0.018072
1573040180.224168 0.000000 0.000000 0.194529 10.247183 0.000000 2.681945 0.000000 -0.018973
1573040180.244005 0.000000 0.000000 0.184354 10.230424 0.000000 2.681945 0.000000 -0.017968
1573040180.263944 0.000000 0.000000 0.162806 10.274117 -0.001325 2.681945 0.000000 -0.017123
1573040180.284020 0.000000 0.000000 0.183755 10.227431 -0.001325 2.681945 0.000000 -0.017897
1573040180.303991 0.000000 0.000000 0.181361 10.254964 0.000000 2.681945 0.000000 -0.017886
1573040180.323933 0.000000 0.000000 0.165798 10.142437 0.000000 2.681945 0.000000 -0.016840
1573040180.343982 0.000000 0.000000 0.199317 10.247183 0.000000 2.681945 0.000000 -0.018883
1573040180.363952 0.000000 0.000000 0.196923 10.231022 0.000000 2.681945 0.000000 -0.017133
1573040180.384020 0.000000 0.000000 0.187346 10.227431 0.000000 2.681945 0.000000 -0.018672
1573040180.403979 0.000000 0.000000 0.209493 10.257957 0.001325 2.681974 0.000000 -0.020120
1573040180.424016 0.000000 0.000000 0.181361 10.259752 0.001325 2.681974 0.000000 -0.018026
1573040180.444062 0.000000 0.000000 0.185551 10.153211 -0.001325 2.681945 0.000000 -0.019402
1573040180.463950 0.000000 0.000000 0.163404 10.244190 -0.001325 2.681945 0.000000 -0.017506
1573040180.484024 0.000000 0.000000 0.165200 10.184934 -0.001325 2.681945 0.000000 -0.016164
1573040180.504038 0.000000 0.000000 0.165200 10.254964 -0.001325 2.681945 0.000000 -0.017882
1573040180.524243 0.000000 0.000000 0.200514 10.180744 0.001325 2.681974 0.000000 -0.019978
1573040180.544118 0.000000 0.000000 0.192733 10.219051 0.001325 2.681974 0.000000 -0.018887
1573040180.564136 0.000000 0.000000 0.179565 10.248979 -0.001325 2.681945 0.000000 -0.017315
1573040180.584088 0.000000 0.000000 0.191536 10.262746 -0.001325 2.681945 0.000000 -0.018651
1573040180.604001 0.000000 0.000000 0.186748 10.271125 -0.001325 2.681945 0.000000 -0.017517
1573040180.623935 0.000000 0.000000 0.172981 10.227431 0.000000 2.681945 0.000000 -0.017163
1573040180.644017 0.000000 0.000000 0.182558 10.195109 0.000000 2.681945 0.000000 -0.018403
1573040180.663975 0.000000 0.000000 0.190339 10.278308 0.002650 2.682003 0.000000 -0.018952
1573040180.683979 0.000000 0.000000 0.180762 10.190919 0.002650 2.682003 0.000000 -0.019651
1573040180.704010 0.000000 0.000000 0.197522 10.182540 0.000000 2.681945 0.000000 -0.019336
1573040180.724173 0.000000 0.000000 0.179565 10.231621 0.000000 2.681945 0.000000 -0.017492
1573040180.744307 0.000000 0.000000 0.159813 10.227431 0.000000 2.681945 0.000000 -0.015654
1573040180.764048 0.000000 0.000000 0.187346 10.290278 0.000000 2.681945 0.000000 -0.018288
1573040180.783983 0.000000 0.000000 0.196923 10.225636 0.000000 2.681945 0.000000 -0.018371
1573040180.804175 0.000000 0.000000 0.184952 10.240001 0.000000 2.681945 0.000000 -0.018357
1573040180.824104 0.000000 0.000000 0.170587 10.187328 0.000000 2.681945 0.000000 -0.019040
1573040180.844045 0.000000 0.000000 0.178967 10.184336 0.000000 2.681945 0.000000 -0.017366
1573040180.864089 0.000000 0.000000 0.165200 10.263344 0.000000 2.681945 0.000000 -0.017601
1573040180.884240 0.000000 0.000000 0.174178 10.187926 0.000000 2.681945 0.000000 -0.017415
1573040180.904201 0.000000 0.000000 0.174178 10.197503 0.000000 2.681945 0.000000 -0.016513
1573040180.924333 0.000000 0.000000 0.195726 10.279505 0.000000 2.681945 0.000000 -0.016261
1573040180.944021 0.000000 0.000000 0.175974 10.270527 0.000000 2.681945 0.000000 -0.017377
1573040180.963983 0.000000 0.000000 0.175974 10.222643 0.000000 2.681945 0.000000 -0.018682
1573040180.984016 0.000000 0.000000 0.189142 10.240001 0.000000 2.681945 0.000000 -0.017791
1573040181.004258 0.000000 0.000000 0.180762 10.204686 0.000000 2.681945 0.000000 -0.017918
1573040181.024023 0.000000 0.000000 0.198120 10.208278 -0.001325 2.681945 0.000000 -0.020691
1573040181.044103 0.000000 0.000000 0.174777 10.246585 -0.001325 2.681945 0.000000 -0.017530
1573040181.064260 0.000000 0.000000 0.216675 10.241796 0.000000 2.681945 0.000000 -0.020580
1573040181.083906 0.000000 0.000000 0.190938 10.225037 0.000000 2.681945 0.000000 -0.018614
1573040181.103997 0.000000 0.000000 0.159214 10.295067 -0.001325 2.681945 0.000000 -0.020036
1573040181.124142 0.000000 0.000000 0.165200 10.192715 -0.001325 2.681945 0.000000 -0.016302
1573040181.144058 0.000000 0.000000 0.164003 10.256162 -0.001325 2.681945 0.000000 -0.016215
1573040181.164086 0.000000 0.000000 0.183156 10.227431 0.000000 2.681945 0.000000 -0.017777
1573040181.184111 0.000000 0.000000 0.175974 10.229825 0.000000 2.681945 0.000000 -0.017039
1573040181.204053 0.000000 0.000000 0.189740 10.210073 0.000000 2.681945 0.000000 -0.018852
1573040181.223974 0.000000 0.000000 0.165200 10.200496 0.000000 2.681945 0.000000 -0.016319
1573040181.244021 0.000000 0.000000 0.167594 10.251971 0.000000 2.681945 0.000000 -0.016351
1573040181.264027 0.000000 0.000000 0.172383 10.161591 0.000000 2.681945 0.000000 -0.017204
1573040181.283966 0.000000 0.000000 0.188543 10.194510 0.000000 2.681945 0.000000 -0.016787
1573040181.304144 0.000000 0.000000 0.204106 10.254964 0.000000 2.681945 0.000000 -0.019719
1573040181.324092 0.000000 0.000000 0.185551 10.299855 0.000000 2.681945 0.000000 -0.018028
1573040181.344050 0.000000 0.000000 0.166397 10.192117 0.000000 2.681945 0.000000 -0.017707
1573040181.364054 0.000000 0.000000 0.172981 10.229227 0.000000 2.681945 0.000000 -0.016956
1573040181.384092 0.000000 0.000000 0.184354 10.198701 0.000000 2.681945 0.000000 -0.018344
1573040181.404023 0.000000 0.000000 0.178368 10.196905 0.000000 2.681945 0.000000 -0.016004
1573040181.423890 0.000000 0.000000 0.175974 10.208876 -0.001325 2.681945 0.000000 -0.017250
1573040181.443968 0.000000 0.000000 0.186149 10.279505 -0.001325 2.681945 0.000000 -0.018913
1573040181.464002 0.000000 0.000000 0.180762 10.241796 0.000000 2.681945 0.000000 -0.017888
1573040181.483995 0.000000 0.000000 0.178368 10.272323 0.000000 2.681945 0.000000 -0.016824
1573040181.503949 0.000000 0.000000 0.203507 10.269329 0.000000 2.681945 0.000000 -0.017986
1573040181.524139 0.000000 0.000000 0.172383 10.229227 0.000000 2.681945 0.000000 -0.016708
1573040181.544052 0.000000 0.000000 0.167594 10.163386 0.000000 2.681945 0.000000 -0.017979
1573040181.563991 0.000000 0.000000 0.186748 10.187926 0.000000 2.681945 0.000000 -0.018465
1573040181.584044 0.000000 0.000000 0.178967 10.231621 0.000000 2.681945 0.000000 -0.017743
1573040181.604035 0.000000 0.000000 0.199317 10.232818 0.001267 2.681974 0.000000 -0.018024
1573040181.624045 0.000000 0.000000 0.203507 10.260351 0.001267 2.681974 0.000000 -0.019699
1573040181.644163 0.000000 0.000000 0.150835 10.246585 0.000000 2.681945 0.000000 -0.016065
