1573043297.730347 0.000000 0.000000 0.025738 10.211868 -0.001325 0.151357 0.000000 -0.002557
1573043297.750076 0.000000 0.000000 0.034117 10.189124 0.000000 0.151357 0.000000 -0.004528
1573043297.770203 0.000000 0.000000 0.031125 10.293870 0.001325 0.151386 0.000000 -0.003149
1573043297.790251 0.000000 0.000000 0.028132 10.237606 0.001325 0.151386 0.000000 -0.004285
1573043297.810199 0.000000 0.000000 0.043694 10.298658 -0.001267 0.151357 0.000000 -0.004570
1573043297.830133 0.000000 0.000000 0.046088 10.232220 0.001325 0.151386 0.000000 -0.004694
1573043297.850130 0.000000 0.000000 0.022745 10.242993 -0.001325 0.151357 0.000000 -0.001610
1573043297.870143 0.000000 0.000000 0.046088 10.187926 -0.001325 0.151328 0.000000 -0.003403
1573043297.890015 0.000000 0.000000 0.044891 10.205883 0.001267 0.151357 0.000000 -0.004387
1573043297.910167 0.000000 0.000000 0.035913 10.237008 0.000000 0.151357 0.000000 -0.003348
1573043297.930140 0.000000 0.000000 0.033519 10.198701 0.000000 0.151357 0.000000 -0.003009
1573043297.950262 0.000000 -0.000662 0.046088 10.292074 0.001325 0.151386 0.000000 -0.004335
1573043297.970222 0.000000 0.000634 0.040103 10.269329 -0.001267 0.151357 0.000000 -0.003819
1573043297.990437 0.000000 0.000634 0.013168 10.260351 -0.001267 0.151357 0.000000 -0.001567
1573043298.010154 0.000000 0.000662 0.029928 10.210671 -0.001325 0.151328 0.000000 -0.003390
1573043298.030304 0.000000 -0.000662 0.049081 10.177752 0.001325 0.151357 0.000000 -0.002739
1573043298.050119 0.000000 -0.000662 0.020351 10.210671 0.001325 0.151386 0.000000 -0.002997
1573043298.070072 0.000000 0.000000 0.037110 10.208876 0.000000 0.151386 0.000000 -0.004868
1573043298.090252 0.000000 0.000662 0.029928 10.269928 -0.001325 0.151357 0.000000 -0.002264
1573043298.110204 0.000000 0.000000 0.037709 10.202291 0.000000 0.151357 0.000000 -0.003308
1573043298.130082 0.000000 0.000662 0.050278 10.216657 -0.001325 0.151328 0.000000 -0.003422
1573043298.150074 0.000000 -0.000634 0.050877 10.266935 0.001267 0.151357 0.000000 -0.004003
1573043298.170306 0.000000 0.000000 0.033519 10.250175 0.000000 0.151357 0.000000 -0.003320
1573043298.190119 0.000000 0.000000 0.061052 10.250175 0.000000 0.151357 0.000000 -0.005782
1573043298.210160 0.000000 0.000000 0.028730 10.258555 0.000000 0.151357 0.000000 -0.002951
1573043298.230116 0.000000 0.000000 0.034117 10.190321 0.000000 0.151357 0.000000 -0.003622
1573043298.250169 0.000000 0.000634 0.037709 10.211868 -0.001267 0.151328 0.000000 -0.005111
1573043298.270275 0.000000 -0.000662 0.034716 10.220847 0.001325 0.151357 0.000000 -0.002925
1573043298.290041 0.000000 0.000000 0.049680 10.220248 0.000000 0.151357 0.000000 -0.004609
1573043298.310045 0.000000 0.000000 0.038906 10.208876 0.000000 0.151357 0.000000 -0.004655
1573043298.330100 0.000000 0.000000 0.041899 10.251373 0.000000 0.151357 0.000000 -0.004138
1573043298.350165 0.000000 0.000000 0.051475 10.244190 0.000000 0.151357 0.000000 -0.003020
1573043298.370221 0.000000 0.001325 0.031723 10.233417 -0.002650 0.151299 0.000000 -0.002777
1573043298.390567 0.000000 0.001325 0.025738 10.274716 -0.002650 0.151299 0.000000 -0.004687
1573043298.410173 0.000000 -0.001325 0.030526 10.165182 0.002650 0.151357 0.000000 -0.004985
1573043298.430168 0.000000 0.000000 0.048483 10.238804 0.000000 0.151357 0.000000 -0.004189
1573043298.450359 0.000000 0.000662 0.022146 10.232818 -0.001325 0.151328 0.000000 -0.002327
1573043298.470135 0.000000 -0.001325 0.048483 10.219649 0.002650 0.151386 0.000000 -0.005002
1573043298.490071 0.000000 0.000634 0.050278 10.260950 -0.001267 0.151357 0.000000 -0.005641
1573043298.510204 0.000000 0.000000 0.044293 10.257957 0.000000 0.151357 0.000000 -0.005429
1573043298.530237 0.000000 0.000000 0.035913 10.177153 0.000000 0.151357 0.000000 -0.005053
1573043298.550272 0.000000 0.000000 0.038307 10.213066 0.000000 0.151357 0.000000 -0.003465
1573043298.570226 0.000000 0.000662 0.056862 10.218452 -0.001325 0.151328 0.000000 -0.005529
1573043298.590186 0.000000 0.000662 0.046088 10.176554 -0.001325 0.151328 0.000000 -0.004541
1573043298.610090 0.000000 -0.000662 0.024541 10.148422 0.001325 0.151357 0.000000 -0.003413
1573043298.630166 0.000000 0.000000 0.056862 10.208876 0.000000 0.151357 0.000000 -0.004003
1573043298.650131 0.000000 0.000000 0.055665 10.259154 0.000000 0.151357 0.000000 -0.005398
1573043298.670149 0.000000 0.000000 0.033519 10.234015 0.000000 0.151357 0.000000 -0.002940
1573043298.690041 0.000000 0.000000 0.031125 10.230424 0.000000 0.151357 0.000000 -0.002865
1573043298.710077 0.000000 -0.000662 0.043694 10.287286 0.001325 0.151386 0.000000 -0.003649
1573043298.730145 0.000000 0.000000 0.031723 10.271125 0.000000 0.151386 0.000000 -0.002063
1573043298.750121 0.000000 0.000662 0.029928 10.211270 -0.001325 0.151357 0.000000 -0.002975
1573043298.770013 0.000000 0.000000 0.029329 10.228628 0.000000 0.151357 0.000000 -0.002482
1573043298.790158 0.000000 0.000000 0.027533 10.183737 0.000000 0.151357 0.000000 -0.003231
1573043298.810229 0.000000 0.000000 0.047285 10.143634 0.000000 0.151357 0.000000 -0.005476
1573043298.830256 0.000000 -0.000634 0.042497 10.217854 0.001267 0.151386 0.000000 -0.003546
1573043298.850389 0.000000 0.000662 0.041300 10.235810 -0.001325 0.151357 0.000000 -0.002605
1573043298.870318 0.000000 0.000000 0.028730 10.293271 0.000000 0.151357 0.000000 -0.003843
1573043298.890295 0.000000 0.000000 0.056264 10.249578 0.000000 0.151357 0.000000 -0.005317
1573043298.910238 0.000000 0.000000 0.040103 10.237606 0.000000 0.151357 0.000000 -0.003321
1573043298.930141 0.000000 -0.000662 0.038307 10.174160 0.001325 0.151386 0.000000 -0.004208
1573043298.950014 0.000000 0.000662 0.008380 10.226832 -0.001325 0.151357 0.000000 -0.001505
1573043298.970068 0.000000 0.000662 0.038906 10.188525 0.000000 0.151357 0.000000 -0.003782
1573043298.989974 0.000000 0.000000 0.020949 10.162189 0.000000 0.151357 0.000000 -0.004386
1573043299.010208 0.000000 0.000000 0.032920 10.171765 0.000000 0.151357 0.000000 -0.002109
1573043299.030041 0.000000 0.000000 0.056862 10.228628 0.000000 0.151357 0.000000 -0.005719
1573043299.050029 0.000000 0.000000 0.061651 10.272323 0.000000 0.151357 0.000000 -0.003704
1573043299.070025 0.000000 0.000662 0.047884 10.255563 -0.001325 0.151328 0.000000 -0.004426
1573043299.090045 0.000000 -0.000634 0.070030 10.202291 0.001267 0.151357 0.000000 -0.005876
1573043299.110496 0.000000 -0.000662 0.037110 10.212467 0.001325 0.151386 0.000000 -0.003286
1573043299.130338 0.000000 0.001325 0.051475 10.271125 -0.002650 0.151328 0.000000 -0.004330
1573043299.150014 0.000000 -0.000662 0.049081 10.223241 0.001325 0.151357 0.000000 -0.004305
1573043299.170418 0.000000 -0.000662 0.035314 10.168773 0.001325 0.151357 0.000000 -0.003456
1573043299.190291 0.000000 0.000634 0.029329 10.193913 -0.001267 0.151328 0.000000 -0.002992
1573043299.210221 0.000000 -0.000662 0.045490 10.225037 0.001325 0.151357 0.000000 -0.003052
1573043299.230134 0.000000 0.000000 0.041899 10.243592 0.000000 0.151357 0.000000 -0.004549
1573043299.250188 0.000000 0.000000 0.047884 10.278906 0.000000 0.151357 0.000000 -0.004107
1573043299.270280 0.000000 0.000000 0.059256 10.237606 0.000000 0.151357 0.000000 -0.001961
1573043299.290180 0.000000 0.000000 0.010175 10.193913 0.000000 0.151357 0.000000 -0.000620
1573043299.310228 0.000000 0.000000 0.037110 10.244190 0.000000 0.151357 0.000000 -0.002524
1573043299.330128 0.000000 0.000000 0.026935 10.213664 0.000000 0.151357 0.000000 -0.003793
1573043299.350053 0.000000 0.000000 0.032322 10.191518 0.000000 0.151357 0.000000 -0.002097
1573043299.370093 0.000000 0.000000 0.029329 10.171167 0.000000 0.151357 0.000000 -0.003660
1573043299.390340 0.000000 0.000662 0.049680 10.231022 -0.001325 0.151328 0.000000 -0.003121
1573043299.410142 0.000000 0.000000 0.035913 10.272921 0.000000 0.151328 0.000000 -0.003490
1573043299.430077 0.000000 0.000000 0.019752 10.248979 0.000000 0.151328 0.000000 -0.001897
1573043299.450102 0.000000 -0.000662 0.044293 10.302848 0.001325 0.151357 0.000000 -0.002598
1573043299.470298 0.000000 -0.000662 0.025738 10.243592 0.001325 0.151357 0.000000 -0.002152
1573043299.490249 0.000000 0.000000 0.037110 10.162787 0.000000 0.151357 0.000000 -0.004433
1573043299.510091 0.000000 0.000000 0.035913 10.256760 0.000000 0.151357 0.000000 -0.004002
1573043299.530168 0.000000 0.000662 0.026935 10.175956 -0.001325 0.151357 0.000000 -0.002498
1573043299.550079 0.000000 0.000662 0.025738 10.201095 -0.001325 0.151357 0.000000 -0.003763
1573043299.570127 0.000000 0.000000 0.046687 10.192715 0.000000 0.151357 0.000000 -0.002609
1573043299.590203 0.000000 0.000000 0.033519 10.254964 0.000000 0.151357 0.000000 -0.004862
1573043299.610129 0.000000 0.000000 0.040701 10.303447 0.000000 0.151357 0.000000 -0.003332
1573043299.630124 0.000000 0.000000 0.040701 10.264541 0.000000 0.151357 0.000000 -0.003944
1573043299.650540 0.000000 0.000000 0.030526 10.198102 0.000000 0.151357 0.000000 -0.003200
1573043299.670032 0.000000 0.000662 0.044891 10.199898 -0.001325 0.151357 0.000000 -0.005201
1573043299.689994 0.000000 0.000662 0.038906 10.191518 -0.001325 0.151357 0.000000 -0.003369
1573043299.710259 0.000000 0.000662 0.048483 10.224438 -0.001325 0.151328 0.000000 -0.003960
1573043299.730210 0.000000 0.000662 0.046687 10.194510 -0.001325 0.151328 0.000000 -0.003155
1573043299.750149 0.000000 0.000000 0.047884 10.140042 0.000000 0.151357 0.000000 -0.005582
1573043299.770348 0.000000 0.000000 0.035913 10.269329 0.000000 0.151357 0.000000 -0.003530
1573043299.790284 0.000000 0.000000 0.031723 10.256162 0.000000 0.151357 0.000000 -0.003234
1573043299.810105 0.000000 0.000000 0.053271 10.268132 0.000000 0.151357 0.000000 -0.003092
1573043299.830165 0.000000 0.000000 0.042497 10.274117 0.000000 0.151357 0.000000 -0.004155
1573043299.850242 0.000000 0.000662 0.024541 10.204686 -0.001325 0.151328 0.000000 -0.004079
1573043299.870040 0.000000 0.000662 0.046687 10.158598 -0.001325 0.151328 0.000000 -0.004491
1573043299.890217 0.000000 0.000662 0.029329 10.214263 -0.001325 0.151328 0.000000 -0.001824
1573043299.910063 0.000000 0.000662 0.049081 10.252570 -0.001325 0.151328 0.000000 -0.002982
1573043299.930169 0.000000 0.000000 0.038906 10.225636 0.000000 0.151357 0.000000 -0.004381
1573043299.950085 0.000000 0.000000 0.028730 10.214861 0.000000 0.151357 0.000000 -0.003694
1573043299.970110 0.000000 -0.000662 0.053870 10.274716 0.001325 0.151357 0.000000 -0.003127
1573043299.990315 0.000000 -0.000662 0.022745 10.250774 0.001325 0.151357 0.000000 -0.003462
1573043300.010165 0.000000 0.000000 0.065242 10.234613 0.000000 0.151357 0.000000 -0.005665
1573043300.030050 0.000000 0.000000 0.033519 10.245986 0.000000 0.151357 0.000000 -0.003665
1573043300.050349 0.000000 0.000000 0.058658 10.242993 0.000000 0.151357 0.000000 -0.002833
1573043300.070174 0.000000 0.000000 0.047285 10.184336 0.000000 0.151357 0.000000 -0.004966
1573043300.089969 0.000000 0.000000 0.026935 10.223840 0.000000 0.151357 0.000000 -0.001723
1573043300.110567 0.000000 0.000000 0.022745 10.180744 0.000000 0.151357 0.000000 -0.001842
1573043300.129999 0.000000 0.000000 0.065841 10.227431 0.000000 0.151357 0.000000 -0.005011
1573043300.150108 0.000000 -0.000662 0.051475 10.247183 0.001325 0.151357 0.000000 -0.004166
1573043300.170171 0.000000 -0.000662 0.046088 10.265140 0.001325 0.151357 0.000000 -0.003620
1573043300.190124 0.000000 0.000000 0.029329 10.289680 0.000000 0.151357 0.000000 -0.002129
1573043300.210185 0.000000 0.000000 0.014365 10.240001 0.000000 0.151357 0.000000 -0.002649
1573043300.230214 0.000000 -0.000662 0.054468 10.195109 0.001325 0.151386 0.000000 -0.003423
1573043300.250122 0.000000 -0.000662 0.060454 10.174759 0.001325 0.151386 0.000000 -0.004566
1573043300.270211 0.000000 -0.000662 0.017358 10.203489 0.001325 0.151386 0.000000 -0.003216
1573043300.290411 0.000000 0.000000 0.031723 10.296265 0.000000 0.151357 0.000000 -0.003499
1573043300.310193 0.000000 0.000000 0.054468 10.232818 0.000000 0.151357 0.000000 -0.004209
1573043300.330181 0.000000 -0.000662 0.025139 10.244190 0.001325 0.151386 0.000000 -0.002975
1573043300.349979 0.000000 -0.000662 0.046687 10.226233 0.001325 0.151386 0.000000 -0.005563
1573043300.369955 0.000000 0.000000 0.019154 10.241796 0.000000 0.151357 0.000000 -0.005359
1573043300.389985 0.000000 0.000000 0.019154 10.234613 0.000000 0.151357 0.000000 -0.003238
1573043300.409857 0.000000 0.000000 0.048483 10.199898 0.000000 0.151357 0.000000 -0.004639
1573043300.430033 0.000000 0.000000 0.036512 10.197503 0.000000 0.151357 0.000000 -0.002453
1573043300.450009 0.000000 0.000000 0.037110 10.160394 0.000000 0.151357 0.000000 -0.004100
1573043300.470094 0.000000 0.000000 0.019154 10.262746 0.000000 0.151357 0.000000 -0.001690
1573043300.490242 0.000000 0.000000 0.038906 10.228628 0.000000 0.151357 0.000000 -0.003134
1573043300.510670 0.000000 0.000662 0.038307 10.216059 -0.001325 0.151328 0.000000 -0.003495
1573043300.530342 0.000000 0.000662 0.029329 10.241796 -0.001325 0.151328 0.000000 -0.002144
1573043300.550115 0.000000 0.000662 0.041300 10.254964 -0.001325 0.151357 0.000000 -0.004119
1573043300.570334 0.000000 0.000662 0.043694 10.293271 -0.001325 0.151357 0.000000 -0.003102
1573043300.590354 0.000000 0.000000 0.046088 10.204686 0.000000 0.151357 0.000000 -0.004321
1573043300.610280 0.000000 0.000000 0.023942 10.239402 0.000000 0.151357 0.000000 -0.004967
1573043300.630107 0.000000 0.000000 0.035913 10.203489 0.000000 0.151357 0.000000 -0.003546
1573043300.650087 0.000000 0.000662 0.034117 10.228029 -0.001325 0.151357 0.000000 -0.004368
1573043300.670124 0.000000 0.000662 0.037709 10.281899 -0.001325 0.151357 0.000000 -0.003471
1573043300.690130 0.000000 0.000634 0.034117 10.221445 -0.001267 0.151328 0.000000 -0.003378
1573043300.710294 0.000000 0.000634 0.046687 10.254964 -0.001267 0.151328 0.000000 -0.003641
1573043300.730125 0.000000 0.000000 0.046687 10.285490 0.000000 0.151357 0.000000 -0.003440
1573043300.750197 0.000000 0.000000 0.033519 10.228029 0.000000 0.151357 0.000000 -0.002146
1573043300.770170 0.000000 0.000000 0.051475 10.229825 0.000000 0.151357 0.000000 -0.005051
1573043300.790254 0.000000 0.000000 0.047884 10.180145 0.000000 0.151357 0.000000 -0.004280
1573043300.810070 0.000000 0.000000 0.015562 10.189124 0.000000 0.151357 0.000000 -0.003518
1573043300.830060 0.000000 0.000000 0.031723 10.249578 0.000000 0.151357 0.000000 -0.004380
1573043300.850530 0.000000 0.000000 0.032920 10.268731 0.000000 0.151357 0.000000 -0.004024
1573043300.870068 0.000000 0.000000 0.020351 10.231621 0.000000 0.151357 0.000000 -0.000923
1573043300.890046 0.000000 0.000000 0.043096 10.214861 0.000000 0.151357 0.000000 -0.002630
1573043300.910264 0.000000 0.000000 0.035314 10.226233 0.000000 0.151357 0.000000 -0.003719
1573043300.930277 0.000000 0.000000 0.044891 10.219051 0.000000 0.151357 0.000000 -0.003055
1573043300.950089 0.000000 0.000000 0.043096 10.225636 0.000000 0.151328 0.000000 -0.003821
1573043300.970252 0.000000 0.000000 0.024541 10.216657 0.000000 0.151328 0.000000 -0.003547
1573043300.990190 0.000000 0.000000 0.064643 10.169372 0.000000 0.151357 0.000000 -0.003238
1573043301.010202 0.000000 0.000000 0.044293 10.202890 0.000000 0.151357 0.000000 -0.004330
1573043301.030302 0.000000 0.000000 0.040701 10.210671 0.000000 0.151357 0.000000 -0.002920
1573043301.050060 0.000000 0.000000 0.034716 10.226233 0.000000 0.151357 0.000000 -0.003950
1573043301.070141 0.000000 0.000000 0.042497 10.210671 0.000000 0.151357 0.000000 -0.004333
1573043301.090083 0.000000 0.000000 0.050278 10.220847 0.000000 0.151357 0.000000 -0.003066
1573043301.110088 0.000000 0.000000 0.037709 10.271724 0.000000 0.151357 0.000000 -0.004210
1573043301.130061 0.000000 0.000000 0.040103 10.227431 0.000000 0.151357 0.000000 -0.003929
1573043301.150136 0.000000 0.000000 0.041899 10.203489 0.000000 0.151357 0.000000 -0.003845
1573043301.170079 0.000000 -0.000662 0.029329 10.192117 0.001325 0.151357 0.000000 -0.003644
1573043301.190122 0.000000 -0.000662 0.021548 10.170568 0.001325 0.151357 0.000000 -0.004617
1573043301.210154 0.000000 0.000662 0.070629 10.160992 -0.001325 0.151357 0.000000 -0.003704
1573043301.230034 0.000000 0.000662 0.040701 10.266336 -0.001325 0.151357 0.000000 -0.005510
1573043301.250059 0.000000 0.000662 0.029329 10.271125 -0.001325 0.151357 0.000000 -0.002835
1573043301.270190 0.000000 -0.000662 0.034716 10.162189 0.001325 0.151357 0.000000 -0.003333
1573043301.290257 0.000000 -0.000662 0.034716 10.299855 0.001325 0.151357 0.000000 -0.003775
1573043301.310228 0.000000 0.000000 0.026935 10.263943 0.000000 0.151357 0.000000 -0.002834
1573043301.330127 0.000000 0.000000 0.040701 10.190919 0.000000 0.151357 0.000000 -0.003612
1573043301.350266 0.000000 0.000000 0.026935 10.210671 0.000000 0.151357 0.000000 -0.001922
1573043301.370319 0.000000 0.000000 0.034117 10.180145 0.000000 0.151357 0.000000 -0.003411
1573043301.390216 0.000000 0.000000 0.041300 10.234613 0.000000 0.151357 0.000000 -0.005342
1573043301.410042 0.000000 0.000000 0.037709 10.266336 0.000000 0.151357 0.000000 -0.003739
1573043301.430230 0.000000 0.000634 0.055665 10.235212 -0.001267 0.151328 0.000000 -0.006078
1573043301.450177 0.000000 0.000634 0.051475 10.259752 -0.001267 0.151328 0.000000 -0.003696
1573043301.470361 0.000000 0.000634 0.043694 10.240001 -0.001267 0.151328 0.000000 -0.003139
1573043301.490192 0.000000 0.000000 0.036512 10.255563 0.000000 0.151357 0.000000 -0.004147
1573043301.510193 0.000000 0.000000 0.061052 10.242394 0.000000 0.151357 0.000000 -0.004194
1573043301.530149 0.000000 0.000000 0.047285 10.232220 0.000000 0.151357 0.000000 -0.004038
1573043301.550206 0.000000 0.000000 0.026336 10.198102 0.000000 0.151357 0.000000 -0.002551
1573043301.570224 0.000000 -0.000662 0.072425 10.180145 0.001325 0.151386 0.000000 -0.005856
1573043301.590134 0.000000 -0.000662 0.038307 10.298059 0.001325 0.151386 0.000000 -0.003858
1573043301.610221 0.000000 0.000000 0.044891 10.296265 0.000000 0.151357 0.000000 -0.004456
1573043301.630094 0.000000 0.000000 0.031723 10.254964 0.000000 0.151357 0.000000 -0.003319
1573043301.650165 0.000000 0.000000 0.054468 10.197503 0.000000 0.151357 0.000000 -0.004683
1573043301.670312 0.000000 0.000000 0.044293 10.227431 0.000000 0.151357 0.000000 -0.004047
1573043301.690442 0.000000 0.000000 0.046088 10.278906 0.000000 0.151357 0.000000 -0.004513
1573043301.710317 0.000000 0.000634 0.037110 10.211868 -0.001267 0.151357 0.000000 -0.004285
1573043301.730163 0.000000 0.000634 0.047285 10.214263 -0.001267 0.151357 0.000000 -0.005647
1573043301.750031 0.000000 0.000662 0.044891 10.226233 -0.001325 0.151328 0.000000 -0.004335
1573043301.770065 0.000000 0.000662 0.014365 10.233417 -0.001325 0.151328 0.000000 -0.002348
1573043301.790099 0.000000 0.000000 0.027533 10.286688 0.000000 0.151357 0.000000 -0.004273
1573043301.810096 0.000000 0.000000 0.028730 10.302848 0.000000 0.151357 0.000000 -0.002632
1573043301.830621 0.000000 0.000000 0.050278 10.262746 0.000000 0.151357 0.000000 -0.005052
1573043301.850175 0.000000 0.000000 0.034716 10.201095 0.000000 0.151357 0.000000 -0.003227
1573043301.870266 0.000000 0.000000 0.033519 10.243592 0.000000 0.151357 0.000000 -0.002926
1573043301.890124 0.000000 0.000634 0.043694 10.229227 -0.001267 0.151357 0.000000 -0.004259
1573043301.910092 0.000000 0.000634 0.033519 10.179547 -0.001267 0.151357 0.000000 -0.003983
1573043301.930170 0.016000 0.000000 0.008978 10.229825 0.000000 0.151357 0.000000 -0.002132
1573043301.950317 0.032000 0.024000 0.050877 10.143035 0.000000 0.151357 0.000000 -0.005205
1573043301.970018 0.048000 0.048634 0.051475 10.281899 -0.001267 0.151357 0.000000 -0.003519
1573043301.990130 0.064000 0.072634 0.020351 10.251971 -0.001267 0.151357 0.000000 -0.002063
1573043302.010173 0.080000 0.096634 0.082001 10.241796 -0.001267 0.151357 0.000000 -0.005920
1573043302.030317 0.096000 0.120000 0.796072 10.190321 0.000000 0.151357 -0.011706 -0.010408
1573043302.050079 0.112000 0.065313 1.328183 10.405200 0.000000 0.151357 -0.010642 -0.014035
1573043302.070080 0.128000 0.061628 1.555034 9.970055 0.025344 0.152077 -0.015963 -0.016186
1573043302.090084 0.144000 0.068910 1.447295 10.082582 0.025344 0.152077 -0.013835 -0.019870
1573043302.110090 0.160000 0.184205 0.334590 10.205284 0.063590 0.154525 0.009578 -0.023815
1573043302.130097 0.176000 0.120780 -0.091578 10.572795 0.063590 0.154525 0.011706 -0.019358
1573043302.150206 0.192000 0.161368 0.201711 10.306439 0.063590 0.154525 0.010642 -0.015870
1573043302.170205 0.208000 0.133811 1.276708 9.877877 0.083635 0.158182 -0.015963 -0.019920
1573043302.190113 0.224000 0.163488 0.896628 10.069413 0.083635 0.158182 0.017027 -0.024063
1573043302.210201 0.240000 0.279034 0.738611 9.894038 0.113933 0.162876 0.000000 -0.027965
1573043302.230165 0.256000 0.158296 0.661997 10.291476 0.113933 0.162876 0.013835 -0.031161
1573043302.250112 0.272000 0.312461 0.272340 10.126276 0.143079 0.168665 0.007449 -0.030375
1573043302.270037 0.288000 0.336461 0.062249 10.771513 0.143079 0.168665 0.000000 -0.028392
1573043302.290142 0.304000 0.211276 0.277129 10.313024 0.162951 0.175548 -0.010642 -0.026147
1573043302.310198 0.320000 0.176838 1.808221 10.348338 0.162951 0.175548 -0.051082 -0.031364
1573043302.330198 0.336000 0.398525 1.671751 10.899603 0.162951 0.175548 -0.005321 -0.036439
1573043302.350104 0.352000 0.241095 -0.225055 10.242394 0.235815 0.184908 0.050017 -0.037002
1573043302.370097 0.368000 0.295113 -0.280122 9.952696 0.235815 0.184908 0.053210 -0.031509
1573043302.390240 0.384000 0.219618 1.552640 9.044097 0.275559 0.201381 -0.025541 -0.034834
1573043302.410389 0.400000 0.284237 0.143054 11.595717 0.275559 0.201381 0.014899 -0.033181
1573043302.430040 0.400000 0.292225 -0.244807 10.005967 0.272448 0.213939 -0.029798 -0.029542
1573043302.450312 0.400000 0.274002 -0.536900 11.439495 0.298080 0.220419 -0.012770 -0.027242
1573043302.470064 0.400000 0.377898 -0.819416 8.904634 0.268935 0.226266 0.046825 -0.025019
1573043302.490224 0.400000 0.465533 -0.442927 9.282918 0.268935 0.226266 0.000000 -0.021383
1573043302.510213 0.400000 0.458246 0.860117 10.615891 0.283508 0.232430 0.008514 -0.022209
1573043302.530092 0.400000 0.314540 1.572991 11.801619 0.283508 0.232430 -0.015963 -0.026187
1573043302.550088 0.400000 0.252214 2.220023 9.302072 0.283508 0.232430 -0.059595 -0.031671
1573043302.570150 0.400000 0.431750 1.864485 11.346720 0.336500 0.245994 0.000000 -0.036459
1573043302.590025 0.400000 0.278583 -0.011971 8.130111 0.336500 0.245994 0.043632 -0.037615
1573043302.610035 0.400000 0.279285 -0.730830 13.196839 0.380218 0.262441 0.042568 -0.032932
1573043302.629951 0.400000 0.242920 -0.456694 9.198523 0.380218 0.262441 -0.028733 -0.028797
1573043302.649980 0.400000 0.262989 -0.910994 11.887810 0.386842 0.278975 -0.015963 -0.026164
1573043302.670250 0.400000 0.344914 -0.806247 9.819220 0.386842 0.278975 0.071301 -0.023741
1573043302.690204 0.400000 0.382676 -1.623269 8.127716 0.327226 0.294299 0.053210 -0.019256
1573043302.710204 0.400000 0.347238 -1.668160 11.695675 0.327226 0.294299 -0.018091 -0.014935
1573043302.730253 0.400000 0.324200 0.111330 10.241198 0.304704 0.307434 -0.070237 -0.013452
1573043302.750158 0.400000 0.299378 2.096722 10.569203 0.304704 0.307434 -0.069173 -0.018586
1573043302.770100 0.400000 0.343534 1.187524 8.840590 0.304704 0.307434 0.014899 -0.023207
1573043302.790211 0.400000 0.344259 0.099958 11.547833 0.315303 0.320946 0.030862 -0.024556
1573043302.810254 0.400000 0.442349 -0.019752 9.219472 0.315303 0.320946 0.000000 -0.020418
1573043302.830082 0.400000 0.335487 -0.539892 10.588955 0.331200 0.335062 -0.014899 -0.017399
1573043302.850391 0.400000 0.434400 0.191536 9.989806 0.331200 0.335062 0.007449 -0.018454
1573043302.870263 0.400000 0.350739 0.169390 9.141661 0.339149 0.349900 0.012770 -0.017980
1573043302.890052 0.400000 0.430425 0.300472 9.701305 0.339149 0.349900 0.000000 -0.020593
1573043302.910121 0.400000 0.268971 0.932542 10.172364 0.334541 0.364911 -0.054274 -0.024068
1573043302.930149 0.400000 0.277665 0.716465 10.723629 0.334541 0.364911 -0.036183 -0.025224
1573043302.950185 0.400000 0.290986 0.724246 8.251018 0.376244 0.381249 0.020220 -0.027414
1573043302.970170 0.400000 0.333082 -0.386664 10.187328 0.376244 0.381249 0.057467 -0.024954
1573043302.990056 0.400000 0.359001 -2.017115 12.394183 0.376244 0.381249 0.053210 -0.019089
1573043303.010135 0.400000 0.433363 -1.581370 9.454103 0.333274 0.396867 0.000000 -0.014406
1573043303.030077 0.400000 0.353578 -0.250194 10.690709 0.333274 0.396867 -0.024477 -0.012041
1573043303.050411 0.400000 0.366287 0.315436 8.722675 0.324576 0.411275 -0.030862 -0.014019
1573043303.070080 0.400000 0.313965 0.205303 8.201338 0.324576 0.411275 -0.052146 -0.016406
1573043303.090064 0.400000 0.314903 1.244386 10.809222 0.317952 0.425049 -0.029798 -0.020457
1573043303.110566 0.400000 0.293451 0.082600 10.325593 0.317952 0.425049 -0.036183 -0.023725
1573043303.130209 0.400000 0.430425 0.396839 11.217433 0.339149 0.439744 -0.006385 -0.026845
1573043303.150359 0.400000 0.341642 -0.075417 8.613140 0.339149 0.439744 0.037247 -0.023716
1573043303.170170 0.400000 0.364460 -0.602740 11.409568 0.316800 0.454409 0.024477 -0.019344
1573043303.190220 0.400000 0.290659 0.517148 11.327566 0.316800 0.454409 -0.052146 -0.021845
1573043303.210154 0.400000 0.298328 0.317232 8.919000 0.316800 0.454409 -0.038311 -0.022525
1573043303.230130 0.400000 0.422477 0.487220 10.614095 0.355047 0.469824 0.007449 -0.024453
1573043303.250209 0.400000 0.317711 0.500987 8.661024 0.355047 0.469824 0.028733 -0.025550
1573043303.270097 0.400000 0.339076 -0.656610 10.875063 0.345773 0.485123 0.031926 -0.022716
1573043303.290194 0.400000 0.288517 -0.232238 12.345701 0.345773 0.485123 -0.031926 -0.022611
1573043303.310136 0.400000 0.416515 0.332195 10.289680 0.366970 0.501027 -0.007449 -0.023211
1573043303.330032 0.400000 0.362906 -0.089184 8.831013 0.366970 0.501027 0.057467 -0.019916
1573043303.350066 0.400000 0.340833 -0.534506 9.840767 0.340474 0.516065 -0.012770 -0.015743
1573043303.370192 0.400000 0.334658 -0.107141 11.240178 0.340474 0.516065 -0.038311 -0.012891
1573043303.390106 0.400000 0.308467 0.607529 9.927557 0.352397 0.531392 -0.038311 -0.016937
1573043303.410052 0.400000 0.358754 0.866701 9.853337 0.352397 0.531392 0.045761 -0.020331
1573043303.430179 0.400000 0.381436 -0.550068 9.491214 0.352397 0.531392 0.050017 -0.016476
1573043303.450100 0.400000 0.341642 0.233435 9.540894 0.333274 0.546660 -0.010642 -0.016642
1573043303.470083 0.400000 0.433363 -0.870292 10.678738 0.333274 0.546660 0.005321 -0.012717
1573043303.490246 0.400000 0.346475 -0.062249 10.238205 0.352397 0.562073 -0.023412 -0.011719
1573043303.510350 0.400000 0.422118 0.627281 10.434529 0.352397 0.562073 0.055338 -0.009191
1573043303.530067 0.400000 0.334956 1.026514 9.356540 0.339610 0.577399 -0.039375 -0.012748
1573043303.550309 0.400000 0.430195 0.539294 11.371261 0.339610 0.577399 -0.006385 -0.015856
1573043303.570169 0.400000 0.305193 0.262165 10.767922 0.378893 0.593648 -0.014899 -0.018688
1573043303.590126 0.400000 0.381858 0.153229 9.645640 0.378893 0.593648 0.086200 -0.019531
1573043303.610046 0.400000 0.316970 -0.130484 10.718243 0.380218 0.610330 0.012770 -0.020628
1573043303.630012 0.400000 0.409891 -0.857124 10.999561 0.380218 0.610330 0.005321 -0.017356
1573043303.650254 0.400000 0.409891 -0.501585 9.695319 0.380218 0.610330 0.000000 -0.012822
1573043303.670680 0.400000 0.411216 -0.196923 12.112267 0.377569 0.627099 -0.006385 -0.010876
1573043303.690229 0.400000 0.411216 0.764947 8.872911 0.377569 0.627099 0.008514 -0.012605
1573043303.710064 0.400000 0.303615 0.788291 11.338341 0.380218 0.643695 -0.029798 -0.016488
1573043303.730229 0.400000 0.409891 0.336385 10.271724 0.380218 0.643695 0.000000 -0.020896
1573043303.750096 0.400000 0.308001 0.423774 10.572196 0.402740 0.661071 0.037247 -0.024085
1573043303.770110 0.400000 0.355683 -0.205303 8.006809 0.402740 0.661071 0.063852 -0.018806
1573043303.790117 0.400000 0.338708 -1.171363 12.480374 0.396116 0.678215 0.010642 -0.014350
1573043303.810030 0.400000 0.401942 -1.355118 10.364499 0.396116 0.678215 -0.008514 -0.010249
1573043303.830175 0.400000 0.423859 -0.403423 11.804611 0.352282 0.694552 0.004257 -0.007945
1573043303.849980 0.400000 0.401207 0.073023 8.279149 0.352282 0.694552 0.012770 -0.006574
1573043303.870101 0.400000 0.363550 0.822408 9.762956 0.352282 0.694552 -0.021284 -0.008656
1573043303.890418 0.400000 0.409229 1.173757 11.657967 0.381543 0.710545 -0.007449 -0.012055
1573043303.910038 0.400000 0.318913 0.295684 10.819996 0.381543 0.710545 -0.013835 -0.015850
1573043303.930188 0.400000 0.338550 0.468665 11.009138 0.378893 0.727401 0.029798 -0.019168
1573043303.950204 0.400000 0.336272 0.729034 9.038112 0.378893 0.727401 0.037247 -0.020816
1573043303.970181 0.400000 0.357663 -0.587776 13.099276 0.396116 0.744575 0.046825 -0.016348
1573043303.990094 0.400000 0.325721 -1.616685 10.776301 0.396116 0.744575 -0.020220 -0.012009
1573043304.010151 0.400000 0.424493 -0.505177 10.148422 0.351015 0.760942 0.004257 -0.008518
1573043304.030207 0.400000 0.417779 -0.211288 9.091981 0.351015 0.760942 0.021284 -0.004748
1573043304.050092 0.400000 0.419720 0.041300 10.614095 0.357696 0.776301 0.028733 -0.004884
1573043304.070128 0.400000 0.370666 1.133056 10.323797 0.357696 0.776301 -0.015963 -0.007543
1573043304.090105 0.400000 0.346331 1.349133 9.062652 0.357696 0.776301 -0.015963 -0.012410
1573043304.110129 0.400000 0.347427 0.663194 9.941922 0.373825 0.792841 0.020220 -0.016367
1573043304.130206 0.400000 0.380453 -0.029928 11.850101 0.373825 0.792841 0.058531 -0.015892
1573043304.150064 0.400000 0.370631 -1.001973 9.795278 0.400090 0.810131 0.034054 -0.011314
1573043304.170108 0.400000 0.392143 -1.256357 11.047445 0.400090 0.810131 0.029798 -0.006330
1573043304.190081 0.400000 0.377132 -0.323217 9.931149 0.366221 0.826990 -0.031926 -0.002843
1573043304.210055 0.400000 0.400746 -0.338181 11.791443 0.366221 0.826990 -0.021284 0.000177
1573043304.230090 0.400000 0.395799 -0.451906 9.635465 0.370944 0.843158 -0.028733 0.000852
1573043304.250126 0.400000 0.364758 0.199916 11.106103 0.370944 0.843158 -0.057467 -0.000759
1573043304.270121 0.400000 0.408069 0.028132 9.962273 0.359885 0.859557 0.011706 -0.004271
1573043304.290402 0.400000 0.405627 0.705691 7.976882 0.359885 0.859557 0.025541 -0.006973
1573043304.310181 0.400000 0.422687 0.022146 11.170747 0.359885 0.859557 0.030862 -0.004412
1573043304.330151 0.400000 0.378455 0.128688 10.914567 0.388167 0.876188 -0.012770 -0.003449
1573043304.350188 0.400000 0.356462 0.672771 10.233417 0.388167 0.876188 -0.017027 -0.007166
1573043304.370109 0.400000 0.326321 0.366313 9.742605 0.404065 0.893770 -0.019156 -0.011264
1573043304.390160 0.400000 0.397968 -0.736217 11.131841 0.404065 0.893770 -0.006385 -0.007178
1573043304.410169 0.400000 0.370283 -1.037288 10.030508 0.404065 0.911525 -0.014899 -0.003153
1573043304.430020 0.400000 0.405370 -0.750582 10.272323 0.404065 0.911525 0.011706 -0.000393
1573043304.450108 0.400000 0.443385 -0.791882 9.733627 0.369620 0.927868 0.024477 0.001723
1573043304.470084 0.400000 0.408917 -0.518943 11.535264 0.369620 0.927868 -0.036183 0.004535
1573043304.490258 0.400000 0.383990 0.336385 10.766725 0.352282 0.935881 -0.060659 0.001732
1573043304.510054 0.400000 0.382433 1.682525 9.372701 0.352282 0.935881 -0.028733 -0.003688
1573043304.530185 0.400000 0.403156 0.940323 8.460510 0.352282 0.935881 0.021284 -0.007546
1573043304.550074 0.400000 0.389971 -0.478840 12.504316 0.396116 0.952828 0.039375 -0.008694
1573043304.570256 0.400000 0.360901 0.091578 9.868899 0.396116 0.952828 -0.010642 -0.006505
1573043304.590110 0.400000 0.394893 0.384269 12.440870 0.383962 0.970147 0.022348 -0.006201
1573043304.610020 0.400000 0.408019 -0.088585 8.355165 0.383962 0.970147 0.007449 -0.003247
1573043304.630038 0.400000 0.399293 -0.603937 10.855310 0.401415 0.987897 0.000000 -0.000998
1573043304.650073 0.400000 0.372422 -0.605733 11.594520 0.401415 0.987897 -0.036183 0.000415
1573043304.670054 0.400000 0.379690 -0.354940 11.081562 0.397441 1.005302 -0.043632 0.002663
1573043304.690131 0.400000 0.401280 0.268151 9.683349 0.397441 1.005302 -0.007449 0.001095
1573043304.710054 0.400000 0.408566 -0.084994 11.191695 0.382868 1.022419 0.008514 0.000617
1573043304.730132 0.400000 0.402118 -0.369306 9.727043 0.382868 1.022419 -0.030862 0.003648
1573043304.750176 0.400000 0.400168 0.806247 11.525088 0.382868 1.022419 -0.010642 0.000023
1573043304.770291 0.400000 0.402605 0.556652 8.483853 0.394791 1.039393 -0.007449 -0.003808
1573043304.790101 0.400000 0.367098 0.128688 11.701660 0.394791 1.039393 -0.017027 -0.004377
1573043304.810298 0.400000 0.372404 0.709282 10.165780 0.382695 1.056482 -0.045761 -0.003237
1573043304.830026 0.400000 0.408653 0.497994 10.347141 0.382695 1.056482 0.000000 -0.004277
1573043304.850040 0.400000 0.399233 0.394445 8.894459 0.409364 1.074178 0.036183 -0.005006
1573043304.870165 0.400000 0.393224 -0.151433 10.641029 0.409364 1.074178 0.012770 -0.002462
1573043304.890266 0.400000 0.374612 -0.254982 11.317391 0.397441 1.091499 -0.037247 0.000626
1573043304.910054 0.400000 0.372171 -0.082600 10.391434 0.397441 1.091499 -0.027669 -0.001395
1573043304.930088 0.400000 0.401942 0.140659 9.322423 0.396116 1.108996 0.004257 -0.003558
1573043304.950115 0.400000 0.401942 -0.726640 12.590508 0.396116 1.108996 0.000000 -0.002242
1573043304.970132 0.400000 0.382554 -0.882263 9.109938 0.396116 1.108996 -0.032990 0.001401
1573043304.990121 0.400000 0.402605 0.128688 9.712079 0.394791 1.126176 0.000000 -0.000774
1573043305.010041 0.400000 0.358490 0.758363 8.101978 0.394791 1.126176 -0.026605 -0.004566
1573043305.030157 0.400000 0.378904 -0.451906 12.603676 0.385517 1.143155 -0.013835 -0.003454
1573043305.050176 0.400000 0.363220 0.053271 10.377069 0.385517 1.143155 -0.032990 -0.003526
1573043305.070290 0.400000 0.369679 -0.916381 11.142614 0.390817 1.160277 -0.022348 -0.001153
1573043305.090081 0.400000 0.404592 -0.318429 10.890026 0.390817 1.160277 0.000000 -0.001379
1573043305.110038 0.400000 0.413203 0.061052 8.330026 0.373594 1.176881 0.000000 -0.000161
1573043305.130063 0.400000 0.413203 0.080206 12.589311 0.373594 1.176881 0.006385 0.002835
1573043305.150084 0.400000 0.375786 0.629675 10.052654 0.385517 1.193457 -0.035119 -0.000672
1573043305.170126 0.400000 0.370165 0.843956 8.249222 0.385517 1.193457 -0.013835 -0.005202
1573043305.190051 0.400000 0.407241 0.515352 10.005967 0.385517 1.193457 0.006385 -0.009122
1573043305.210072 0.400000 0.390235 -0.023343 10.150817 0.370023 1.210292 0.011706 -0.006824
1573043305.230159 0.400000 0.380336 -0.551265 11.194090 0.370023 1.210292 -0.014899 -0.004547
1573043305.250278 0.400000 0.397968 0.132878 12.664129 0.404065 1.227877 -0.008514 -0.005223
1573043305.270045 0.400000 0.387723 -0.108338 7.840412 0.404065 1.227877 0.030862 -0.006987
1573043305.290204 0.400000 0.402605 -0.214281 13.109451 0.394791 1.245174 0.006385 -0.004570
1573043305.310110 0.400000 0.352328 -0.413000 9.078214 0.394791 1.245174 -0.043632 -0.003074
1573043305.330342 0.400000 0.352032 0.462679 9.391854 0.390817 1.262415 -0.031926 -0.005404
1573043305.350113 0.400000 0.404592 0.340575 9.938331 0.390817 1.262415 -0.004257 -0.007305
1573043305.370097 0.400000 0.407241 -0.441730 10.682928 0.385517 1.279426 0.000000 -0.005217
1573043305.390110 0.400000 0.407241 0.250194 11.433510 0.385517 1.279426 -0.004257 -0.003263
1573043305.410194 0.400000 0.407241 0.245406 8.288128 0.385517 1.279426 0.006385 -0.005151
1573043305.430209 0.400000 0.347443 0.697910 9.317635 0.377569 1.295861 -0.026605 -0.008498
1573043305.450200 0.384000 0.322889 0.524330 11.798626 0.377569 1.295861 -0.042568 -0.010855
1573043305.470100 0.368000 0.270586 0.094571 9.073425 0.389492 1.312614 -0.055338 -0.013279
1573043305.490550 0.352000 0.260952 -0.333393 12.322956 0.389492 1.312614 -0.031926 -0.014152
1573043305.510189 0.336000 0.350678 -1.155202 8.830414 0.358618 1.329282 0.062788 -0.009649
1573043305.530161 0.320000 0.328324 -1.822586 11.018116 0.358618 1.329282 0.035119 -0.004892
1573043305.550342 0.304000 0.303234 -1.562217 9.654618 0.323252 1.343759 -0.015963 -0.000474
1573043305.570056 0.288000 0.261846 -0.124498 12.470200 0.323252 1.343759 -0.057467 0.002689
1573043305.590155 0.272000 0.242779 0.691924 10.033501 0.308679 1.357371 -0.036183 -0.001187
1573043305.610096 0.256000 0.199101 -0.094571 8.059482 0.308679 1.357371 -0.039375 -0.004612
1573043305.630166 0.240000 0.180243 0.041899 10.869077 0.308679 1.357371 -0.034054 -0.004435
1573043305.650142 0.224000 0.167951 -0.413598 9.905411 0.303380 1.370376 -0.026605 -0.003815
1573043305.670242 0.208000 0.184310 -1.516128 10.301053 0.303380 1.370376 0.004257 0.000419
1573043305.690070 0.192000 0.196629 -1.530493 10.465055 0.250388 1.381998 -0.010642 0.003667
1573043305.710164 0.176000 0.162806 -1.049259 10.623073 0.250388 1.381998 -0.008514 0.007874
1573043305.730198 0.160000 0.165302 -0.344765 10.228029 0.197395 1.391053 0.000000 0.011689
1573043305.750133 0.144000 0.175059 0.338780 10.131663 0.197395 1.391053 -0.013835 0.008965
1573043305.770072 0.128000 0.126576 -0.005387 10.872668 0.178848 1.398954 -0.005321 0.005929
1573043305.790248 0.112000 0.120667 0.237625 9.695319 0.178848 1.398954 -0.011706 0.005491
1573043305.810158 0.096000 0.078576 -0.067038 10.372879 0.178848 1.398954 0.000000 0.003096
1573043305.830354 0.080000 0.060537 -0.444723 10.457274 0.166925 1.406336 0.000000 0.006227
1573043305.850208 0.064000 0.036537 -0.712874 10.232220 0.166925 1.406336 0.000000 0.008193
1573043305.870033 0.048000 0.025037 -1.467047 10.125079 0.141927 1.413228 0.000000 0.012586
1573043305.890183 0.032000 0.001037 -1.436521 10.150218 0.141927 1.413228 0.000000 0.015991
1573043305.910192 0.016000 0.002957 -1.316212 10.452486 0.090087 1.417668 0.000000 0.020435
1573043305.930167 0.000000 -0.021043 -0.933739 10.089765 0.090087 1.417668 0.000000 0.024820
1573043305.950100 0.000000 -0.016560 -0.750582 10.159196 0.033120 1.419716 0.000000 0.029247
1573043305.970124 0.000000 -0.016560 -0.562637 10.353127 0.033120 1.419716 0.000000 0.033695
1573043305.990086 0.000000 0.144924 0.150835 10.433332 -0.001325 1.419946 -0.011706 0.030725
1573043306.010034 0.000000 0.000662 0.187945 10.281899 -0.001325 1.419946 -0.004257 0.026128
1573043306.030158 0.000000 0.000662 0.131083 10.129868 -0.001325 1.419946 0.000000 0.022763
1573043306.050109 0.000000 0.006624 0.241814 10.272323 -0.013248 1.419543 0.000000 0.020751
1573043306.070025 0.000000 0.006624 0.303465 10.217256 -0.013248 1.419543 0.000000 0.017311
1573043306.090086 0.000000 0.002534 0.498592 10.371083 -0.005069 1.419168 0.000000 0.012956
1573043306.110270 0.000000 0.002534 0.345364 10.058042 -0.005069 1.419168 0.000000 0.008524
1573043306.130106 0.000000 -0.000662 0.014365 10.228029 0.001325 1.419139 0.000000 0.004523
1573043306.150102 0.000000 -0.000662 -0.020949 10.253767 0.001325 1.419139 0.000000 0.002401
1573043306.170154 0.000000 0.000000 0.222661 10.176554 0.000000 1.419139 0.000000 -0.001575
1573043306.190079 0.000000 0.000000 0.289100 10.286688 0.000000 1.419139 0.000000 -0.006005
1573043306.210081 0.000000 0.000662 0.204106 10.157999 -0.001325 1.419110 0.000000 -0.009056
1573043306.230265 0.000000 0.000662 0.082600 10.207679 -0.001325 1.419110 0.000000 -0.009361
1573043306.250190 0.000000 0.000662 0.040701 10.236409 -0.001325 1.419110 0.000000 -0.006013
1573043306.270148 0.000000 0.000000 0.137068 10.232220 0.000000 1.419110 0.000000 -0.009423
1573043306.290413 0.000000 0.000000 0.280122 10.240599 0.000000 1.419110 0.000000 -0.013775
1573043306.310171 0.000000 0.000000 0.174777 10.269928 0.000000 1.419110 0.000000 -0.017035
1573043306.330255 0.000000 0.000000 0.080206 10.216059 0.000000 1.419110 0.000000 -0.012699
1573043306.350124 0.000000 0.000000 0.161010 10.242993 0.000000 1.419110 0.000000 -0.013965
1573043306.370081 0.000000 0.000000 0.216077 10.241796 0.000000 1.419110 0.000000 -0.017281
1573043306.390169 0.000000 0.000000 0.217274 10.153211 0.000000 1.419110 0.000000 -0.020446
1573043306.410240 0.000000 0.000000 0.146046 10.275913 0.000000 1.419110 0.000000 -0.016573
1573043306.430224 0.000000 -0.000662 0.098761 10.278906 0.001325 1.419139 0.000000 -0.012196
1573043306.450105 0.000000 -0.000662 0.126294 10.178349 0.001325 1.419139 0.000000 -0.012615
1573043306.470174 0.000000 -0.000662 0.199317 10.192117 0.001325 1.419139 0.000000 -0.015976
1573043306.490264 0.000000 0.000000 0.206500 10.258555 0.000000 1.419110 0.000000 -0.020125
1573043306.510242 0.000000 0.000000 0.131681 10.263943 0.000000 1.419110 0.000000 -0.016255
1573043306.530587 0.000000 -0.000662 0.111330 10.181941 0.001325 1.419110 0.000000 -0.012209
1573043306.550200 0.000000 -0.000662 0.165798 10.193314 0.001325 1.419110 0.000000 -0.015662
1573043306.570197 0.000000 0.000000 0.191536 10.295666 0.000000 1.419110 0.000000 -0.018667
1573043306.590165 0.000000 0.000000 0.147243 10.149619 0.000000 1.419110 0.000000 -0.015399
1573043306.610286 0.000000 0.000000 0.146645 10.252570 0.000000 1.419110 0.000000 -0.013059
1573043306.630079 0.000000 0.000000 0.143652 10.253767 0.000000 1.419110 0.000000 -0.013828
1573043306.650246 0.000000 0.000000 0.156222 10.159795 0.000000 1.419110 0.000000 -0.015023
1573043306.670127 0.000000 0.000000 0.182558 10.288483 0.000000 1.419110 0.000000 -0.017821
1573043306.690057 0.000000 0.000000 0.145448 10.255563 0.000000 1.419110 0.000000 -0.014438
1573043306.710102 0.000000 0.000000 0.159214 10.267534 0.000000 1.419110 0.000000 -0.015014
1573043306.730150 0.000000 0.000000 0.174777 10.253169 0.000000 1.419110 0.000000 -0.018030
1573043306.750204 0.000000 0.000662 0.152630 10.201694 -0.001325 1.419110 0.000000 -0.014924
1573043306.770216 0.000000 0.000662 0.136469 10.264541 -0.001325 1.419110 0.000000 -0.013902
1573043306.790149 0.000000 0.000662 0.161609 10.253767 -0.001325 1.419110 0.000000 -0.015360
1573043306.810415 0.000000 0.000000 0.161010 10.187328 0.000000 1.419110 0.000000 -0.015890
1573043306.830199 0.000000 0.000000 0.190938 10.219649 0.000000 1.419110 0.000000 -0.017965
1573043306.850099 0.000000 0.000634 0.149638 10.172364 -0.001267 1.419110 0.000000 -0.017799
1573043306.870176 0.000000 0.000634 0.154426 10.241796 -0.001267 1.419110 0.000000 -0.014971
1573043306.890110 0.000000 0.000662 0.174178 10.284892 -0.001325 1.419110 0.000000 -0.017145
1573043306.910100 0.000000 0.000662 0.161609 10.179547 -0.001325 1.419110 0.000000 -0.016181
1573043306.930249 0.000000 0.000662 0.154426 10.263943 -0.001325 1.419110 0.000000 -0.015410
1573043306.950021 0.000000 -0.000634 0.132878 10.214263 0.001267 1.419139 0.000000 -0.012546
1573043306.970029 0.000000 -0.000634 0.149039 10.219649 0.001267 1.419139 0.000000 -0.014960
1573043306.990032 0.000000 0.000662 0.165798 10.250175 -0.001325 1.419110 0.000000 -0.016686
1573043307.010100 0.000000 0.000662 0.151433 10.259752 -0.001325 1.419110 0.000000 -0.015262
1573043307.030223 0.000000 -0.000662 0.153229 10.204087 0.001325 1.419139 0.000000 -0.015242
1573043307.050155 0.000000 -0.000662 0.155623 10.269928 0.001325 1.419139 0.000000 -0.014476
1573043307.070018 0.000000 0.000000 0.176572 10.216059 0.000000 1.419110 0.000000 -0.014782
1573043307.090193 0.000000 0.000000 0.174178 10.262746 0.000000 1.419110 0.000000 -0.017016
1573043307.110185 0.000000 0.000000 0.149039 10.198701 0.000000 1.419110 0.000000 -0.014329
1573043307.130233 0.000000 -0.000662 0.158017 10.188525 0.001325 1.419139 0.000000 -0.014486
1573043307.150085 0.000000 -0.000662 0.166996 10.201694 0.001325 1.419139 0.000000 -0.016386
1573043307.170067 0.000000 0.000634 0.163404 10.202291 -0.001267 1.419110 0.000000 -0.016607
1573043307.190006 0.000000 0.000634 0.139462 10.237606 -0.001267 1.419110 0.000000 -0.013760
1573043307.210105 0.000000 0.000000 0.138864 10.160394 0.000000 1.419139 0.000000 -0.013883
1573043307.230115 0.000000 0.000000 0.141856 10.177153 0.000000 1.419139 0.000000 -0.014767
1573043307.250117 0.000000 0.000000 0.159214 10.305841 0.000000 1.419110 0.000000 -0.015841
1573043307.270194 0.000000 0.000000 0.138265 10.163984 0.000000 1.419110 0.000000 -0.013578
1573043307.290081 0.000000 0.000000 0.160412 10.226233 0.000000 1.419139 0.000000 -0.016267
1573043307.310047 0.000000 0.000000 0.159214 10.209475 0.000000 1.419139 0.000000 -0.015346
1573043307.330149 0.000000 0.000000 0.161609 10.237606 0.000000 1.419139 0.000000 -0.017194
1573043307.350039 0.000000 0.000000 0.162806 10.260351 0.000000 1.419110 0.000000 -0.014836
1573043307.370094 0.000000 0.000000 0.175974 10.211270 0.000000 1.419110 0.000000 -0.016379
1573043307.390068 0.000000 0.000000 0.166397 10.205284 0.000000 1.419110 0.000000 -0.017276
1573043307.410169 0.000000 0.000000 0.177769 10.216059 0.000000 1.419110 0.000000 -0.016857
1573043307.430157 0.000000 0.000000 0.136469 10.256760 0.000000 1.419110 0.000000 -0.014306
1573043307.450156 0.000000 0.000000 0.172981 10.270527 0.000000 1.419110 0.000000 -0.016509
1573043307.470120 0.000000 0.000000 0.171784 10.253767 0.000000 1.419139 0.000000 -0.016329
1573043307.490089 0.000000 0.000000 0.169390 10.208278 0.000000 1.419139 0.000000 -0.014803
1573043307.510101 0.000000 0.000000 0.153827 10.169372 0.000000 1.419110 0.000000 -0.015177
1573043307.530112 0.000000 0.000000 0.171185 10.245387 0.000000 1.419110 0.000000 -0.017174
1573043307.550086 0.000000 0.000000 0.154426 10.235212 0.000000 1.419110 0.000000 -0.015001
1573043307.570065 0.000000 -0.000662 0.164601 10.225037 0.001325 1.419110 0.000000 -0.013942
1573043307.590087 0.000000 -0.000662 0.159214 10.263943 0.001325 1.419110 0.000000 -0.014214
1573043307.610190 0.000000 0.000000 0.175974 10.207080 0.000000 1.419110 0.000000 -0.016436
1573043307.630128 0.000000 0.000000 0.183755 10.253169 0.000000 1.419110 0.000000 -0.015924
1573043307.650116 0.000000 -0.000662 0.149039 10.225037 0.001325 1.419110 0.000000 -0.014588
1573043307.670051 0.000000 -0.000662 0.174178 10.232220 0.001325 1.419110 0.000000 -0.016497
1573043307.690153 0.000000 -0.000662 0.186748 10.208876 0.001325 1.419110 0.000000 -0.017235
1573043307.710245 0.000000 0.000000 0.155623 10.209475 0.000000 1.419110 0.000000 -0.015604
1573043307.730169 0.000000 0.000000 0.164003 10.208278 0.000000 1.419110 0.000000 -0.015020
1573043307.750137 0.000000 0.000000 0.156820 10.241198 0.000000 1.419110 0.000000 -0.017190
1573043307.770041 0.000000 0.000000 0.171185 10.252570 0.000000 1.419110 0.000000 -0.018476
1573043307.790106 0.000000 -0.000662 0.173580 10.257359 0.001325 1.419110 0.000000 -0.016164
1573043307.809990 0.000000 0.000000 0.172383 10.315418 0.000000 1.419110 0.000000 -0.016965
1573043307.829987 0.000000 0.000000 0.158616 10.241796 0.000000 1.419110 0.000000 -0.014814
1573043307.850042 0.000000 0.000000 0.161010 10.216059 0.000000 1.419110 0.000000 -0.016996
1573043307.870016 0.000000 0.000000 0.143652 10.169971 0.000000 1.419110 0.000000 -0.014754
1573043307.890676 0.000000 0.000000 0.189142 10.214263 0.000000 1.419110 0.000000 -0.016250
1573043307.910066 0.000000 0.000000 0.165200 10.202291 0.000000 1.419110 0.000000 -0.015375
1573043307.930041 0.000000 0.000634 0.153229 10.237606 -0.001267 1.419110 0.000000 -0.016625
1573043307.950082 0.000000 0.000634 0.161010 10.175357 -0.001267 1.419110 0.000000 -0.014956
1573043307.970026 0.000000 0.000662 0.168791 10.238205 -0.001325 1.419110 0.000000 -0.017420
1573043307.990138 0.000000 0.000662 0.155623 10.207679 -0.001325 1.419110 0.000000 -0.015891
1573043308.010135 0.000000 0.000662 0.156222 10.215460 -0.001325 1.419110 0.000000 -0.014505
1573043308.030108 0.000000 0.000000 0.180164 10.242993 0.000000 1.419110 0.000000 -0.016019
1573043308.050150 0.000000 0.000000 0.164003 10.234613 0.000000 1.419110 0.000000 -0.014688
1573043308.070163 0.000000 -0.001325 0.151433 10.195707 0.002650 1.419139 0.000000 -0.015590
1573043308.090239 0.000000 -0.001325 0.145448 10.131064 0.002650 1.419139 0.000000 -0.014997
1573043308.110097 0.000000 0.000000 0.158616 10.204087 0.000000 1.419110 0.000000 -0.015339
1573043308.130114 0.000000 0.000000 0.146645 10.208876 0.000000 1.419110 0.000000 -0.015471
1573043308.150267 0.000000 0.000634 0.151433 10.247183 -0.001267 1.419081 0.000000 -0.015608
1573043308.170141 0.000000 0.000634 0.160412 10.225636 -0.001267 1.419081 0.000000 -0.016286
1573043308.190163 0.000000 0.000662 0.183156 10.231022 -0.001325 1.419110 0.000000 -0.017426
1573043308.210065 0.000000 0.000662 0.153827 10.286688 -0.001325 1.419110 0.000000 -0.015614
1573043308.230157 0.000000 0.000662 0.163404 10.229825 -0.001325 1.419110 0.000000 -0.015609
1573043308.250103 0.000000 -0.000634 0.157419 10.213664 0.001267 1.419139 0.000000 -0.014782
1573043308.270102 0.000000 -0.000634 0.168791 10.183737 0.001267 1.419139 0.000000 -0.016662
1573043308.290112 0.000000 -0.000662 0.155025 10.211270 0.001325 1.419139 0.000000 -0.015187
1573043308.310044 0.000000 -0.000662 0.161609 10.263344 0.001325 1.419139 0.000000 -0.015930
1573043308.330109 0.000000 0.000000 0.165798 10.231621 0.000000 1.419110 0.000000 -0.014840
1573043308.350135 0.000000 0.000000 0.148441 10.248381 0.000000 1.419110 0.000000 -0.012569
1573043308.370066 0.000000 -0.000634 0.165798 10.267534 0.001267 1.419139 0.000000 -0.016713
1573043308.390349 0.000000 -0.000634 0.177171 10.273520 0.001267 1.419139 0.000000 -0.016600
1573043308.410095 0.000000 -0.000634 0.149638 10.256760 0.001267 1.419139 0.000000 -0.014603
1573043308.430203 0.000000 0.000662 0.159813 10.208876 -0.001325 1.419110 0.000000 -0.015538
1573043308.450090 0.000000 0.000662 0.158017 10.203489 -0.001325 1.419110 0.000000 -0.014996
1573043308.470138 0.000000 0.000634 0.159813 10.199898 -0.001267 1.419081 0.000000 -0.016526
1573043308.490101 0.000000 0.000634 0.150835 10.258555 -0.001267 1.419081 0.000000 -0.015260
1573043308.510108 0.000000 0.000662 0.137667 10.244190 -0.001325 1.419110 0.000000 -0.014731
1573043308.530088 0.000000 0.000662 0.158616 10.245986 -0.001325 1.419110 0.000000 -0.016168
1573043308.550106 0.000000 0.000000 0.149039 10.187328 0.000000 1.419110 0.000000 -0.014980
1573043308.570077 0.000000 0.000000 0.156222 10.279505 0.000000 1.419110 0.000000 -0.014875
1573043308.590082 0.000000 0.000000 0.179565 10.229825 0.000000 1.419110 0.000000 -0.017250
1573043308.610195 0.000000 0.000000 0.148441 10.187328 0.000000 1.419110 0.000000 -0.015640
1573043308.630127 0.000000 0.000000 0.168791 10.179547 0.000000 1.419110 0.000000 -0.017079
1573043308.650076 0.000000 -0.000662 0.154426 10.175956 0.001325 1.419110 0.000000 -0.016256
1573043308.670127 0.000000 -0.000662 0.153229 10.256162 0.001325 1.419110 0.000000 -0.014434
1573043308.690721 0.000000 0.000634 0.195726 10.234015 -0.001267 1.419110 0.000000 -0.015469
1573043308.710216 0.000000 0.000634 0.179565 10.275315 -0.001267 1.419110 0.000000 -0.014292
1573043308.730226 0.000000 0.000662 0.146645 10.266935 -0.001325 1.419110 0.000000 -0.014141
1573043308.750055 0.000000 0.000662 0.164003 10.205883 -0.001325 1.419110 0.000000 -0.016976
1573043308.770237 0.000000 0.000634 0.166996 10.281899 -0.001267 1.419081 0.000000 -0.016227
1573043308.790166 0.000000 0.000634 0.155025 10.263943 -0.001267 1.419081 0.000000 -0.015385
1573043308.810195 0.000000 0.000634 0.164601 10.222643 -0.001267 1.419081 0.000000 -0.016376
1573043308.830180 0.000000 0.000662 0.178368 10.210671 -0.001325 1.419110 0.000000 -0.015800
1573043308.850130 0.000000 0.000662 0.150835 10.177153 -0.001325 1.419110 0.000000 -0.016203
1573043308.870072 0.000000 0.000662 0.164003 10.224438 -0.001325 1.419081 0.000000 -0.016253
1573043308.890077 0.000000 0.000662 0.161010 10.302250 -0.001325 1.419081 0.000000 -0.016939
1573043308.910141 0.000000 0.000000 0.186748 10.204087 0.000000 1.419110 0.000000 -0.019100
1573043308.930315 0.000000 0.000000 0.160412 10.267534 0.000000 1.419110 0.000000 -0.015396
1573043308.950112 0.000000 0.001325 0.151433 10.259154 -0.002650 1.419081 0.000000 -0.013873
1573043308.970071 0.000000 0.001325 0.146046 10.198701 -0.002650 1.419081 0.000000 -0.014451
1573043308.990146 0.000000 0.000634 0.168791 10.220248 -0.001267 1.419110 0.000000 -0.016680
1573043309.010198 0.000000 0.000634 0.166397 10.226233 -0.001267 1.419110 0.000000 -0.017527
1573043309.030143 0.000000 0.000634 0.171784 10.225636 -0.001267 1.419110 0.000000 -0.015257
1573043309.050109 0.000000 0.000662 0.150835 10.231621 -0.001325 1.419110 0.000000 -0.016859
1573043309.070132 0.000000 0.000662 0.140061 10.261548 -0.001325 1.419110 0.000000 -0.015581
1573043309.090248 0.000000 0.000634 0.166996 10.266935 -0.001267 1.419110 0.000000 -0.016270
1573043309.110170 0.000000 0.000634 0.155025 10.198102 -0.001267 1.419110 0.000000 -0.014592
1573043309.130162 0.000000 0.000000 0.162207 10.187926 0.000000 1.419110 0.000000 -0.015962
1573043309.150097 0.000000 0.000000 0.152630 10.233417 0.000000 1.419110 0.000000 -0.014969
1573043309.170018 0.000000 0.000634 0.151433 10.184934 -0.001267 1.419110 0.000000 -0.015279
1573043309.190244 0.000000 0.000634 0.139462 10.160992 -0.001267 1.419110 0.000000 -0.013734
1573043309.210212 0.000000 0.000000 0.166397 10.214861 0.000000 1.419110 0.000000 -0.016390
1573043309.230216 0.000000 0.000000 0.148441 10.278308 0.000000 1.419110 0.000000 -0.016264
1573043309.250196 0.000000 0.000000 0.165798 10.341754 0.000000 1.419110 0.000000 -0.015744
1573043309.270373 0.000000 -0.000662 0.174777 10.247782 0.001325 1.419139 0.000000 -0.016763
1573043309.290166 0.000000 -0.000662 0.186149 10.201694 0.001325 1.419139 0.000000 -0.017567
1573043309.310330 0.000000 0.000662 0.155623 10.204087 -0.001325 1.419081 0.000000 -0.014853
1573043309.329981 0.000000 0.000662 0.180164 10.243592 -0.001325 1.419081 0.000000 -0.017930
1573043309.350342 0.000000 0.000000 0.178368 10.250774 0.000000 1.419110 0.000000 -0.017373
1573043309.370010 0.000000 0.000000 0.172981 10.269928 0.000000 1.419110 0.000000 -0.016995
1573043309.390125 0.000000 0.000662 0.168193 10.214263 -0.001325 1.419110 0.000000 -0.017693
1573043309.410036 0.000000 0.000662 0.155025 10.250774 -0.001325 1.419110 0.000000 -0.015269
1573043309.430274 0.000000 0.000662 0.140659 10.243592 -0.001325 1.419110 0.000000 -0.015720
1573043309.450093 0.000000 0.000662 0.181959 10.320805 -0.001325 1.419110 0.000000 -0.015760
1573043309.470092 0.000000 0.000662 0.164601 10.231621 -0.001325 1.419110 0.000000 -0.014684
1573043309.490154 0.000000 0.000000 0.161609 10.218452 0.000000 1.419110 0.000000 -0.015795
1573043309.510129 0.000000 0.000000 0.162207 10.224438 0.000000 1.419110 0.000000 -0.015144
1573043309.530140 0.000000 -0.000662 0.156820 10.229825 0.001325 1.419139 0.000000 -0.015228
1573043309.550236 0.000000 -0.000662 0.153827 10.204686 0.001325 1.419139 0.000000 -0.015295
1573043309.570072 0.000000 0.000000 0.144251 10.198102 0.000000 1.419110 0.000000 -0.015858
1573043309.590111 0.000000 0.000000 0.160412 10.238804 0.000000 1.419110 0.000000 -0.015764
1573043309.610282 0.000000 -0.000662 0.143054 10.253767 0.001325 1.419139 0.000000 -0.013914
1573043309.630050 0.000000 -0.000662 0.140659 10.248381 0.001325 1.419139 0.000000 -0.015046
1573043309.650060 0.000000 -0.000662 0.152032 10.210073 0.001325 1.419139 0.000000 -0.015308
1573043309.670032 0.000000 0.000662 0.169988 10.229825 -0.001325 1.419081 0.000000 -0.016953
1573043309.690198 0.000000 0.000662 0.166996 10.176554 -0.001325 1.419081 0.000000 -0.016439
1573043309.710169 0.000000 0.000000 0.175375 10.238205 0.000000 1.419110 0.000000 -0.016925
1573043309.730007 0.000000 0.000000 0.169988 10.240001 0.000000 1.419110 0.000000 -0.016584
1573043309.750055 0.000000 -0.000662 0.176572 10.230424 0.001325 1.419139 0.000000 -0.016809
1573043309.770180 0.000000 -0.000662 0.175974 10.239402 0.001325 1.419139 0.000000 -0.015920
1573043309.790079 0.000000 -0.000634 0.164003 10.219649 0.001267 1.419139 0.000000 -0.015734
1573043309.810197 0.000000 -0.000634 0.166397 10.245986 0.001267 1.419139 0.000000 -0.014995
1573043309.830057 0.000000 0.000000 0.164003 10.264541 0.000000 1.419139 0.000000 -0.015993
1573043309.850174 0.000000 0.000000 0.131083 10.209475 0.000000 1.419139 0.000000 -0.015426
1573043309.870329 0.000000 0.000000 0.149039 10.212467 0.000000 1.419139 0.000000 -0.016046
1573043309.890219 0.000000 -0.000662 0.172981 10.227431 0.001325 1.419110 0.000000 -0.014978
1573043309.910092 0.000000 -0.000662 0.149039 10.265738 0.001325 1.419110 0.000000 -0.014721
1573043309.930117 0.000000 0.001325 0.158017 10.214861 -0.002650 1.419081 0.000000 -0.015327
1573043309.950326 0.000000 0.001325 0.169390 10.221445 -0.002650 1.419081 0.000000 -0.016479
1573043309.970070 0.016000 -0.001325 0.156222 10.263344 0.002650 1.419139 0.000000 -0.015726
1573043309.990073 0.032000 0.022675 0.164003 10.241198 0.002650 1.419139 0.000000 -0.016241
1573043310.010154 0.048000 0.048000 0.174777 10.254366 0.000000 1.419110 0.000000 -0.015966
1573043310.030134 0.064000 0.072000 0.183156 10.204686 0.000000 1.419110 0.000000 -0.014621
1573043310.050102 0.080000 0.096000 0.386065 10.338761 0.000000 1.419110 0.000000 -0.017288
1573043310.070109 0.096000 0.118675 1.004966 10.306439 0.002650 1.419139 -0.008514 -0.021814
1573043310.090089 0.112000 0.142675 1.286883 10.075399 0.002650 1.419139 -0.006385 -0.026412
1573043310.110149 0.128000 0.156739 1.403002 10.234613 0.022522 1.419802 0.000000 -0.029851
1573043310.130081 0.144000 0.180739 1.283292 10.268132 0.022522 1.419802 0.006385 -0.034187
1573043310.150051 0.160000 0.183686 1.522114 10.180145 0.064627 1.422224 0.005321 -0.036145
1573043310.170170 0.176000 0.207686 1.699883 10.075997 0.064627 1.422224 0.000000 -0.039559
1573043310.190182 0.192000 0.195773 1.646014 10.247782 0.136455 1.427385 0.007449 -0.043837
1573043310.210160 0.208000 0.219773 1.253365 10.386046 0.136455 1.427385 0.000000 -0.048150
1573043310.230182 0.224000 0.217277 0.624887 9.885658 0.189447 1.434967 0.000000 -0.052151
1573043310.250095 0.240000 0.241277 0.447716 10.491990 0.189447 1.434967 -0.008514 -0.048268
1573043310.270090 0.256000 0.029820 0.416591 10.271724 0.189447 1.434967 -0.014899 -0.044708
1573043310.290060 0.272000 0.281328 0.474052 11.097125 0.205344 1.443790 0.000000 -0.042437
1573043310.310136 0.288000 0.088310 0.820014 10.120889 0.205344 1.443790 0.010642 -0.045106
1573043310.330096 0.304000 0.125107 -0.693720 10.058042 0.219917 1.453448 0.022348 -0.042963
1573043310.350156 0.320000 0.196206 -2.267309 10.969633 0.219917 1.453448 0.048953 -0.037800
1573043310.370356 0.336000 0.261524 -1.664569 8.640674 0.141927 1.460915 0.000000 -0.032744
1573043310.390127 0.352000 0.266877 -0.814627 9.998785 0.141927 1.460915 -0.022348 -0.029656
1573043310.410155 0.368000 0.247359 0.830189 10.498574 0.136455 1.466884 -0.060659 -0.032777
1573043310.430184 0.384000 0.219250 2.475605 10.984597 0.136455 1.466884 -0.087264 -0.038942
1573043310.450244 0.400000 0.266482 2.093131 10.348937 0.136455 1.466884 -0.024477 -0.044342
1573043310.470210 0.400000 0.507926 1.452682 10.787674 0.184147 1.474207 0.000000 -0.049043
1573043310.490196 0.400000 0.284493 0.870891 9.421782 0.184147 1.474207 0.043632 -0.051668
1573043310.510092 0.400000 0.261158 0.410606 9.505579 0.230516 1.483808 0.026605 -0.048974
1573043310.530216 0.400000 0.182808 2.694674 10.074800 0.230516 1.483808 -0.040440 -0.053916
1573043310.550008 0.400000 0.134169 1.883040 10.645219 0.303380 1.495716 -0.040440 -0.056358
1573043310.570128 0.400000 0.448310 0.687734 10.579378 0.303380 1.495716 -0.004257 -0.059256
1573043310.590114 0.400000 0.215091 -2.164957 11.582549 0.296525 1.509702 0.044696 -0.054481
1573043310.610171 0.400000 0.261259 -1.208473 9.652822 0.296525 1.509702 0.064916 -0.048482
1573043310.630143 0.400000 0.177746 0.759560 9.516952 0.275559 1.521612 -0.042568 -0.050084
1573043310.650049 0.400000 0.198727 0.070030 10.669161 0.275559 1.521612 -0.018091 -0.049804
1573043310.670072 0.400000 0.206990 -0.125097 10.887033 0.275559 1.521612 -0.031926 -0.045938
1573043310.690187 0.400000 0.208929 -0.451906 10.373477 0.257242 1.533695 -0.045761 -0.045168
1573043310.710049 0.400000 0.309900 -1.233612 10.165780 0.257242 1.533695 0.037247 -0.038255
1573043310.729959 0.400000 0.484742 -0.486621 9.734824 0.230516 1.544538 0.006385 -0.033487
1573043310.750139 0.400000 0.484742 0.656011 10.204087 0.230516 1.544538 -0.004257 -0.033538
1573043310.770085 0.400000 0.246214 2.454057 9.353547 0.218592 1.553969 -0.062788 -0.038852
1573043310.790142 0.400000 0.241056 2.497751 10.172364 0.218592 1.553969 -0.042568 -0.043119
1573043310.810138 0.400000 0.146155 1.746570 9.894038 0.351072 1.567697 -0.045761 -0.048340
1573043310.830042 0.400000 0.169067 1.050456 11.382633 0.351072 1.567697 0.012770 -0.053123
1573043310.850137 0.400000 0.259955 -1.020528 8.718485 0.351072 1.567697 0.095778 -0.048226
1573043310.870097 0.400000 0.292783 -1.968632 11.071985 0.320602 1.582436 0.080879 -0.042324
1573043310.890097 0.400000 0.439699 -1.388637 9.409212 0.320602 1.582436 -0.009578 -0.037267
1573043310.910347 0.400000 0.275509 -0.425569 10.693702 0.243303 1.594639 -0.043632 -0.033686
1573043310.930056 0.400000 0.283156 0.133477 12.240954 0.243303 1.594639 -0.037247 -0.033079
1573043310.950070 0.400000 0.293201 0.773327 10.205284 0.242439 1.605284 -0.023412 -0.033370
1573043310.970108 0.400000 0.280051 1.242591 8.827421 0.242439 1.605284 -0.017027 -0.037021
1573043310.990220 0.400000 0.480249 1.366491 10.024523 0.239501 1.616217 -0.005321 -0.041375
1573043311.010175 0.400000 0.480249 0.637456 10.758944 0.239501 1.616217 -0.005321 -0.045396
1573043311.030228 0.400000 0.238725 1.069011 9.897630 0.239501 1.616217 -0.021284 -0.044899
1573043311.050280 0.400000 0.167401 2.269703 12.100295 0.279533 1.628102 -0.052146 -0.050223
1573043311.070152 0.400000 0.207651 1.637035 8.292916 0.279533 1.628102 0.025541 -0.054603
1573043311.090158 0.400000 0.205995 -0.763750 9.655815 0.369620 1.643333 0.075558 -0.053928
1573043311.110457 0.400000 0.233926 -1.598728 10.151415 0.369620 1.643333 0.072366 -0.047836
1573043311.130064 0.400000 0.253334 -2.227805 8.684966 0.341799 1.658855 0.052146 -0.043497
1573043311.150280 0.400000 0.241051 -1.212663 11.892598 0.341799 1.658855 0.022348 -0.041186
1573043311.170037 0.400000 0.292288 -2.000954 10.468048 0.266285 1.671088 0.017027 -0.037638
1573043311.190067 0.400000 0.284254 -0.143054 9.342773 0.266285 1.671088 -0.018091 -0.033626
1573043311.210170 0.400000 0.312298 0.003591 10.435726 0.238464 1.681764 -0.022348 -0.030118
1573043311.230237 0.400000 0.287397 1.373673 10.957064 0.238464 1.681764 -0.028733 -0.034077
1573043311.250074 0.400000 0.271775 1.361702 10.011952 0.238464 1.681764 -0.018091 -0.038904
1573043311.270175 0.400000 0.268224 0.936133 11.276690 0.258336 1.692642 0.015963 -0.043076
1573043311.290354 0.400000 0.277693 0.211288 8.516774 0.258336 1.692642 0.039375 -0.044928
1573043311.310197 0.400000 0.260987 0.409408 10.740987 0.271181 1.704587 0.012770 -0.042728
1573043311.330086 0.400000 0.278610 0.161609 10.604518 0.271181 1.704587 0.022348 -0.040736
1573043311.350139 0.400000 0.291440 -0.431555 10.486604 0.296756 1.717197 0.040440 -0.038507
1573043311.370084 0.400000 0.295806 -0.255581 9.573215 0.296756 1.717197 0.022348 -0.034739
1573043311.390169 0.400000 0.451622 -0.098162 11.358092 0.296756 1.717197 0.004257 -0.030532
1573043311.410280 0.400000 0.340383 0.000599 9.044695 0.267380 1.735839 0.013835 -0.027399
1573043311.430164 0.400000 0.466310 1.124676 10.491990 0.267380 1.735839 -0.007449 -0.030780
1573043311.450226 0.400000 0.244240 1.571793 9.900023 0.308679 1.748681 -0.029798 -0.035517
1573043311.470156 0.400000 0.432413 1.651999 10.082582 0.335175 1.755983 0.000000 -0.040325
1573043311.490128 0.400000 0.211023 1.206678 11.805210 0.365645 1.763949 0.019156 -0.044296
1573043311.510160 0.400000 0.230630 -0.016759 8.461707 0.365645 1.763949 0.028733 -0.041907
1573043311.530288 0.400000 0.250774 0.968455 12.327744 0.349748 1.771914 0.013835 -0.042571
1573043311.550113 0.400000 0.425126 0.180164 10.017340 0.349748 1.771914 0.000000 -0.042886
1573043311.570250 0.400000 0.254136 -1.890222 11.248558 0.373594 1.788048 0.038311 -0.037943
1573043311.590154 0.400000 0.304052 -1.265934 12.592902 0.373594 1.788048 0.072366 -0.033409
1573043311.610119 0.400000 0.249558 0.545878 6.843825 0.315533 1.802249 -0.031926 -0.033427
1573043311.630197 0.400000 0.323666 -0.011372 11.236587 0.315533 1.802249 0.046825 -0.031205
1573043311.650088 0.400000 0.338458 -0.872088 11.274296 0.315533 1.802249 0.031926 -0.025863
1573043311.670184 0.400000 0.371112 -0.470461 10.724228 0.296756 1.822395 0.030862 -0.021040
1573043311.690134 0.400000 0.371420 0.257975 10.220248 0.296756 1.822395 0.012770 -0.018084
1573043311.710180 0.400000 0.453609 0.916979 9.701305 0.292781 1.835268 0.008514 -0.019570
1573043311.730033 0.400000 0.299640 0.978630 10.260351 0.292781 1.835268 -0.038311 -0.024664
1573043311.750066 0.400000 0.293354 1.407791 10.111911 0.313978 1.842109 -0.019156 -0.026867
1573043311.770202 0.400000 0.269299 0.815226 10.451887 0.313978 1.842109 -0.025541 -0.030656
1573043311.790179 0.400000 0.271031 0.667982 11.167155 0.359021 1.857491 0.031926 -0.035000
1573043311.810238 0.400000 0.320061 -0.555455 8.579023 0.359021 1.857491 0.064916 -0.030472
1573043311.830144 0.400000 0.340023 -1.469441 11.733982 0.359021 1.857491 0.057467 -0.025288
1573043311.850165 0.400000 0.337059 -1.244386 10.079589 0.344448 1.872527 0.011706 -0.020016
1573043311.870068 0.400000 0.311721 -0.489016 9.675568 0.344448 1.872527 -0.040440 -0.016741
1573043311.890206 0.400000 0.443011 0.202909 10.787076 0.313978 1.886350 -0.007449 -0.018021
1573043311.910126 0.400000 0.314509 0.861314 7.805696 0.313978 1.886350 -0.019156 -0.022635
1573043311.930087 0.400000 0.331821 0.477643 12.030864 0.307354 1.899681 0.020220 -0.026135
1573043311.950133 0.400000 0.339161 0.190938 9.991004 0.307354 1.899681 0.028733 -0.026030
1573043311.970277 0.400000 0.441024 0.108936 9.507974 0.317952 1.913503 -0.006385 -0.023377
1573043311.990207 0.400000 0.332799 0.532111 10.812215 0.317952 1.913503 0.035119 -0.027264
1573043312.010240 0.400000 0.323519 0.808642 9.558850 0.317952 1.913503 0.031926 -0.028609
1573043312.030077 0.400000 0.250267 0.992397 11.543045 0.349748 1.935489 -0.012770 -0.032929
1573043312.050179 0.400000 0.425126 0.202310 9.949703 0.349748 1.935489 -0.008514 -0.030040
1573043312.070206 0.400000 0.295735 -0.302867 10.816404 0.362996 1.951330 0.019156 -0.027618
1573043312.090106 0.400000 0.411655 -1.043872 9.595362 0.348423 1.958919 0.115998 -0.021386
1573043312.110145 0.400000 0.380233 0.535703 10.450690 0.323136 1.966277 0.056403 -0.020664
1573043312.130056 0.400000 0.438432 -0.826000 11.501146 0.323136 1.966277 -0.008514 -0.018197
1573043312.150074 0.400000 0.425126 -0.001197 10.706870 0.349748 1.973894 -0.004257 -0.016528
1573043312.170056 0.400000 0.316187 0.742203 11.143811 0.349748 1.973894 -0.010642 -0.020085
1573043312.190169 0.400000 0.316061 1.461660 9.297882 0.359021 1.989130 0.019156 -0.023951
1573043312.210102 0.400000 0.262134 0.684143 10.855310 0.359021 1.989130 -0.021284 -0.028266
1573043312.230111 0.400000 0.420489 -0.450110 11.045650 0.359021 1.989130 0.000000 -0.025229
1573043312.250116 0.400000 0.350241 -0.559046 12.322357 0.364954 2.005606 0.047889 -0.021119
1573043312.270264 0.400000 0.432447 -0.697311 9.142259 0.364954 2.005606 0.109613 -0.014553
1573043312.290369 0.400000 0.390479 -0.789488 10.333973 0.353722 2.021535 -0.026605 -0.010647
1573043312.310104 0.400000 0.326239 0.213683 11.480796 0.353722 2.021535 -0.044696 -0.012229
1573043312.330050 0.400000 0.297720 0.991798 10.001179 0.355047 2.036800 -0.053210 -0.016438
1573043312.350178 0.400000 0.304599 1.140837 12.236765 0.355047 2.036800 -0.030862 -0.018638
1573043312.370162 0.400000 0.323598 0.758962 9.297882 0.362996 2.052585 0.018091 -0.021876
1573043312.390207 0.400000 0.346535 -0.949899 11.883021 0.362996 2.052585 0.015963 -0.016948
1573043312.410162 0.400000 0.425126 -0.835576 9.973645 0.349748 2.067793 0.004257 -0.012909
1573043312.430022 0.400000 0.425126 0.265756 9.584588 0.349748 2.067793 -0.007449 -0.010055
1573043312.450260 0.400000 0.385224 0.405219 9.154230 0.349748 2.067793 0.011706 -0.009853
1573043312.470103 0.400000 0.332070 1.256357 9.856928 0.328551 2.082395 -0.038311 -0.014601
1573043312.490093 0.400000 0.317447 0.915782 10.540473 0.328551 2.082395 -0.026605 -0.019399
1573043312.510093 0.400000 0.270416 0.935534 10.784681 0.369620 2.097863 -0.036183 -0.023166
1573043312.530102 0.400000 0.321026 0.533308 10.562619 0.369620 2.097863 0.043632 -0.025814
1573043312.550075 0.400000 0.362650 -0.779911 9.318831 0.366221 2.114544 0.080879 -0.023789
1573043312.570239 0.400000 0.360549 -0.717662 10.547057 0.366221 2.114544 0.051082 -0.019441
1573043312.590150 0.400000 0.359242 -1.164181 12.125434 0.362996 2.130447 0.017027 -0.014576
1573043312.610069 0.400000 0.330493 -0.544082 9.487024 0.362996 2.130447 -0.039375 -0.011302
1573043312.630129 0.400000 0.431462 0.206500 9.129689 0.337076 2.145715 -0.004257 -0.012353
1573043312.650093 0.400000 0.431462 0.410007 9.105747 0.337076 2.145715 0.006385 -0.016030
1573043312.670052 0.400000 0.365866 0.196325 11.893197 0.337076 2.145715 0.017027 -0.015844
1573043312.690067 0.400000 0.267917 0.969652 9.114127 0.343124 2.160607 -0.070237 -0.020866
1573043312.710324 0.400000 0.428438 1.158794 10.102334 0.343124 2.160607 0.000000 -0.025969
1573043312.730071 0.400000 0.294362 0.241814 9.051279 0.381543 2.176826 0.022348 -0.026549
1573043312.750154 0.400000 0.301677 0.435146 10.228029 0.381543 2.176826 0.037247 -0.027470
1573043312.770335 0.400000 0.270678 -0.509366 10.084976 0.404065 2.194086 0.000000 -0.026849
1573043312.790034 0.400000 0.397968 -1.203086 10.904391 0.404065 2.194086 0.000000 -0.023545
1573043312.810110 0.400000 0.362460 -1.157596 9.463680 0.370944 2.210826 0.050017 -0.018416
1573043312.830120 0.400000 0.390316 -1.267131 10.939706 0.370944 2.210826 0.054274 -0.013526
1573043312.850126 0.400000 0.343882 -0.179565 9.231443 0.370944 2.210826 -0.015963 -0.011575
1573043312.870250 0.400000 0.342796 0.572813 12.475586 0.324404 2.225489 -0.025541 -0.014914
1573043312.890074 0.400000 0.336592 0.156820 9.041702 0.324404 2.225489 -0.012770 -0.018198
1573043312.910241 0.400000 0.304850 0.443526 9.783306 0.345773 2.247887 -0.010642 -0.022498
1573043312.930146 0.400000 0.427113 -0.247800 10.989985 0.345773 2.247887 -0.007449 -0.022122
1573043312.950125 0.400000 0.307285 -0.291494 9.989208 0.339610 2.263387 -0.023412 -0.020836
1573043312.970113 0.400000 0.310615 0.096965 10.880449 0.339610 2.263387 -0.036183 -0.018127
1573043312.990334 0.400000 0.421814 -0.180164 9.157822 0.356372 2.271152 0.007449 -0.020124
1573043313.010072 0.400000 0.421814 0.638055 9.811439 0.356372 2.271152 0.009578 -0.023322
1573043313.030100 0.400000 0.339961 -0.199916 10.078990 0.356372 2.271152 0.017027 -0.019095
1573043313.050144 0.400000 0.318394 -0.051475 11.525687 0.343124 2.286392 -0.038311 -0.015879
1573043313.070078 0.400000 0.307019 0.673369 10.383653 0.343124 2.286392 -0.025541 -0.020197
1573043313.090180 0.400000 0.274186 -0.092177 9.481039 0.372269 2.302298 -0.029798 -0.023168
1573043313.110073 0.400000 0.413865 -0.751181 11.513716 0.372269 2.302298 -0.007449 -0.020405
1573043313.130347 0.400000 0.302518 -1.440711 10.307636 0.373594 2.318463 -0.031926 -0.016526
1573043313.150350 0.400000 0.303476 -0.376488 10.076596 0.373594 2.318463 -0.042568 -0.015134
1573043313.170121 0.400000 0.419827 0.305261 9.704896 0.360346 2.334138 0.000000 -0.018908
1573043313.190114 0.400000 0.349694 0.169988 9.299079 0.360346 2.334138 0.017027 -0.016751
1573043313.210167 0.400000 0.330073 -0.329801 11.604695 0.360346 2.334138 -0.030862 -0.013013
1573043313.230193 0.400000 0.272683 0.498592 8.273164 0.337824 2.349004 -0.092585 -0.016867
1573043313.250050 0.400000 0.431088 0.979827 11.539454 0.337824 2.349004 0.007449 -0.021714
1573043313.270069 0.400000 0.355940 -0.074819 8.688558 0.344448 2.371922 0.039375 -0.020667
1573043313.290061 0.400000 0.356081 -1.122881 11.609484 0.344448 2.371922 0.014899 -0.016723
1573043313.310192 0.400000 0.272708 0.612317 8.821436 0.351072 2.387018 -0.070237 -0.019113
1573043313.330229 0.400000 0.269791 1.221641 10.397419 0.348480 2.394955 -0.050017 -0.023191
1573043313.349984 0.400000 0.319277 0.668581 11.841123 0.340474 2.402372 0.019156 -0.025162
1573043313.370315 0.400000 0.336944 -0.314838 8.956708 0.340474 2.402372 0.027669 -0.021582
1573043313.390108 0.400000 0.356577 -2.013524 12.713809 0.331200 2.409588 0.014899 -0.017948
1573043313.410161 0.400000 0.304887 -0.945111 8.423400 0.331200 2.409588 -0.072366 -0.014324
1573043313.430209 0.400000 0.293283 0.499191 9.873089 0.331200 2.409588 -0.061724 -0.018348
1573043313.450057 0.400000 0.447936 1.107917 9.486425 0.304128 2.423441 0.000000 -0.022884
1573043313.470066 0.400000 0.336153 0.902614 9.859921 0.304128 2.423441 0.027669 -0.026784
1573043313.490179 0.384000 0.443011 -0.332195 12.574945 0.313978 2.437238 0.000000 -0.022984
1573043313.510223 0.368000 0.217612 1.022324 9.201515 0.313978 2.437238 -0.103227 -0.027542
1573043313.530100 0.352000 0.202262 1.215656 11.508328 0.345773 2.451583 -0.026605 -0.031113
1573043313.550089 0.336000 0.254171 0.234033 9.756970 0.345773 2.451583 0.070237 -0.031426
1573043313.570118 0.320000 0.256106 -0.905008 9.133281 0.325901 2.466564 0.061724 -0.026864
1573043313.590226 0.304000 0.317049 -1.683124 9.964068 0.325901 2.466564 0.009578 -0.021901
1573043313.610198 0.288000 0.198860 -1.340753 10.692505 0.271584 2.479150 -0.039375 -0.017970
1573043313.630206 0.272000 0.189064 0.080804 10.715249 0.271584 2.479150 -0.036183 -0.015640
1573043313.650144 0.256000 0.272208 0.797269 9.127893 0.271584 2.479150 0.000000 -0.018507
1573043313.670205 0.240000 0.184333 -0.126893 10.292673 0.258336 2.490582 0.011706 -0.015973
1573043313.690123 0.224000 0.230832 -0.422577 10.295067 0.258336 2.490582 0.004257 -0.011441
1573043313.710226 0.208000 0.216768 0.259771 10.837354 0.238464 2.501148 0.000000 -0.013079
1573043313.730096 0.192000 0.192768 -0.493206 10.134057 0.238464 2.501148 0.000000 -0.009736
1573043313.750018 0.176000 0.126718 -0.402824 10.190321 0.216691 2.511252 -0.017027 -0.007863
1573043313.770171 0.160000 0.097219 -0.170587 9.801263 0.216691 2.511252 -0.040440 -0.005217
1573043313.790085 0.144000 0.136728 -0.359729 10.275315 0.217267 2.520808 0.021284 -0.002333
1573043313.810097 0.128000 0.128523 -1.486201 10.393828 0.217267 2.520808 0.010642 0.002529
1573043313.830228 0.112000 0.083366 -0.828992 10.027515 0.217267 2.520808 0.008514 0.006994
1573043313.850011 0.096000 0.087187 -0.683545 10.324995 0.161626 2.528401 0.000000 0.011536
1573043313.870101 0.080000 0.063187 -0.140061 10.414179 0.161626 2.528401 -0.008514 0.011493
1573043313.890198 0.064000 0.063610 -0.585981 10.260351 0.112781 2.537120 0.007449 0.015885
1573043313.910257 0.048000 0.039610 -0.660201 10.332177 0.112781 2.537120 0.000000 0.020244
1573043313.930059 0.032000 0.026294 -0.726042 10.018537 0.091411 2.541451 0.000000 0.021257
1573043313.950130 0.016000 0.010906 -0.676961 10.427945 0.074189 2.543067 0.000000 0.025585
1573043313.970220 0.000000 -0.001344 -0.675763 10.275913 0.050688 2.544222 0.004257 0.029017
1573043313.989988 0.000000 -0.025344 -0.615310 10.425551 0.050688 2.544222 0.000000 0.033293
1573043314.009918 0.000000 -0.019210 -0.730232 10.301053 0.038419 2.545059 0.000000 0.037674
1573043314.029902 0.000000 -0.019210 -0.634463 10.149021 0.038419 2.545059 0.000000 0.042103
1573043314.049971 0.000000 -0.019210 -0.175375 10.277709 0.038419 2.545059 -0.004257 0.040343
1573043314.069899 0.000000 -0.001987 0.267552 10.400412 0.003974 2.545637 -0.008514 0.035737
1573043314.089978 0.000000 -0.001987 0.069432 10.245387 0.003974 2.545637 0.000000 0.031301
1573043314.110394 0.000000 0.003974 0.106542 10.128072 -0.007949 2.545377 0.000000 0.026959
1573043314.130109 0.000000 0.003974 0.258574 10.171167 -0.007949 2.545377 0.000000 0.023548
1573043314.150065 0.000000 0.004637 0.360327 10.319608 -0.009274 2.544857 0.000000 0.021511
1573043314.170125 0.000000 0.004637 0.321422 10.214861 -0.009274 2.544857 0.000000 0.018084
1573043314.190234 0.000000 0.003168 0.391452 10.131663 -0.006336 2.544569 0.000000 0.013665
1573043314.210124 0.000000 0.003168 0.223858 10.236409 -0.006336 2.544569 0.000000 0.009246
1573043314.230162 0.000000 0.003168 -0.017957 10.285490 -0.006336 2.544569 0.000000 0.004930
1573043314.250129 0.000000 0.000662 0.034716 10.256162 -0.001325 2.544540 0.000000 0.000555
1573043314.270107 0.000000 0.000662 0.092775 10.281899 -0.001325 2.544540 0.000000 -0.003109
1573043314.290136 0.000000 0.000000 0.248997 10.176554 0.000000 2.544598 0.000000 -0.007552
1573043314.310019 0.000000 0.000000 0.217872 10.220847 0.000000 2.544598 0.000000 -0.011932
1573043314.330021 0.000000 0.000000 0.082600 10.183737 0.000000 2.544569 0.000000 -0.010435
1573043314.350086 0.000000 0.000000 0.068235 10.257359 0.000000 2.544569 0.000000 -0.008496
1573043314.370072 0.000000 -0.000662 0.087987 10.281899 0.001325 2.544598 0.000000 -0.007879
1573043314.390475 0.000000 -0.000662 0.118513 10.235810 0.001325 2.544598 0.000000 -0.010972
1573043314.410140 0.000000 -0.000662 0.158017 10.257359 0.001325 2.544598 0.000000 -0.014405
1573043314.430309 0.000000 0.000000 0.170587 10.238205 0.000000 2.544598 0.000000 -0.016857
1573043314.450254 0.000000 0.000000 0.102951 10.246585 0.000000 2.544598 0.000000 -0.012932
1573043314.470142 0.000000 0.000634 0.101155 10.267534 -0.001267 2.544569 0.000000 -0.009878
1573043314.490168 0.000000 0.000000 0.138265 10.257957 0.000000 2.544569 0.000000 -0.013448
1573043314.510204 0.000000 0.000000 0.129287 10.296863 0.000000 2.544569 0.000000 -0.012697
1573043314.530070 0.000000 0.000000 0.141258 10.269329 0.000000 2.544569 0.000000 -0.013501
1573043314.550043 0.000000 -0.000662 0.153229 10.227431 0.001325 2.544598 0.000000 -0.013489
1573043314.570087 0.000000 -0.000662 0.156820 10.208278 0.001325 2.544598 0.000000 -0.014965
1573043314.590202 0.000000 0.000000 0.132280 10.300454 0.000000 2.544569 0.000000 -0.014002
1573043314.610267 0.000000 0.000000 0.124498 10.241796 0.000000 2.544569 0.000000 -0.011357
1573043314.630274 0.000000 0.000000 0.116717 10.170568 0.000000 2.544569 0.000000 -0.011702
1573043314.650042 0.000000 0.000662 0.176572 10.217854 -0.001325 2.544569 0.000000 -0.014389
1573043314.670004 0.000000 0.000662 0.159214 10.186131 -0.001325 2.544569 0.000000 -0.013808
1573043314.690258 0.000000 -0.000634 0.143652 10.240001 0.001267 2.544598 0.000000 -0.012476
1573043314.710118 0.000000 -0.000634 0.101754 10.238804 0.001267 2.544598 0.000000 -0.009980
1573043314.730075 0.000000 0.000662 0.135272 10.188525 -0.001325 2.544569 0.000000 -0.012012
1573043314.750219 0.000000 0.000662 0.121506 10.227431 -0.001325 2.544569 0.000000 -0.011689
1573043314.770176 0.000000 0.000000 0.137667 10.242993 0.000000 2.544569 0.000000 -0.013477
1573043314.790154 0.000000 0.000000 0.154426 10.211868 0.000000 2.544569 0.000000 -0.015128
1573043314.810203 0.000000 -0.000662 0.124498 10.247183 0.001325 2.544598 0.000000 -0.012344
1573043314.830255 0.000000 -0.000662 0.119710 10.214861 0.001325 2.544598 0.000000 -0.009758
1573043314.850117 0.000000 -0.000662 0.136469 10.175956 0.001325 2.544598 0.000000 -0.013217
1573043314.870280 0.000000 -0.000662 0.153827 10.227431 0.001325 2.544569 0.000000 -0.014745
1573043314.890100 0.000000 -0.000662 0.160412 10.234015 0.001325 2.544569 0.000000 -0.016285
1573043314.910272 0.000000 -0.000634 0.114323 10.225037 0.001267 2.544569 0.000000 -0.012149
1573043314.930121 0.000000 -0.000634 0.122703 10.209475 0.001267 2.544569 0.000000 -0.012618
1573043314.950234 0.000000 0.000662 0.127491 10.266935 -0.001325 2.544540 0.000000 -0.012523
1573043314.970072 0.000000 0.000662 0.128090 10.224438 -0.001325 2.544540 0.000000 -0.011022
1573043314.990256 0.000000 0.000000 0.135871 10.211868 0.000000 2.544569 0.000000 -0.013816
1573043315.010185 0.000000 0.000000 0.164003 10.218452 0.000000 2.544569 0.000000 -0.012628
1573043315.030185 0.000000 -0.000662 0.134674 10.272921 0.001325 2.544598 0.000000 -0.012315
1573043315.050094 0.000000 -0.000662 0.134075 10.262147 0.001325 2.544598 0.000000 -0.013163
1573043315.070079 0.000000 -0.000662 0.128688 10.276512 0.001325 2.544598 0.000000 -0.011897
1573043315.090299 0.000000 0.000662 0.139462 10.260351 -0.001325 2.544540 0.000000 -0.012708
1573043315.110083 0.000000 0.000662 0.138265 10.234015 -0.001325 2.544540 0.000000 -0.014545
1573043315.130086 0.000000 0.001325 0.144849 10.229825 -0.002650 2.544540 0.000000 -0.014739
1573043315.150477 0.000000 0.001325 0.136469 10.232220 -0.002650 2.544540 0.000000 -0.013680
1573043315.170086 0.000000 0.000000 0.128090 10.190919 0.000000 2.544569 0.000000 -0.011788
1573043315.190159 0.000000 0.000000 0.123900 10.205883 0.000000 2.544569 0.000000 -0.011439
1573043315.210228 0.000000 0.000000 0.142455 10.235810 0.000000 2.544569 0.000000 -0.013821
1573043315.230200 0.000000 -0.000634 0.141258 10.256760 0.001267 2.544598 0.000000 -0.012666
1573043315.250104 0.000000 -0.000634 0.155623 10.274716 0.001267 2.544598 0.000000 -0.015827
1573043315.270131 0.000000 -0.000662 0.126893 10.266935 0.001325 2.544598 0.000000 -0.012468
1573043315.290069 0.000000 -0.000662 0.137068 10.233417 0.001325 2.544598 0.000000 -0.013164
1573043315.310049 0.000000 -0.000634 0.137667 10.221445 0.001267 2.544598 0.000000 -0.013802
1573043315.330124 0.000000 -0.000634 0.125696 10.243592 0.001267 2.544598 0.000000 -0.011989
1573043315.350057 0.000000 0.000000 0.122104 10.201095 0.000000 2.544569 0.000000 -0.012358
1573043315.370330 0.000000 0.000000 0.127491 10.203489 0.000000 2.544569 0.000000 -0.013037
1573043315.390228 0.000000 0.000000 0.131083 10.220847 0.000000 2.544569 0.000000 -0.012880
1573043315.410325 0.000000 0.000000 0.143054 10.228628 0.000000 2.544569 0.000000 -0.014101
1573043315.430088 0.000000 0.000000 0.131681 10.233417 0.000000 2.544569 0.000000 -0.012712
1573043315.450220 0.000000 -0.001325 0.143054 10.283694 0.002650 2.544598 0.000000 -0.012517
1573043315.470192 0.000000 -0.001325 0.120907 10.226832 0.002650 2.544598 0.000000 -0.013100
1573043315.490065 0.000000 -0.000662 0.103549 10.263344 0.001325 2.544569 0.000000 -0.012554
1573043315.510210 0.000000 -0.000662 0.126893 10.169971 0.001325 2.544569 0.000000 -0.012214
1573043315.530123 0.000000 -0.000662 0.141258 10.193913 0.001325 2.544598 0.000000 -0.013774
1573043315.550148 0.000000 -0.000662 0.156820 10.240599 0.001325 2.544598 0.000000 -0.014420
1573043315.570091 0.000000 0.000000 0.126294 10.229227 0.000000 2.544569 0.000000 -0.013046
1573043315.590143 0.000000 0.000000 0.111929 10.192117 0.000000 2.544569 0.000000 -0.011527
1573043315.610151 0.000000 0.000000 0.140061 10.253169 0.000000 2.544598 0.000000 -0.012660
1573043315.630100 0.000000 0.000000 0.140061 10.252570 0.000000 2.544598 0.000000 -0.013658
1573043315.650126 0.000000 0.000000 0.147243 10.265140 0.000000 2.544598 0.000000 -0.012651
1573043315.670176 0.000000 0.000000 0.150835 10.235212 0.000000 2.544598 0.000000 -0.014206
1573043315.690106 0.000000 0.000000 0.123900 10.211270 0.000000 2.544598 0.000000 -0.012117
1573043315.710044 0.000000 0.000000 0.130484 10.272323 0.000000 2.544598 0.000000 -0.012972
1573043315.730614 0.000000 0.000000 0.123900 10.264541 0.000000 2.544598 0.000000 -0.012354
1573043315.750246 0.000000 0.000662 0.130484 10.172364 -0.001325 2.544540 0.000000 -0.012598
1573043315.770133 0.000000 0.000662 0.129287 10.244789 -0.001325 2.544540 0.000000 -0.013542
1573043315.790213 0.000000 0.000662 0.122703 10.257359 -0.001325 2.544569 0.000000 -0.013889
1573043315.810201 0.000000 0.000662 0.143652 10.215460 -0.001325 2.544569 0.000000 -0.013673
1573043315.830114 0.000000 0.000662 0.092177 10.244190 -0.001325 2.544569 0.000000 -0.011296
1573043315.850112 0.000000 0.000662 0.144849 10.212467 -0.001325 2.544569 0.000000 -0.011246
1573043315.870179 0.000000 0.000662 0.143652 10.226832 -0.001325 2.544569 0.000000 -0.014010
1573043315.890115 0.000000 0.000662 0.129287 10.235810 -0.001325 2.544569 0.000000 -0.012409
1573043315.910117 0.000000 0.000662 0.134075 10.287286 -0.001325 2.544569 0.000000 -0.014088
1573043315.930081 0.000000 0.000000 0.133477 10.256760 0.000000 2.544569 0.000000 -0.011602
1573043315.950081 0.000000 0.000000 0.130484 10.234015 0.000000 2.544569 0.000000 -0.012526
1573043315.970029 0.000000 0.000000 0.114922 10.241796 0.000000 2.544598 0.000000 -0.010838
1573043315.990156 0.000000 0.000000 0.177769 10.220847 0.000000 2.544598 0.000000 -0.014454
1573043316.010405 0.000000 0.000000 0.122104 10.277111 0.000000 2.544569 0.000000 -0.011837
1573043316.030171 0.000000 0.000000 0.135871 10.194510 0.000000 2.544569 0.000000 -0.013357
1573043316.050134 0.000000 0.000000 0.131083 10.179547 0.000000 2.544569 0.000000 -0.013184
1573043316.070320 0.000000 -0.000662 0.117316 10.189722 0.001325 2.544598 0.000000 -0.011549
1573043316.090158 0.000000 -0.000662 0.150835 10.250774 0.001325 2.544598 0.000000 -0.014738
1573043316.110112 0.000000 0.000000 0.128688 10.217256 0.000000 2.544569 0.000000 -0.012333
1573043316.130124 0.000000 0.000000 0.108936 10.164583 0.000000 2.544569 0.000000 -0.011010
1573043316.149995 0.000000 0.000662 0.117316 10.268731 -0.001325 2.544569 0.000000 -0.011936
1573043316.170123 0.000000 0.000662 0.160412 10.233417 -0.001325 2.544569 0.000000 -0.014120
1573043316.190102 0.000000 -0.000662 0.126893 10.219649 0.001325 2.544598 0.000000 -0.014640
1573043316.210125 0.000000 -0.000662 0.116717 10.239402 0.001325 2.544598 0.000000 -0.012368
1573043316.230157 0.000000 -0.000662 0.127491 10.219649 0.001325 2.544598 0.000000 -0.013876
1573043316.250122 0.000000 0.000000 0.120907 10.234613 0.000000 2.544598 0.000000 -0.011337
1573043316.270076 0.000000 0.000000 0.114922 10.257359 0.000000 2.544598 0.000000 -0.013411
1573043316.290206 0.000000 0.000000 0.135871 10.251373 0.000000 2.544598 0.000000 -0.012910
1573043316.310304 0.000000 0.000000 0.134075 10.260950 0.000000 2.544598 0.000000 -0.013716
1573043316.330211 0.000000 0.000000 0.144251 10.231621 0.000000 2.544569 0.000000 -0.014487
1573043316.350103 0.000000 0.000000 0.144849 10.250175 0.000000 2.544569 0.000000 -0.013684
1573043316.370065 0.000000 -0.000662 0.149039 10.228628 0.001325 2.544598 0.000000 -0.013015
1573043316.390095 0.000000 -0.000662 0.116717 10.231022 0.001325 2.544598 0.000000 -0.011770
1573043316.410176 0.000000 -0.000662 0.147842 10.248381 0.001325 2.544598 0.000000 -0.013618
1573043316.430144 0.000000 -0.000634 0.141856 10.250774 0.001267 2.544598 0.000000 -0.014107
1573043316.450093 0.000000 -0.000634 0.138265 10.286688 0.001267 2.544598 0.000000 -0.012954
1573043316.470200 0.000000 0.000662 0.149638 10.281899 -0.001325 2.544569 0.000000 -0.013063
1573043316.490228 0.000000 0.000662 0.132280 10.256162 -0.001325 2.544569 0.000000 -0.013442
1573043316.510113 0.000000 0.000000 0.150835 10.207080 0.000000 2.544598 0.000000 -0.015411
1573043316.530069 0.000000 0.000000 0.143652 10.226832 0.000000 2.544598 0.000000 -0.013922
1573043316.550323 0.000000 -0.000662 0.115520 10.235212 0.001325 2.544598 0.000000 -0.011756
1573043316.570136 0.000000 -0.000662 0.131083 10.201694 0.001325 2.544598 0.000000 -0.012477
1573043316.590204 0.000000 -0.000662 0.138265 10.254964 0.001325 2.544598 0.000000 -0.011941
1573043316.610213 0.000000 0.000662 0.141856 10.243592 -0.001325 2.544569 0.000000 -0.012525
1573043316.630240 0.000000 0.000662 0.134674 10.239402 -0.001325 2.544569 0.000000 -0.013113
1573043316.650059 0.000000 0.000662 0.117914 10.286089 -0.001325 2.544540 0.000000 -0.014469
1573043316.670108 0.000000 0.000662 0.144251 10.253169 -0.001325 2.544540 0.000000 -0.012930
1573043316.690066 0.000000 0.000000 0.134075 10.244190 0.000000 2.544569 0.000000 -0.014355
1573043316.710204 0.000000 0.000000 0.134674 10.182540 0.000000 2.544569 0.000000 -0.013159
1573043316.730154 0.000000 0.000000 0.126294 10.229227 0.000000 2.544598 0.000000 -0.012326
1573043316.750072 0.000000 0.000000 0.146645 10.185533 0.000000 2.544598 0.000000 -0.013532
1573043316.770233 0.000000 0.000000 0.135871 10.181941 0.000000 2.544598 0.000000 -0.013356
1573043316.790452 0.000000 0.000000 0.141856 10.216059 0.000000 2.544598 0.000000 -0.012524
1573043316.810191 0.000000 0.000000 0.132280 10.239402 0.000000 2.544598 0.000000 -0.012699
1573043316.830150 0.000000 0.000000 0.138265 10.263344 0.000000 2.544569 0.000000 -0.013442
1573043316.850145 0.000000 0.000000 0.129287 10.238804 0.000000 2.544569 0.000000 -0.013211
1573043316.870157 0.000000 0.000000 0.129885 10.214861 0.000000 2.544598 0.000000 -0.014133
1573043316.890185 0.000000 0.000000 0.136469 10.276512 0.000000 2.544598 0.000000 -0.012654
1573043316.910105 0.000000 -0.001325 0.128090 10.226233 0.002650 2.544598 0.000000 -0.012483
1573043316.930469 0.000000 -0.001325 0.139462 10.211270 0.002650 2.544598 0.000000 -0.013564
1573043316.950047 0.000000 -0.000662 0.126893 10.217256 0.001325 2.544569 0.000000 -0.013278
1573043316.969889 0.000000 -0.000662 0.128090 10.200496 0.001325 2.544569 0.000000 -0.012408
1573043316.989954 0.000000 -0.000662 0.124498 10.192117 0.001325 2.544569 0.000000 -0.013379
1573043317.009980 0.000000 0.000000 0.126893 10.260950 0.000000 2.544569 0.000000 -0.012316
1573043317.029982 0.000000 0.000000 0.133477 10.241198 0.000000 2.544569 0.000000 -0.013109
1573043317.050095 0.000000 0.000662 0.140659 10.272323 -0.001325 2.544569 0.000000 -0.014723
1573043317.070141 0.000000 0.000662 0.125696 10.225636 -0.001325 2.544569 0.000000 -0.012674
1573043317.090118 0.000000 -0.000662 0.141258 10.189124 0.001325 2.544598 0.000000 -0.013281
1573043317.110020 0.000000 -0.000662 0.132280 10.259752 0.001325 2.544598 0.000000 -0.013594
1573043317.130044 0.000000 -0.000662 0.130484 10.260351 0.001325 2.544598 0.000000 -0.012649
1573043317.150095 0.000000 -0.000662 0.138265 10.186729 0.001325 2.544598 0.000000 -0.012163
1573043317.170073 0.000000 -0.000662 0.134674 10.208876 0.001325 2.544569 0.000000 -0.013148
1573043317.190211 0.000000 -0.000662 0.147842 10.242993 0.001325 2.544569 0.000000 -0.012316
1573043317.210372 0.000000 -0.000662 0.152630 10.269329 0.001325 2.544569 0.000000 -0.014677
1573043317.230200 0.000000 0.000662 0.122104 10.192117 -0.001325 2.544540 0.000000 -0.012072
1573043317.250190 0.000000 0.000662 0.138864 10.156802 -0.001325 2.544540 0.000000 -0.014135
1573043317.270158 0.000000 0.000000 0.137667 10.197503 0.000000 2.544569 0.000000 -0.014216
1573043317.290226 0.000000 0.000000 0.137667 10.217256 0.000000 2.544569 0.000000 -0.014753
1573043317.310054 0.000000 0.000000 0.155025 10.237606 0.000000 2.544598 0.000000 -0.015557
1573043317.330251 0.000000 0.000000 0.123900 10.280104 0.000000 2.544598 0.000000 -0.012785
1573043317.350170 0.000000 0.000000 0.122104 10.212467 0.000000 2.544569 0.000000 -0.012081
1573043317.370142 0.000000 0.000000 0.128688 10.209475 0.000000 2.544569 0.000000 -0.012010
1573043317.390340 0.000000 0.000000 0.114922 10.271125 0.000000 2.544569 0.000000 -0.013138
1573043317.410268 0.000000 -0.000662 0.117914 10.263943 0.001325 2.544598 0.000000 -0.011224
1573043317.430067 0.000000 -0.000662 0.128688 10.187328 0.001325 2.544598 0.000000 -0.013113
1573043317.450134 0.000000 -0.000662 0.144849 10.142437 0.001325 2.544598 0.000000 -0.014114
1573043317.470149 0.000000 -0.000662 0.128688 10.154408 0.001325 2.544598 0.000000 -0.012858
1573043317.490134 0.000000 -0.000662 0.130484 10.229227 0.001325 2.544598 0.000000 -0.014498
1573043317.510233 0.000000 -0.000662 0.131681 10.264541 0.001325 2.544598 0.000000 -0.012305
1573043317.530065 0.000000 0.000662 0.132878 10.241796 -0.001325 2.544569 0.000000 -0.012649
1573043317.550104 0.000000 0.000662 0.137667 10.221445 -0.001325 2.544569 0.000000 -0.013139
1573043317.570126 0.000000 0.000662 0.128688 10.248979 -0.001325 2.544569 0.000000 -0.012552
1573043317.590360 0.000000 0.000662 0.160412 10.248979 -0.001325 2.544569 0.000000 -0.014818
1573043317.610267 0.000000 0.000662 0.144849 10.266935 -0.001325 2.544569 0.000000 -0.014728
1573043317.630181 0.000000 0.000000 0.140061 10.208278 0.000000 2.544569 0.000000 -0.014666
1573043317.650193 0.000000 0.000000 0.144849 10.218452 0.000000 2.544569 0.000000 -0.014374
1573043317.670586 0.000000 0.000000 0.141258 10.280702 0.000000 2.544569 0.000000 -0.013482
1573043317.690498 0.000000 0.000000 0.152630 10.274117 0.000000 2.544569 0.000000 -0.012349
1573043317.710275 0.000000 -0.000634 0.120309 10.228628 0.001267 2.544598 0.000000 -0.011108
1573043317.730181 0.000000 -0.000634 0.116717 10.277709 0.001267 2.544598 0.000000 -0.011375
1573043317.750054 0.000000 0.000000 0.115520 10.239402 0.000000 2.544598 0.000000 -0.011189
1573043317.770063 0.000000 0.000000 0.138864 10.268731 0.000000 2.544598 0.000000 -0.013334
1573043317.790864 0.000000 -0.000662 0.147243 10.233417 0.001325 2.544598 0.000000 -0.013483
1573043317.810208 0.000000 -0.000662 0.141856 10.193913 0.001325 2.544598 0.000000 -0.013246
1573043317.830158 0.000000 -0.000662 0.135871 10.223241 0.001325 2.544598 0.000000 -0.014258
1573043317.850160 0.000000 0.000000 0.122703 10.261548 0.000000 2.544598 0.000000 -0.014549
1573043317.870144 0.000000 0.000000 0.156222 10.252570 0.000000 2.544598 0.000000 -0.014580
1573043317.890080 0.000000 0.000000 0.114323 10.236409 0.000000 2.544569 0.000000 -0.011716
1573043317.910044 0.000000 0.000000 0.118513 10.245387 0.000000 2.544569 0.000000 -0.011716
