1573040263.328166 0.000000 0.000000 0.058658 10.226233 0.000000 -0.102068 0.000000 -0.003943
1573040263.348216 0.000000 0.000000 0.030526 10.218452 0.000000 -0.102068 0.000000 -0.001860
1573040263.368165 0.000000 0.000000 0.037110 10.202291 0.000000 -0.102068 0.000000 -0.002943
1573040263.388046 0.000000 0.000000 0.058059 10.207080 0.000000 -0.102068 0.000000 -0.004298
1573040263.408165 0.000000 0.000000 0.026935 10.245986 0.000000 -0.102068 0.000000 -0.002210
1573040263.428468 0.000000 0.000000 0.042497 10.250774 0.000000 -0.102068 0.000000 -0.004497
1573040263.448047 0.000000 0.000000 0.031125 10.216657 0.000000 -0.102068 0.000000 -0.003005
1573040263.468208 0.000000 0.000000 0.025738 10.212467 0.000000 -0.102068 0.000000 -0.005421
1573040263.488098 0.000000 0.000000 0.010175 10.213664 0.000000 -0.102068 0.000000 -0.002396
1573040263.508212 0.000000 0.000000 0.044293 10.182540 0.000000 -0.102068 0.000000 -0.003842
1573040263.528111 0.000000 0.000000 0.066439 10.187926 0.000000 -0.102068 0.000000 -0.004540
1573040263.548240 0.000000 0.000000 0.013767 10.250774 0.000000 -0.102068 0.000000 -0.001390
1573040263.568220 0.000000 0.000000 0.047285 10.272323 0.000000 -0.102068 0.000000 -0.003477
1573040263.588055 0.000000 0.000000 0.036512 10.208278 0.000000 -0.102068 0.000000 -0.003597
1573040263.608278 0.000000 0.000000 0.047285 10.324396 0.000000 -0.102068 0.000000 -0.004101
1573040263.628142 0.000000 0.000000 0.047884 10.251971 0.000000 -0.102068 0.000000 -0.005509
1573040263.648584 0.000000 0.000000 0.034117 10.233417 0.000000 -0.102068 0.000000 -0.004887
1573040263.668210 0.000000 0.000000 0.034117 10.195707 0.000000 -0.102068 0.000000 -0.002212
1573040263.688122 0.000000 0.000000 0.049680 10.229825 0.000000 -0.102068 0.000000 -0.004770
1573040263.708183 0.000000 0.000000 0.034117 10.223840 0.000000 -0.102068 0.000000 -0.004613
1573040263.728206 0.000000 0.000000 0.061651 10.175956 0.000000 -0.102068 0.000000 -0.003538
1573040263.748254 0.000000 0.000662 0.043096 10.304644 -0.001325 -0.102097 0.000000 -0.004462
1573040263.768276 0.000000 0.000000 0.047884 10.168773 0.000000 -0.102097 0.000000 -0.004423
1573040263.788105 0.000000 -0.000662 0.026336 10.183737 0.001325 -0.102068 0.000000 -0.002374
1573040263.808179 0.000000 0.000000 0.041300 10.290877 0.000000 -0.102068 0.000000 -0.001375
1573040263.828212 0.000000 0.000000 0.063446 10.205883 0.000000 -0.102068 0.000000 -0.005462
1573040263.848230 0.000000 0.000000 0.040103 10.205284 0.000000 -0.102068 0.000000 -0.003061
1573040263.868235 0.000000 0.000000 0.029329 10.191518 0.000000 -0.102068 0.000000 -0.005037
1573040263.888214 0.000000 0.000000 0.026935 10.214263 0.000000 -0.102068 0.000000 -0.003161
1573040263.908277 0.000000 0.000000 0.029329 10.230424 0.000000 -0.102068 0.000000 -0.003951
1573040263.928129 0.000000 0.000000 0.040103 10.259154 0.000000 -0.102068 0.000000 -0.003339
1573040263.948170 0.000000 0.000000 0.012570 10.283096 0.000000 -0.102068 0.000000 -0.001363
1573040263.968250 0.000000 0.000000 0.029928 10.174759 0.000000 -0.102068 0.000000 -0.001687
1573040263.988228 0.000000 0.000000 0.043096 10.251971 0.000000 -0.102068 0.000000 -0.004072
1573040264.008185 0.000000 0.000000 0.035913 10.196905 0.000000 -0.102068 0.000000 -0.004000
1573040264.028236 0.000000 0.000000 0.020949 10.187926 0.000000 -0.102068 0.000000 -0.001985
1573040264.048819 0.000000 0.000000 0.052074 10.215460 0.000000 -0.102068 0.000000 -0.005148
1573040264.068138 0.000000 0.000000 0.022745 10.298059 0.000000 -0.102068 0.000000 -0.002319
1573040264.088267 0.000000 0.000000 0.040701 10.231022 0.000000 -0.102068 0.000000 -0.003784
1573040264.108178 0.000000 0.000000 0.047884 10.214861 0.000000 -0.102068 0.000000 -0.004620
1573040264.128142 0.000000 0.000000 0.003591 10.234613 0.000000 -0.102068 0.000000 -0.001883
1573040264.148175 0.000000 0.000000 0.018555 10.251373 0.000000 -0.102068 0.000000 -0.002267
1573040264.168510 0.000000 0.000000 0.022745 10.204686 0.000000 -0.102068 0.000000 -0.000432
1573040264.188120 0.000000 0.000000 0.019752 10.245387 0.000000 -0.102068 0.000000 -0.001538
1573040264.208201 0.000000 0.000000 0.049081 10.223241 0.000000 -0.102068 0.000000 -0.003352
1573040264.228207 0.000000 0.000000 0.014365 10.168175 0.000000 -0.102068 0.000000 -0.003627
1573040264.248080 0.000000 0.000000 0.030526 10.260351 0.000000 -0.102068 0.000000 -0.002843
1573040264.268168 0.000000 0.000000 0.030526 10.283694 0.000000 -0.102068 0.000000 -0.004641
1573040264.288084 0.000000 0.000662 0.050278 10.198102 -0.001325 -0.102097 0.000000 -0.005456
1573040264.308096 0.000000 -0.000662 0.021548 10.215460 0.001325 -0.102068 0.000000 -0.002008
1573040264.328089 0.000000 0.000000 0.051475 10.317812 0.000000 -0.102068 0.000000 -0.005439
1573040264.348041 0.000000 0.000000 0.047884 10.295067 0.000000 -0.102068 0.000000 -0.004255
1573040264.368296 0.000000 0.000000 0.030526 10.258555 0.000000 -0.102068 0.000000 -0.002547
1573040264.388232 0.000000 0.000000 0.035314 10.308235 0.000000 -0.102068 0.000000 -0.002761
1573040264.408232 0.000000 0.000000 0.035913 10.164583 0.000000 -0.102068 0.000000 -0.002801
1573040264.428294 0.000000 0.000000 0.026336 10.232220 0.000000 -0.102068 0.000000 -0.002847
1573040264.448175 0.000000 0.000000 0.035913 10.294469 0.000000 -0.102068 0.000000 -0.004337
1573040264.468210 0.000000 0.000000 0.028132 10.235810 0.000000 -0.102068 0.000000 -0.004437
1573040264.488111 0.000000 0.000000 0.046088 10.226233 0.000000 -0.102068 0.000000 -0.002149
1573040264.508384 0.000000 0.000000 0.033519 10.239402 0.000000 -0.102068 0.000000 -0.003478
1573040264.528185 0.000000 0.000000 0.063446 10.230424 0.000000 -0.102068 0.000000 -0.003141
1573040264.548338 0.000000 0.000000 0.022745 10.222643 0.000000 -0.102068 0.000000 -0.003812
1573040264.568181 0.000000 0.000000 0.050877 10.166379 0.000000 -0.102068 0.000000 -0.004844
1573040264.588118 0.000000 0.000000 0.032920 10.227431 0.000000 -0.102068 0.000000 -0.004272
1573040264.608093 0.000000 0.000000 0.017358 10.186729 0.000000 -0.102068 0.000000 -0.001868
1573040264.628152 0.000000 0.000000 0.026935 10.219649 0.000000 -0.102068 0.000000 -0.004501
1573040264.648216 0.000000 0.000000 0.049081 10.257359 0.000000 -0.102068 0.000000 -0.004800
1573040264.668072 0.000000 0.000000 0.025139 10.226832 0.000000 -0.102068 0.000000 -0.002529
1573040264.688105 0.000000 0.000000 0.044891 10.210671 0.000000 -0.102068 0.000000 -0.001546
1573040264.708144 0.000000 0.000000 0.035913 10.220847 0.000000 -0.102068 0.000000 -0.003760
1573040264.728226 0.000000 0.000000 0.019752 10.255563 0.000000 -0.102068 0.000000 -0.002160
1573040264.748191 0.000000 0.000000 0.037709 10.141240 0.000000 -0.102068 0.000000 -0.003588
1573040264.768033 0.000000 0.000000 0.033519 10.196306 0.000000 -0.102068 0.000000 -0.003237
1573040264.788071 0.000000 0.000000 0.043694 10.238804 0.000000 -0.102068 0.000000 -0.004409
1573040264.808092 0.000000 0.000000 0.015562 10.168175 0.000000 -0.102068 0.000000 -0.002445
1573040264.828130 0.000000 0.000000 0.050278 10.205284 0.000000 -0.102068 0.000000 -0.005620
1573040264.848302 0.000000 0.000000 0.045490 10.285490 0.000000 -0.102068 0.000000 -0.003634
1573040264.868261 0.000000 0.000000 0.058059 10.256760 0.000000 -0.102068 0.000000 -0.003887
1573040264.888199 0.000000 0.000000 0.035314 10.205883 0.000000 -0.102068 0.000000 -0.003123
1573040264.908317 0.000000 0.000000 0.046088 10.196306 0.000000 -0.102068 0.000000 -0.001977
1573040264.928095 0.000000 0.000000 0.032920 10.155605 0.000000 -0.102068 0.000000 -0.003954
1573040264.948074 0.000000 0.000000 0.016161 10.180744 0.000000 -0.102068 0.000000 -0.001905
1573040264.968039 0.000000 0.000662 0.030526 10.266336 -0.001325 -0.102097 0.000000 -0.003474
1573040264.988176 0.000000 -0.000634 0.016759 10.218452 0.001267 -0.102068 0.000000 -0.002898
1573040265.008207 0.000000 0.000000 0.044293 10.244789 0.000000 -0.102068 0.000000 -0.003597
1573040265.028288 0.000000 0.000000 0.036512 10.272921 0.000000 -0.102068 0.000000 -0.003453
1573040265.048223 0.000000 0.000000 0.021548 10.226233 0.000000 -0.102068 0.000000 -0.003872
1573040265.068196 0.000000 0.000000 0.046088 10.238804 0.000000 -0.102068 0.000000 -0.002788
1573040265.088109 0.000000 0.000000 0.022146 10.241796 0.000000 -0.102068 0.000000 -0.001888
1573040265.108285 0.000000 0.000000 0.039504 10.184934 0.000000 -0.102068 0.000000 -0.003366
1573040265.128104 0.000000 0.000000 0.001197 10.168773 0.000000 -0.102068 0.000000 -0.000987
1573040265.148082 0.000000 0.000662 0.043096 10.216059 -0.001325 -0.102097 0.000000 -0.004219
1573040265.168172 0.000000 0.000000 0.037709 10.257957 0.000000 -0.102097 0.000000 -0.003463
1573040265.188154 0.000000 -0.000662 0.037110 10.210671 0.001325 -0.102068 0.000000 -0.003382
1573040265.208421 0.000000 0.000000 0.034716 10.252570 0.000000 -0.102068 0.000000 -0.003666
1573040265.228047 0.000000 0.000662 0.042497 10.223241 -0.001325 -0.102097 0.000000 -0.004092
1573040265.248301 0.000000 0.000662 0.044891 10.207080 -0.001325 -0.102097 0.000000 -0.002895
1573040265.268188 0.000000 -0.000662 0.034117 10.232220 0.001325 -0.102068 0.000000 -0.002237
1573040265.288307 0.000000 0.000000 0.038906 10.259752 0.000000 -0.102068 0.000000 -0.002250
1573040265.308179 0.000000 0.000000 0.025139 10.222044 0.000000 -0.102068 0.000000 -0.003522
1573040265.328289 0.000000 0.000000 0.059855 10.253767 0.000000 -0.102068 0.000000 -0.002841
1573040265.348084 0.000000 0.000000 0.018555 10.250774 0.000000 -0.102068 0.000000 -0.002523
1573040265.368625 0.000000 0.000000 0.041300 10.268132 0.000000 -0.102068 0.000000 -0.004410
1573040265.388579 0.000000 0.000000 0.014964 10.260950 0.000000 -0.102068 0.000000 -0.002627
1573040265.408196 0.000000 0.000000 0.034117 10.214263 0.000000 -0.102068 0.000000 -0.004046
1573040265.428266 0.000000 0.000000 0.043694 10.167576 0.000000 -0.102068 0.000000 -0.005431
1573040265.448086 0.000000 0.000000 0.029928 10.210671 0.000000 -0.102068 0.000000 -0.002866
1573040265.468193 0.000000 0.000000 0.019752 10.249578 0.000000 -0.102068 0.000000 -0.001804
1573040265.488301 0.000000 0.000000 0.035314 10.228628 0.000000 -0.102068 0.000000 -0.001313
1573040265.508166 0.000000 0.000000 0.021548 10.215460 0.000000 -0.102068 0.000000 -0.001886
1573040265.528185 0.000000 0.000000 0.026336 10.212467 0.000000 -0.102068 0.000000 -0.004305
1573040265.548091 0.000000 0.000000 0.058059 10.266336 0.000000 -0.102068 0.000000 -0.004664
1573040265.568081 0.000000 0.000000 0.035314 10.177752 0.000000 -0.102068 0.000000 -0.003433
1573040265.588138 0.000000 0.000000 0.035314 10.287286 0.000000 -0.102068 0.000000 -0.003530
1573040265.608037 0.000000 0.000000 0.038307 10.209475 0.000000 -0.102068 0.000000 -0.004700
1573040265.628129 0.000000 0.000000 0.035913 10.191518 0.000000 -0.102068 0.000000 -0.003044
1573040265.648340 0.000000 0.000000 0.021548 10.208278 0.000000 -0.102068 0.000000 -0.002303
1573040265.668211 0.000000 0.000000 0.032920 10.239402 0.000000 -0.102068 0.000000 -0.002902
1573040265.688143 0.000000 0.000000 0.026935 10.212467 0.000000 -0.102068 0.000000 -0.004605
1573040265.708211 0.000000 0.000000 0.055067 10.231022 0.000000 -0.102068 0.000000 -0.002952
1573040265.728132 0.000000 0.000000 0.028730 10.283096 0.000000 -0.102068 0.000000 -0.002830
1573040265.748287 0.000000 0.000000 0.022745 10.260950 0.000000 -0.102068 0.000000 -0.003313
1573040265.768210 0.000000 0.000000 0.046088 10.211868 0.000000 -0.102068 0.000000 -0.005656
1573040265.788283 0.000000 0.000000 0.025738 10.223840 0.000000 -0.102068 0.000000 -0.004097
1573040265.808278 0.000000 0.000000 0.039504 10.226832 0.000000 -0.102068 0.000000 -0.003999
1573040265.828222 0.000000 0.000000 0.029928 10.213066 0.000000 -0.102068 0.000000 -0.002953
1573040265.848007 0.000000 0.000000 0.026336 10.267534 0.000000 -0.102068 0.000000 -0.003355
1573040265.868280 0.000000 0.000000 0.026336 10.251971 0.000000 -0.102068 0.000000 -0.003800
1573040265.888353 0.000000 0.000000 0.027533 10.216657 0.000000 -0.102068 0.000000 -0.001838
1573040265.908185 0.000000 0.000000 0.014365 10.253169 0.000000 -0.102068 0.000000 -0.002085
1573040265.928135 0.000000 0.000000 0.029329 10.271724 0.000000 -0.102068 0.000000 -0.003526
1573040265.948182 0.000000 0.000000 0.052672 10.249578 0.000000 -0.102068 0.000000 -0.004118
1573040265.968198 0.000000 0.000000 0.050278 10.160394 0.000000 -0.102068 0.000000 -0.004821
1573040265.988449 0.000000 0.000000 0.040701 10.220847 0.000000 -0.102068 0.000000 -0.003852
1573040266.008257 0.000000 0.000000 0.051475 10.162189 0.000000 -0.102068 0.000000 -0.003388
1573040266.028230 0.000000 0.000000 0.026935 10.251373 0.000000 -0.102068 0.000000 -0.004853
1573040266.048038 0.000000 0.000634 0.051475 10.314220 -0.001267 -0.102097 0.000000 -0.003197
1573040266.068139 0.000000 0.000634 0.036512 10.250175 -0.001267 -0.102097 0.000000 -0.002497
1573040266.088170 0.000000 -0.000662 0.043096 10.210073 0.001325 -0.102068 0.000000 -0.003753
1573040266.108187 0.000000 0.000000 0.047285 10.242394 0.000000 -0.102068 0.000000 -0.003306
1573040266.128204 0.000000 0.000000 0.009577 10.189722 0.000000 -0.102068 0.000000 -0.005542
1573040266.148176 0.000000 0.000000 0.067636 10.202291 0.000000 -0.102068 0.000000 -0.003961
1573040266.168140 0.000000 0.000000 0.023942 10.217256 0.000000 -0.102068 0.000000 -0.001912
1573040266.188366 0.000000 0.000000 0.041899 10.223241 0.000000 -0.102068 0.000000 -0.003960
1573040266.208085 0.000000 0.000000 0.030526 10.126875 0.000000 -0.102068 0.000000 -0.003148
1573040266.228296 0.000000 0.000000 0.035314 10.221445 0.000000 -0.102068 0.000000 -0.003331
1573040266.248167 0.000000 0.000000 0.034117 10.287885 0.000000 -0.102068 0.000000 -0.002730
1573040266.268141 0.000000 0.000000 0.043096 10.230424 0.000000 -0.102068 0.000000 -0.002983
1573040266.288219 0.000000 0.000000 0.035314 10.203489 0.000000 -0.102068 0.000000 -0.002407
1573040266.308116 0.000000 0.000000 0.041300 10.238804 0.000000 -0.102068 0.000000 -0.004330
1573040266.328137 0.000000 0.000000 0.056862 10.204087 0.000000 -0.102068 0.000000 -0.005572
1573040266.348154 0.000000 0.000000 0.044891 10.134057 0.000000 -0.102068 0.000000 -0.006211
1573040266.368176 0.000000 0.000000 0.019752 10.203489 0.000000 -0.102068 0.000000 -0.002227
1573040266.388243 0.000000 0.000000 0.026935 10.223840 0.000000 -0.102068 0.000000 -0.002538
1573040266.408166 0.000000 0.000000 0.047285 10.196306 0.000000 -0.102068 0.000000 -0.004873
1573040266.428179 0.000000 0.000000 0.045490 10.271125 0.000000 -0.102068 0.000000 -0.005750
1573040266.448070 0.000000 0.000000 0.061651 10.240599 0.000000 -0.102068 0.000000 -0.003579
1573040266.468063 0.000000 0.000000 0.027533 10.202291 0.000000 -0.102068 0.000000 -0.003787
1573040266.488260 0.000000 0.000000 0.004788 10.232220 0.000000 -0.102068 0.000000 -0.004117
1573040266.508288 0.000000 0.000000 0.042497 10.225037 0.000000 -0.102068 0.000000 -0.004765
1573040266.528184 0.000000 0.000000 0.053271 10.237008 0.000000 -0.102068 0.000000 -0.002732
1573040266.548142 0.000000 0.000000 0.023343 10.131663 0.000000 -0.102068 0.000000 -0.001138
1573040266.568199 0.000000 0.000000 0.048483 10.321404 0.000000 -0.102068 0.000000 -0.003880
1573040266.588044 0.000000 0.000000 0.051475 10.285490 0.000000 -0.102068 0.000000 -0.004995
1573040266.608212 0.000000 0.000000 0.022146 10.227431 0.000000 -0.102068 0.000000 -0.003576
1573040266.628163 0.000000 0.000000 0.022146 10.290278 0.000000 -0.102068 0.000000 -0.001923
1573040266.648152 0.000000 0.000000 0.044891 10.198102 0.000000 -0.102068 0.000000 -0.004269
1573040266.668169 0.000000 0.000000 0.046088 10.228029 0.000000 -0.102068 0.000000 -0.003016
1573040266.688149 0.000000 0.000000 0.039504 10.237606 0.000000 -0.102068 0.000000 -0.003970
1573040266.708245 0.000000 0.000000 0.028132 10.259752 0.000000 -0.102068 0.000000 -0.004556
1573040266.728173 0.000000 0.000000 0.031125 10.207080 0.000000 -0.102068 0.000000 -0.002812
1573040266.748201 0.000000 0.000000 0.036512 10.281301 0.000000 -0.102068 0.000000 -0.003184
1573040266.768274 0.000000 0.000000 0.054468 10.289680 0.000000 -0.102068 0.000000 -0.005670
1573040266.788159 0.000000 0.000000 0.012570 10.233417 0.000000 -0.102068 0.000000 -0.002560
1573040266.808292 0.000000 0.000000 0.041300 10.285490 0.000000 -0.102068 0.000000 -0.002556
1573040266.828245 0.000000 0.000000 0.049680 10.181342 0.000000 -0.102068 0.000000 -0.004854
1573040266.848217 0.000000 0.000000 0.017358 10.166977 0.000000 -0.102068 0.000000 -0.002365
1573040266.868260 0.000000 0.000000 0.034117 10.226233 0.000000 -0.102068 0.000000 -0.002191
1573040266.888051 0.000000 0.000000 0.040701 10.259752 0.000000 -0.102068 0.000000 -0.003055
1573040266.908208 0.000000 0.000000 0.040701 10.218452 0.000000 -0.102068 0.000000 -0.003955
1573040266.928061 0.000000 -0.000662 0.038307 10.226832 0.001325 -0.102068 0.000000 -0.002892
1573040266.948262 0.000000 -0.000662 0.041300 10.251971 0.001325 -0.102068 0.000000 -0.003576
1573040266.968208 0.000000 0.000000 0.044891 10.220248 0.000000 -0.102068 0.000000 -0.004039
1573040266.988270 0.000000 0.000000 0.046088 10.198102 0.000000 -0.102068 0.000000 -0.004743
1573040267.008117 0.000000 0.000000 0.028132 10.311827 0.000000 -0.102068 0.000000 -0.003998
1573040267.028160 0.000000 0.000000 0.017957 10.190321 0.000000 -0.102068 0.000000 -0.002016
1573040267.048385 0.000000 0.000000 0.042497 10.172963 0.000000 -0.102068 0.000000 -0.002798
1573040267.068157 0.000000 0.000000 0.039504 10.237606 0.000000 -0.102068 0.000000 -0.004140
1573040267.088119 0.000000 0.000000 0.047884 10.190919 0.000000 -0.102068 0.000000 -0.004474
1573040267.108409 0.000000 0.000000 0.026336 10.231621 0.000000 -0.102068 0.000000 -0.002648
1573040267.128100 0.000000 0.000000 0.032920 10.231022 0.000000 -0.102068 0.000000 -0.002022
1573040267.148288 0.000000 -0.000662 0.048483 10.263344 0.001325 -0.102068 0.000000 -0.004201
1573040267.168373 0.000000 -0.000662 0.038307 10.204686 0.001325 -0.102068 0.000000 -0.002966
1573040267.188161 0.000000 0.000000 0.026935 10.192715 0.000000 -0.102068 0.000000 -0.002749
1573040267.208260 0.000000 0.000000 0.046088 10.266336 0.000000 -0.102068 0.000000 -0.003426
1573040267.228244 0.000000 0.000000 0.046687 10.205284 0.000000 -0.102068 0.000000 -0.002933
1573040267.248258 0.000000 0.000000 0.060454 10.256162 0.000000 -0.102068 0.000000 -0.003308
1573040267.268238 0.000000 -0.000662 0.039504 10.245986 0.001325 -0.102068 0.000000 -0.005493
1573040267.288136 0.000000 -0.000662 0.025738 10.224438 0.001325 -0.102068 0.000000 -0.004610
1573040267.308247 0.000000 0.000000 0.046088 10.247782 0.000000 -0.102068 0.000000 -0.004459
1573040267.328204 0.000000 0.000000 0.045490 10.282497 0.000000 -0.102068 0.000000 -0.003598
1573040267.348126 0.000000 0.000000 0.044293 10.220847 0.000000 -0.102068 0.000000 -0.003852
1573040267.368462 0.000000 0.000000 0.044891 10.256162 0.000000 -0.102068 0.000000 -0.003936
1573040267.388098 0.000000 0.000000 0.005387 10.208876 0.000000 -0.102068 0.000000 -0.001641
1573040267.408202 0.000000 -0.000662 0.029329 10.201095 0.001325 -0.102068 0.000000 -0.002165
1573040267.428190 0.000000 -0.000662 0.040103 10.206482 0.001325 -0.102068 0.000000 -0.003908
1573040267.448129 0.000000 0.000000 0.020949 10.251373 0.000000 -0.102068 0.000000 -0.002154
1573040267.468213 0.000000 0.000000 0.021548 10.207679 0.000000 -0.102068 0.000000 -0.001394
1573040267.488239 0.000000 0.000000 0.043694 10.266935 0.000000 -0.102068 0.000000 -0.004185
1573040267.508253 0.000000 0.000000 0.013767 10.263943 0.000000 -0.102068 0.000000 -0.003243
1573040267.528236 0.000000 0.000000 0.024541 10.224438 0.000000 -0.102068 0.000000 -0.002716
1573040267.548289 0.016000 -0.000634 0.030526 10.176554 0.001267 -0.102068 0.000000 -0.002066
1573040267.568219 0.032000 0.023366 0.032920 10.205284 0.001267 -0.102068 0.000000 -0.003827
1573040267.588282 0.048000 0.048000 0.025738 10.289082 0.000000 -0.102068 0.000000 -0.002674
1573040267.608139 0.064000 0.072000 0.064643 10.147225 0.000000 -0.102068 0.000000 -0.003320
1573040267.628190 0.080000 0.096000 0.111929 10.193913 0.000000 -0.102068 0.000000 -0.005371
1573040267.648202 0.096000 0.120000 0.570419 10.409390 0.000000 -0.102068 -0.008514 -0.008054
1573040267.668196 0.112000 0.053279 1.557428 10.320805 0.021197 -0.101573 -0.020220 -0.012789
1573040267.688092 0.128000 0.060938 1.534683 10.398018 0.021197 -0.101573 -0.010642 -0.017590
1573040267.708236 0.144000 0.156893 1.017536 10.094553 0.070214 -0.099068 -0.005321 -0.022163
1573040267.728281 0.160000 0.089952 -0.068235 10.244789 0.070214 -0.099068 0.013835 -0.020402
1573040267.748141 0.176000 0.204893 -0.001796 10.369287 0.070214 -0.099068 0.000000 -0.016158
1573040267.768192 0.192000 0.217747 0.831387 10.359112 0.092506 -0.095135 -0.009578 -0.017697
1573040267.788237 0.208000 0.129983 0.642245 9.776723 0.092506 -0.095135 -0.015963 -0.019799
1573040267.808353 0.224000 0.255696 0.898424 10.583569 0.112608 -0.090271 0.000000 -0.019511
1573040267.828254 0.240000 0.149848 1.004368 10.204686 0.112608 -0.090271 -0.018091 -0.023075
1573040267.848202 0.256000 0.174262 0.896030 10.858902 0.144403 -0.084358 0.028733 -0.027305
1573040267.868248 0.272000 0.311798 1.087566 9.797073 0.144403 -0.084358 0.005321 -0.031294
1573040267.888317 0.288000 0.167232 0.409408 10.003573 0.178848 -0.076784 0.026605 -0.034526
1573040267.908280 0.304000 0.342576 0.069432 10.364499 0.178848 -0.076784 0.000000 -0.030086
1573040267.928125 0.320000 0.132194 1.002572 10.208278 0.222567 -0.067870 -0.045761 -0.035183
1573040267.948323 0.336000 0.368717 0.590769 10.044274 0.222567 -0.067870 0.004257 -0.034726
1573040267.968100 0.352000 0.162043 0.817620 10.129868 0.222567 -0.067870 -0.041504 -0.039494
1573040267.988063 0.368000 0.259292 -0.017358 10.263344 0.234432 -0.057704 0.046825 -0.037790
1573040268.008278 0.384000 0.385107 -0.911592 10.919355 0.234432 -0.057704 0.153245 -0.034454
1573040268.028398 0.400000 0.382144 -1.244985 10.844537 0.210643 -0.047742 0.072366 -0.029285
1573040268.048028 0.400000 0.494678 -0.232836 9.466673 0.210643 -0.047742 0.000000 -0.024736
1573040268.068117 0.400000 0.259889 2.475006 9.394847 0.245088 -0.037401 -0.085136 -0.029892
1573040268.088091 0.400000 0.247057 2.672528 10.387842 0.245088 -0.037401 -0.061724 -0.036204
1573040268.108235 0.400000 0.429763 1.860893 8.691550 0.340474 -0.023506 0.000000 -0.040911
1573040268.128229 0.400000 0.302592 -0.137667 10.676344 0.340474 -0.023506 0.084072 -0.038886
1573040268.148104 0.400000 0.429763 -0.788291 8.836400 0.340474 -0.023506 0.000000 -0.033813
1573040268.168204 0.400000 0.213246 0.644040 9.591770 0.339149 -0.008155 -0.040440 -0.036966
1573040268.188221 0.400000 0.256425 0.028730 9.305065 0.339149 -0.008155 0.013835 -0.037014
1573040268.208317 0.400000 0.294401 -0.212485 11.638214 0.356084 0.007925 0.058531 -0.034876
1573040268.228650 0.400000 0.333226 -2.123657 10.263943 0.356084 0.007925 0.078751 -0.030346
1573040268.248167 0.400000 0.337173 -1.824980 7.753024 0.296756 0.021616 0.012770 -0.024933
1573040268.268188 0.400000 0.286246 -0.529119 10.809820 0.296756 0.021616 -0.070237 -0.021837
1573040268.288202 0.400000 0.274523 0.954688 9.802460 0.294106 0.034345 -0.060659 -0.025979
1573040268.308554 0.400000 0.274538 1.580772 11.252748 0.294106 0.034345 -0.027669 -0.031255
1573040268.328266 0.400000 0.323360 0.582988 9.094375 0.294106 0.034345 0.052146 -0.034261
1573040268.348187 0.400000 0.319405 -0.454300 11.361684 0.292781 0.047045 0.014899 -0.029225
1573040268.368177 0.400000 0.306829 -0.527323 10.171765 0.292781 0.047045 -0.024477 -0.025440
1573040268.388282 0.400000 0.302200 -0.529119 9.701305 0.302055 0.060065 -0.029798 -0.024587
1573040268.408848 0.400000 0.299323 0.410007 11.513117 0.302055 0.060065 0.005321 -0.028891
1573040268.428281 0.400000 0.326541 0.890044 12.767679 0.306029 0.073668 0.035119 -0.029708
1573040268.448238 0.400000 0.337841 -0.647632 9.816825 0.306029 0.073668 0.015963 -0.024383
1573040268.468114 0.400000 0.319367 -0.000599 10.309432 0.290189 0.087009 -0.030862 -0.022170
1573040268.488264 0.400000 0.313636 0.231040 9.643845 0.290189 0.087009 -0.038311 -0.022124
1573040268.508232 0.400000 0.300581 0.736816 10.171765 0.290189 0.087009 -0.025541 -0.026778
1573040268.528281 0.400000 0.335230 0.778116 12.033257 0.316628 0.107981 0.055338 -0.030145
1573040268.548116 0.400000 0.348924 -0.261567 8.100781 0.316628 0.107981 0.041504 -0.025193
1573040268.568333 0.400000 0.442867 -0.498592 10.307038 0.314266 0.122167 -0.011706 -0.021377
1573040268.588200 0.400000 0.320270 -0.560842 11.247361 0.329876 0.129419 -0.024477 -0.019042
1573040268.608353 0.400000 0.267353 0.465672 9.942521 0.351072 0.137138 -0.070237 -0.020184
1573040268.628645 0.400000 0.252655 1.859696 11.218631 0.351072 0.137138 -0.059595 -0.024827
1573040268.648304 0.400000 0.352860 0.080804 10.559028 0.345773 0.144741 0.076622 -0.027110
1573040268.668162 0.400000 0.427113 -2.144008 10.909180 0.345773 0.144741 0.009578 -0.021564
1573040268.688394 0.400000 0.367399 -1.198298 9.843760 0.309197 0.159247 0.010642 -0.017303
1573040268.708308 0.400000 0.355702 -0.276530 10.736797 0.309197 0.159247 -0.023412 -0.014194
1573040268.728153 0.400000 0.316142 1.529296 10.405799 0.309197 0.159247 -0.043632 -0.018871
1573040268.748277 0.400000 0.304923 1.180341 8.643666 0.329876 0.173694 -0.014899 -0.023644
1573040268.768172 0.400000 0.290370 0.029928 9.825205 0.329876 0.173694 -0.018091 -0.026044
1573040268.788238 0.400000 0.420489 -0.082600 9.627085 0.359021 0.189074 -0.007449 -0.025225
1573040268.808189 0.400000 0.327311 -0.748188 11.350311 0.359021 0.189074 0.017027 -0.021360
1573040268.828171 0.400000 0.377392 -0.693121 11.049241 0.353722 0.204919 0.053210 -0.017663
1573040268.848250 0.400000 0.423139 0.456694 9.517550 0.353722 0.204919 -0.006385 -0.018646
1573040268.868107 0.400000 0.421152 0.344765 11.176732 0.357696 0.220357 -0.009578 -0.018522
1573040268.888210 0.400000 0.318337 0.069432 11.328764 0.357696 0.220357 -0.017027 -0.017839
1573040268.908144 0.400000 0.270719 1.448492 10.161591 0.356084 0.236320 -0.043632 -0.023267
1573040268.928215 0.400000 0.421958 0.310049 8.273763 0.356084 0.236320 0.004257 -0.026902
1573040268.948303 0.400000 0.323184 -1.077391 10.741586 0.356084 0.236320 0.021284 -0.023160
1573040268.968247 0.400000 0.342447 -1.507150 10.946290 0.384193 0.253330 0.031926 -0.018200
1573040268.988162 0.400000 0.368581 -0.508169 10.250774 0.384193 0.253330 0.042568 -0.014675
1573040269.008114 0.400000 0.373887 0.146645 9.085397 0.344679 0.269409 0.022348 -0.014330
1573040269.028173 0.400000 0.427661 0.283713 9.721656 0.344679 0.269409 0.005321 -0.016880
1573040269.048159 0.400000 0.315061 -0.183755 10.578780 0.360346 0.285225 -0.026605 -0.016696
1573040269.068161 0.400000 0.315459 0.691326 11.620257 0.360346 0.285225 -0.028733 -0.016276
1573040269.088326 0.400000 0.281617 1.057040 9.964068 0.377569 0.301420 -0.031926 -0.020812
1573040269.108182 0.400000 0.327885 -0.382474 9.147047 0.377569 0.301420 0.032990 -0.021945
1573040269.128054 0.400000 0.340395 -0.374094 10.160394 0.361671 0.317557 0.013835 -0.017967
1573040269.148169 0.400000 0.360498 -1.180341 10.911574 0.361671 0.317557 0.010642 -0.013436
1573040269.168180 0.400000 0.400573 -0.700304 11.274296 0.361671 0.317557 0.031926 -0.008826
1573040269.188033 0.400000 0.406394 0.255581 7.947552 0.328551 0.332499 0.018091 -0.008761
1573040269.208181 0.400000 0.361255 0.390853 10.908582 0.328551 0.332499 -0.028733 -0.010297
1573040269.228460 0.400000 0.325413 1.593940 10.110714 0.315533 0.346888 -0.050017 -0.015785
1573040269.248175 0.400000 0.442233 0.764349 10.260950 0.315533 0.346888 -0.008514 -0.019371
1573040269.268103 0.400000 0.347390 1.125275 12.470798 0.364320 0.362704 0.055338 -0.022944
1573040269.288309 0.400000 0.378741 -0.711078 8.781932 0.364320 0.362704 0.067045 -0.018547
1573040269.308226 0.400000 0.266180 0.474052 9.978434 0.388167 0.379162 -0.042568 -0.021136
1573040269.328201 0.400000 0.405917 0.165798 10.571597 0.388167 0.379162 0.005321 -0.021038
1573040269.348175 0.400000 0.344882 -0.793678 11.010934 0.388167 0.396347 0.037247 -0.018166
1573040269.368214 0.400000 0.364646 -1.187524 8.993818 0.388167 0.396347 0.031926 -0.013362
1573040269.388363 0.400000 0.405917 -0.742801 10.603321 0.388167 0.396347 -0.025541 -0.010192
1573040269.408450 0.400000 0.342031 0.276530 9.541492 0.361671 0.412513 -0.037247 -0.010278
1573040269.428254 0.400000 0.341931 0.343568 9.605537 0.361671 0.412513 -0.026605 -0.011190
1573040269.448258 0.400000 0.364752 0.626084 8.605359 0.359021 0.428417 0.022348 -0.014723
1573040269.468195 0.400000 0.353087 0.134674 9.973645 0.359021 0.428417 0.019156 -0.016545
1573040269.488479 0.400000 0.337434 -0.051475 11.083957 0.365645 0.444321 -0.017027 -0.013224
1573040269.508363 0.400000 0.370780 0.099958 9.932345 0.365645 0.444321 0.036183 -0.015069
1573040269.528172 0.400000 0.429241 -1.013346 12.001534 0.344679 0.460458 0.064916 -0.010070
1573040269.548428 0.400000 0.375433 -0.247201 7.341819 0.344679 0.460458 -0.026605 -0.006189
1573040269.568205 0.400000 0.379727 0.159214 10.580576 0.344679 0.460458 -0.024477 -0.005670
1573040269.588242 0.400000 0.364886 1.114501 9.184157 0.357696 0.476128 -0.012770 -0.009210
1573040269.608169 0.400000 0.378977 1.402404 9.182362 0.357696 0.476128 0.015963 -0.010989
1573040269.628330 0.400000 0.385512 0.144849 8.967483 0.364954 0.492673 0.043632 -0.012845
1573040269.648225 0.400000 0.378534 -0.358532 8.281544 0.364954 0.492673 0.010642 -0.009500
1573040269.668162 0.400000 0.336362 0.017358 9.706094 0.394791 0.509508 -0.012770 -0.011205
1573040269.688346 0.400000 0.365454 -0.349553 12.458228 0.394791 0.509508 0.025541 -0.011517
1573040269.708191 0.400000 0.385176 -0.514753 8.590396 0.385517 0.526460 0.036183 -0.010202
1573040269.728232 0.400000 0.362750 -0.453103 10.844537 0.385517 0.526460 -0.013835 -0.006685
1573040269.748108 0.400000 0.407241 -0.295085 9.586384 0.385517 0.526460 -0.007449 -0.002690
1573040269.768160 0.400000 0.432019 0.181361 12.515689 0.372269 0.542974 0.046825 -0.003861
1573040269.788108 0.400000 0.427162 -0.495001 9.316437 0.372269 0.542974 0.022348 -0.000916
1573040269.808124 0.400000 0.385852 0.526724 8.060678 0.364320 0.559227 -0.026605 -0.002141
1573040269.828214 0.400000 0.351173 0.910994 10.398018 0.364320 0.559227 -0.044696 -0.006182
1573040269.848182 0.400000 0.411187 1.368885 9.709684 0.377626 0.576295 0.000000 -0.010693
1573040269.868246 0.400000 0.405474 -0.378284 13.305776 0.377626 0.576295 0.069173 -0.012210
1573040269.888163 0.400000 0.401280 -0.246603 8.997410 0.397441 0.593800 0.000000 -0.007874
1573040269.908130 0.400000 0.401280 -0.671574 9.955689 0.397441 0.593800 0.008514 -0.005117
1573040269.928249 0.400000 0.363982 0.132280 9.094974 0.409364 0.611654 -0.012770 -0.004224
1573040269.948169 0.400000 0.395318 0.205303 8.658630 0.409364 0.611654 0.000000 -0.005647
1573040269.968128 0.400000 0.336053 -0.289698 10.377667 0.409364 0.611654 -0.032990 -0.006575
1573040269.988136 0.400000 0.366411 -0.295684 10.451289 0.397441 0.629188 -0.014899 -0.004590
1573040270.008309 0.400000 0.397642 -0.661997 10.369886 0.397441 0.629188 0.012770 -0.002771
1573040270.028139 0.400000 0.405917 -0.926556 11.153388 0.388167 0.646576 0.008514 0.000652
1573040270.048468 0.400000 0.405917 -0.625485 10.184336 0.388167 0.646576 -0.005321 0.005002
1573040270.068220 0.400000 0.406377 0.305261 10.166977 0.365645 0.662799 -0.036183 0.003629
1573040270.088254 0.400000 0.417177 1.177349 8.803479 0.365645 0.662799 -0.006385 -0.001141
1573040270.108206 0.400000 0.410553 0.353145 11.028292 0.378893 0.679663 0.000000 -0.005137
1573040270.128177 0.400000 0.363598 0.176572 10.240001 0.378893 0.679663 -0.015963 -0.006837
1573040270.148341 0.400000 0.348414 0.465672 10.002975 0.378893 0.679663 -0.019156 -0.009363
1573040270.168226 0.400000 0.404217 0.269348 10.650606 0.391565 0.697285 0.000000 -0.011388
1573040270.188243 0.400000 0.365838 -0.578798 10.025121 0.391565 0.697285 0.011706 -0.009549
1573040270.208096 0.400000 0.392669 -0.174777 10.365098 0.414663 0.715343 0.000000 -0.007482
1573040270.228140 0.400000 0.350320 -0.614113 10.360908 0.414663 0.715343 -0.011706 -0.006597
1573040270.248208 0.400000 0.405485 -0.326809 9.369708 0.389031 0.733140 -0.005321 -0.002887
1573040270.268191 0.400000 0.423278 -0.116717 10.125677 0.389031 0.733140 0.019156 0.000494
1573040270.288259 0.400000 0.441707 -0.960673 9.467871 0.384193 0.750120 0.018091 0.003866
1573040270.308238 0.400000 0.408387 0.463278 10.610503 0.384193 0.750120 -0.031926 0.005205
1573040270.328176 0.400000 0.386216 0.961272 8.915408 0.390817 0.767013 -0.025541 0.000411
1573040270.348118 0.400000 0.369290 0.991798 10.847529 0.390817 0.767013 -0.023412 -0.003314
1573040270.368145 0.400000 0.404592 0.320224 9.369708 0.390817 0.767013 -0.008514 -0.003275
1573040270.388451 0.400000 0.397305 -0.119710 9.068637 0.405389 0.784751 -0.027669 -0.003585
1573040270.408413 0.400000 0.344288 0.330400 8.522759 0.405389 0.784751 -0.031926 -0.005495
1573040270.428294 0.400000 0.349864 -0.089184 9.218275 0.425261 0.803274 -0.015963 -0.004947
1573040270.448213 0.400000 0.389032 -1.182736 8.488044 0.425261 0.803274 0.018091 -0.002562
1573040270.468202 0.400000 0.370891 -0.930147 9.569025 0.393466 0.821099 -0.047889 0.001187
1573040270.488189 0.400000 0.390030 -0.497395 11.078569 0.393466 0.821099 -0.042568 0.004164
1573040270.508166 0.400000 0.413203 -0.575207 11.103110 0.373594 0.837933 0.000000 0.007977
1573040270.528091 0.400000 0.441011 0.136469 8.928576 0.373594 0.837933 -0.017027 0.008286
1573040270.548117 0.400000 0.389140 0.948104 11.547235 0.368295 0.854185 -0.059595 0.004193
1573040270.568240 0.400000 0.380041 0.736816 8.608951 0.368295 0.854185 -0.037247 -0.001203
1573040270.588155 0.400000 0.382196 0.993594 12.949638 0.368295 0.854185 -0.011706 -0.004858
1573040270.608207 0.400000 0.380134 0.602740 11.783662 0.398765 0.871456 0.015963 -0.006651
1573040270.628369 0.400000 0.400617 -0.581791 9.749787 0.398765 0.871456 0.009578 -0.006193
1573040270.648221 0.400000 0.333734 -0.065242 10.192715 0.385229 0.889106 -0.038311 -0.008600
1573040270.668123 0.400000 0.392302 0.178368 8.331223 0.385229 0.889106 0.022348 -0.006592
1573040270.688148 0.400000 0.421818 -0.651223 11.838729 0.401415 0.907018 0.046825 -0.002987
1573040270.708200 0.400000 0.354142 -0.936133 8.718485 0.401415 0.907018 -0.050017 -0.001027
1573040270.728270 0.400000 0.379405 -0.336385 10.188525 0.375092 0.924114 -0.045761 0.000712
1573040270.748047 0.400000 0.412454 0.858321 10.053851 0.375092 0.924114 0.006385 -0.003161
1573040270.768105 0.400000 0.413168 0.381277 9.297283 0.376244 0.940803 0.021284 -0.003147
1573040270.788046 0.400000 0.365691 0.214281 7.779360 0.376244 0.940803 -0.030862 -0.004300
1573040270.808106 0.400000 0.342468 -0.071826 11.443087 0.376244 0.940803 -0.057467 -0.004687
1573040270.828193 0.400000 0.334645 0.408211 9.093178 0.386842 0.957462 -0.005321 -0.009602
1573040270.848207 0.400000 0.402614 0.719458 11.868656 0.386842 0.957462 0.072366 -0.012372
1573040270.868216 0.400000 0.398700 -1.048660 9.852139 0.373594 0.974325 0.029798 -0.007668
1573040270.888184 0.400000 0.343415 -0.989404 10.603321 0.373594 0.974325 -0.060659 -0.004252
1573040270.908348 0.400000 0.368503 0.064045 9.157822 0.370944 0.990780 -0.032990 -0.003927
1573040270.928320 0.400000 0.399829 0.380678 13.072940 0.370944 0.990780 0.026605 -0.007196
1573040270.948060 0.400000 0.419827 -0.473453 8.333617 0.360346 1.007031 0.009578 -0.003525
1573040270.968290 0.400000 0.357167 0.116717 9.657012 0.360346 1.007031 -0.060659 -0.002826
1573040270.988281 0.400000 0.355100 0.691326 9.873089 0.360346 1.007031 -0.043632 -0.005964
1573040271.008206 0.400000 0.376685 0.912789 10.125079 0.384193 1.023485 0.010642 -0.007946
1573040271.028159 0.400000 0.420651 -0.912191 12.905944 0.384193 1.023485 0.058531 -0.006815
1573040271.048132 0.400000 0.380552 -0.036512 7.326856 0.352282 1.039940 -0.030862 -0.003724
1573040271.067987 0.384000 0.368748 0.310049 10.411186 0.352282 1.039940 -0.048953 -0.003190
1573040271.088041 0.368000 0.321907 0.982221 9.397840 0.389492 1.056627 -0.023412 -0.008123
1573040271.108008 0.352000 0.347451 0.177171 12.588713 0.389492 1.056627 0.048953 -0.009793
1573040271.127984 0.336000 0.288934 -0.131083 7.777564 0.373594 1.073285 -0.019156 -0.007389
1573040271.148216 0.320000 0.269857 -1.425747 10.954670 0.373594 1.073285 -0.035119 -0.003850
1573040271.168133 0.304000 0.262603 -0.341772 10.735600 0.369620 1.089914 -0.036183 -0.000728
1573040271.188141 0.288000 0.307047 -0.775721 10.810419 0.369620 1.089914 0.031926 0.002063
1573040271.208647 0.272000 0.288078 -1.076792 8.395866 0.369620 1.089914 0.000000 0.006477
1573040271.228278 0.256000 0.266735 -0.987608 10.076596 0.311328 1.104387 -0.027669 0.007307
1573040271.248225 0.240000 0.243149 -0.517148 11.310807 0.311328 1.104387 -0.046825 0.010455
1573040271.268231 0.224000 0.233564 0.076016 9.934141 0.298080 1.117725 -0.017027 0.007245
1573040271.288230 0.208000 0.219406 -0.327407 11.469423 0.298080 1.117725 -0.020220 0.009724
1573040271.308297 0.192000 0.247830 -0.283713 8.866926 0.262311 1.129724 0.013835 0.011183
1573040271.328331 0.176000 0.214694 -0.749984 10.467449 0.262311 1.129724 -0.020220 0.014805
1573040271.348070 0.160000 0.202610 -0.552462 10.241796 0.251712 1.140907 -0.032990 0.018172
1573040271.368307 0.144000 0.163149 0.380678 10.143634 0.251712 1.140907 -0.034054 0.015250
1573040271.388072 0.128000 0.090144 -0.052672 10.147823 0.251712 1.140907 -0.006385 0.013340
1573040271.408317 0.112000 0.155140 -0.118513 9.575609 0.229191 1.151362 0.019156 0.012482
1573040271.428424 0.096000 0.155282 -1.175553 11.134234 0.229191 1.151362 0.025541 0.016289
1573040271.448291 0.080000 0.052589 -1.451485 10.420763 0.182823 1.160099 0.005321 0.020975
1573040271.468170 0.064000 0.144129 -0.685939 10.277111 0.182823 1.160099 -0.012770 0.025151
1573040271.488349 0.048000 0.130354 -0.297480 9.840767 0.144403 1.166826 -0.019156 0.024376
1573040271.508275 0.032000 -0.000202 -0.968455 10.994174 0.144403 1.166826 0.009578 0.028700
1573040271.528159 0.016000 0.106061 -0.100556 10.174160 0.113933 1.172184 -0.021284 0.026411
1573040271.548155 0.000000 0.057742 0.202310 10.024523 0.113933 1.172184 -0.021284 0.021547
1573040271.568054 0.000000 -0.045043 -1.248576 10.563816 0.090087 1.176786 0.006385 0.025933
1573040271.588070 0.000000 -0.045043 -0.074220 10.192715 0.090087 1.176786 -0.008514 0.024521
1573040271.608165 0.000000 -0.045043 -0.742203 10.270527 0.090087 1.176786 0.000000 0.026441
1573040271.628262 0.000000 0.149441 -1.623867 10.216059 0.058291 1.179873 0.034054 0.030269
1573040271.648159 0.000000 -0.029146 -1.513135 10.528502 0.058291 1.179873 0.000000 0.035019
1573040271.668135 0.000000 0.001987 0.058059 10.074202 -0.003974 1.180106 -0.007449 0.037104
1573040271.688145 0.000000 0.126019 1.525705 9.602545 -0.003974 1.180106 -0.045761 0.032128
1573040271.708352 0.000000 -0.002534 0.976236 10.894217 0.005069 1.180368 -0.004257 0.027182
1573040271.728351 0.000000 -0.002534 0.127491 10.256162 0.005069 1.180368 0.000000 0.027908
1573040271.748188 0.000000 0.085834 1.498172 9.456498 0.033120 1.181154 -0.017027 0.023203
1573040271.768243 0.000000 0.108252 -0.020949 10.166379 0.033120 1.181154 0.032990 0.019684
1573040271.788326 0.000000 0.121420 -0.664990 10.568007 0.030470 1.182639 0.023412 0.023585
1573040271.808225 0.000000 -0.015235 0.218471 10.189124 0.030470 1.182639 0.000000 0.023470
1573040271.828145 0.000000 0.068718 1.326388 10.475231 0.030470 1.182639 -0.019156 0.019856
1573040271.848838 0.000000 0.030317 0.854730 9.506776 0.068890 1.185231 -0.012770 0.014996
1573040271.868456 0.000000 0.084421 -0.768539 10.126875 0.068890 1.185231 0.036183 0.017984
1573040271.888190 0.000000 0.054205 -0.072425 9.966463 0.060941 1.187852 -0.017027 0.019659
1573040271.908252 0.000000 -0.030470 -0.288501 10.266336 0.060941 1.187852 0.000000 0.016908
1573040271.928243 0.000000 0.033091 0.374693 10.617686 0.052992 1.190415 -0.011706 0.013790
1573040271.948202 0.000000 -0.026496 0.176572 10.256162 0.052992 1.190415 0.000000 0.009306
1573040271.968081 0.000000 0.067725 -1.137246 10.212467 0.037094 1.192541 0.021284 0.013849
1573040271.988382 0.000000 0.077446 -0.763750 10.037690 0.037094 1.192541 0.011706 0.017326
1573040272.008226 0.000000 0.057560 -0.196325 10.321404 0.037094 1.192541 -0.019156 0.018286
1573040272.028234 0.000000 0.037801 1.101931 10.580576 0.034445 1.194026 -0.022348 0.014580
1573040272.048286 0.000000 0.020579 1.284489 10.012551 0.034445 1.194026 -0.013835 0.009774
1573040272.068138 0.000000 0.017923 0.509965 10.086173 0.039744 1.195657 0.012770 0.005516
1573040272.088318 0.000000 -0.019872 -0.092177 10.285490 0.039744 1.195657 0.008514 0.004867
1573040272.108347 0.000000 -0.026496 -0.390853 10.084976 0.052992 1.197928 0.007449 0.009014
1573040272.128107 0.000000 -0.026496 -0.651821 10.117298 0.052992 1.197928 0.009578 0.013188
1573040272.148142 0.000000 -0.015898 -1.199495 9.970055 0.031795 1.199588 0.007449 0.017749
1573040272.168216 0.000000 -0.015898 -1.021127 10.395623 0.031795 1.199588 0.004257 0.021201
1573040272.188141 0.000000 0.096835 0.032920 10.244789 -0.003802 1.199705 -0.011706 0.020860
1573040272.208191 0.000000 0.086599 0.527323 10.418967 -0.003802 1.199705 -0.011706 0.018813
1573040272.228172 0.000000 0.001901 0.478242 10.460267 -0.003802 1.199705 -0.005321 0.015341
1573040272.248137 0.000000 0.042074 1.798644 10.409988 -0.002650 1.199443 -0.015963 0.010704
1573040272.268299 0.000000 0.001325 1.155801 9.567230 -0.002650 1.199443 -0.004257 0.006088
1573040272.288386 0.000000 0.033067 -0.055665 10.544662 0.025344 1.200520 0.020220 0.005913
1573040272.308165 0.000000 -0.012672 0.196325 9.989806 0.025344 1.200520 0.000000 0.003105
1573040272.328331 0.000000 0.019078 -0.459687 10.402207 0.039744 1.202297 0.011706 0.005917
1573040272.348172 0.000000 -0.019872 -0.308852 10.113108 0.039744 1.202297 -0.006385 0.010301
1573040272.368122 0.000000 -0.011923 -0.488417 10.138247 0.023846 1.203578 0.000000 0.014377
1573040272.388228 0.000000 -0.011923 -0.410007 10.304644 0.023846 1.203578 0.000000 0.015342
1573040272.408075 0.000000 -0.001325 -0.217274 10.311827 0.002650 1.204015 0.000000 0.016488
1573040272.428425 0.000000 -0.001325 -0.117914 10.201095 0.002650 1.204015 0.000000 0.013771
1573040272.448215 0.000000 -0.001325 0.445322 10.247782 0.002650 1.204015 -0.004257 0.009843
1573040272.468169 0.000000 0.000000 0.369904 10.379463 0.000000 1.204015 0.000000 0.005417
1573040272.488264 0.000000 0.000000 0.035913 10.305841 0.000000 1.204015 0.000000 0.001018
1573040272.508379 0.000000 -0.000662 0.013767 10.153211 0.001325 1.203986 0.000000 -0.000173
1573040272.528134 0.000000 -0.000662 0.162806 10.186131 0.001325 1.203986 0.000000 -0.004364
1573040272.548160 0.000000 0.000634 0.290895 10.288483 -0.001267 1.203986 0.000000 -0.008769
1573040272.568189 0.000000 0.000634 0.189740 10.225636 -0.001267 1.203986 0.000000 -0.013202
1573040272.588147 0.000000 -0.001325 0.034716 10.153810 0.002650 1.204044 0.000000 -0.011108
1573040272.608115 0.000000 -0.001325 0.026935 10.207080 0.002650 1.204044 0.000000 -0.009161
1573040272.628158 0.000000 -0.000634 0.112527 10.207679 0.001267 1.204015 0.000000 -0.010172
1573040272.648293 0.000000 -0.000634 0.241216 10.198701 0.001267 1.204015 0.000000 -0.014510
1573040272.668187 0.000000 -0.000634 0.151433 10.266336 0.001267 1.204015 0.000000 -0.017029
1573040272.688375 0.000000 0.000662 0.101754 10.234613 -0.001325 1.203957 0.000000 -0.012638
1573040272.708181 0.000000 0.000662 0.196325 10.172963 -0.001325 1.203957 0.000000 -0.015065
1573040272.728122 0.000000 0.000000 0.196923 10.217256 0.000000 1.203986 0.000000 -0.018617
1573040272.748170 0.000000 0.000000 0.161010 10.125677 0.000000 1.203986 0.000000 -0.015584
1573040272.768068 0.000000 -0.000662 0.141856 10.211868 0.001325 1.203986 0.000000 -0.014213
1573040272.788342 0.000000 -0.000662 0.166397 10.257957 0.001325 1.203986 0.000000 -0.015264
1573040272.808129 0.000000 -0.001267 0.184354 10.222643 0.002534 1.204015 0.000000 -0.016748
1573040272.828255 0.000000 -0.001267 0.215478 10.225636 0.002534 1.204015 0.000000 -0.020175
1573040272.848097 0.000000 -0.001325 0.147243 10.247183 0.002650 1.204044 0.000000 -0.016794
1573040272.868196 0.000000 -0.001325 0.140659 10.233417 0.002650 1.204044 0.000000 -0.013818
1573040272.888167 0.000000 -0.001325 0.210091 10.195109 0.002650 1.204044 0.000000 -0.017406
1573040272.908237 0.000000 0.000634 0.173580 10.263943 -0.001267 1.203986 0.000000 -0.018020
1573040272.928274 0.000000 0.000634 0.150236 10.180145 -0.001267 1.203986 0.000000 -0.014963
1573040272.948209 0.000000 0.000000 0.181361 10.208278 0.000000 1.203986 0.000000 -0.017365
1573040272.968512 0.000000 0.000000 0.179565 10.178349 0.000000 1.203986 0.000000 -0.016817
1573040272.988207 0.000000 -0.000634 0.180762 10.175357 0.001267 1.204015 0.000000 -0.017757
1573040273.008100 0.000000 -0.000634 0.158616 10.216059 0.001267 1.204015 0.000000 -0.018211
1573040273.028247 0.000000 0.000662 0.151433 10.268731 -0.001325 1.203986 0.000000 -0.014969
1573040273.048102 0.000000 0.000662 0.159813 10.234015 -0.001325 1.203986 0.000000 -0.014344
1573040273.068152 0.000000 0.000662 0.183156 10.256760 -0.001325 1.203986 0.000000 -0.017628
1573040273.088162 0.000000 -0.001325 0.136469 10.262746 0.002650 1.204015 0.000000 -0.014801
1573040273.108076 0.000000 -0.001325 0.155623 10.208876 0.002650 1.204015 0.000000 -0.013394
1573040273.128239 0.000000 0.000000 0.208296 10.229825 0.000000 1.204015 0.000000 -0.016155
1573040273.148246 0.000000 0.000000 0.179565 10.213664 0.000000 1.204015 0.000000 -0.016389
1573040273.168119 0.000000 -0.000662 0.160412 10.242394 0.001325 1.203986 0.000000 -0.014637
1573040273.188438 0.000000 -0.000662 0.160412 10.312425 0.001325 1.203986 0.000000 -0.015120
1573040273.208115 0.000000 0.000000 0.139462 10.189124 0.000000 1.204015 0.000000 -0.014069
1573040273.228185 0.000000 0.000000 0.165798 10.244190 0.000000 1.204015 0.000000 -0.016192
1573040273.248077 0.000000 0.000000 0.181959 10.219051 0.000000 1.204015 0.000000 -0.015967
1573040273.268188 0.000000 0.000662 0.159813 10.201095 -0.001325 1.203957 0.000000 -0.015257
1573040273.288157 0.000000 0.000662 0.155623 10.260351 -0.001325 1.203957 0.000000 -0.015374
1573040273.308209 0.000000 0.000634 0.173580 10.199898 -0.001267 1.203957 0.000000 -0.017263
1573040273.328157 0.000000 0.000634 0.125097 10.174160 -0.001267 1.203957 0.000000 -0.013548
1573040273.348287 0.000000 -0.001325 0.149039 10.246585 0.002650 1.204015 0.000000 -0.014920
1573040273.368253 0.000000 -0.001325 0.160412 10.289082 0.002650 1.204015 0.000000 -0.015743
1573040273.388378 0.000000 -0.000662 0.178967 10.177752 0.001325 1.204015 0.000000 -0.017816
1573040273.408146 0.000000 -0.000662 0.159214 10.227431 0.001325 1.204015 0.000000 -0.016171
1573040273.428249 0.000000 -0.000662 0.166397 10.204087 0.001325 1.203986 0.000000 -0.017472
1573040273.448126 0.000000 -0.000662 0.147243 10.188525 0.001325 1.203986 0.000000 -0.015839
1573040273.468246 0.000000 -0.000662 0.170587 10.222643 0.001325 1.203986 0.000000 -0.015155
1573040273.488157 0.000000 0.000662 0.141258 10.216059 -0.001325 1.203986 0.000000 -0.014127
1573040273.508282 0.000000 0.000662 0.184354 10.198701 -0.001325 1.203986 0.000000 -0.016718
1573040273.528203 0.000000 0.000000 0.174178 10.240599 0.000000 1.203986 0.000000 -0.015253
1573040273.548120 0.000000 0.000000 0.155623 10.199898 0.000000 1.203986 0.000000 -0.016019
1573040273.568345 0.000000 -0.000662 0.155025 10.254366 0.001325 1.203986 0.000000 -0.016878
1573040273.588141 0.000000 -0.000662 0.171185 10.292673 0.001325 1.203986 0.000000 -0.016786
1573040273.608178 0.000000 -0.000662 0.183156 10.278906 0.001325 1.203986 0.000000 -0.016762
1573040273.628221 0.000000 0.000000 0.156820 10.211270 0.000000 1.203957 0.000000 -0.015354
1573040273.648234 0.000000 0.000000 0.153229 10.233417 0.000000 1.203957 0.000000 -0.014692
1573040273.668200 0.000000 0.000000 0.150835 10.224438 0.000000 1.204015 0.000000 -0.015113
1573040273.688191 0.000000 0.000000 0.134674 10.265140 0.000000 1.204015 0.000000 -0.016140
1573040273.708294 0.000000 0.000000 0.175974 10.198102 0.000000 1.203986 0.000000 -0.017247
1573040273.728084 0.000000 0.000000 0.161010 10.268731 0.000000 1.203986 0.000000 -0.017857
1573040273.748109 0.000000 0.000000 0.163404 10.313024 0.000000 1.203986 0.000000 -0.015515
1573040273.768209 0.000000 0.000000 0.172383 10.153211 0.000000 1.203986 0.000000 -0.016455
1573040273.788142 0.000000 0.000000 0.164003 10.135853 0.000000 1.203986 0.000000 -0.016599
1573040273.808320 0.000000 0.000000 0.152032 10.208278 0.000000 1.203957 0.000000 -0.016134
1573040273.828196 0.000000 0.000000 0.172383 10.231022 0.000000 1.203957 0.000000 -0.016679
1573040273.848332 0.000000 0.001987 0.148441 10.173561 -0.003974 1.203957 0.000000 -0.015937
1573040273.868191 0.000000 0.001987 0.172383 10.271724 -0.003974 1.203957 0.000000 -0.014899
1573040273.888165 0.000000 0.000000 0.174178 10.247183 0.000000 1.204015 0.000000 -0.016522
1573040273.908407 0.000000 0.000000 0.168193 10.254964 0.000000 1.204015 0.000000 -0.014917
1573040273.928179 0.000000 -0.000662 0.152630 10.235810 0.001325 1.204015 0.000000 -0.014108
1573040273.948134 0.000000 -0.000662 0.141258 10.269329 0.001325 1.204015 0.000000 -0.016411
1573040273.968115 0.000000 -0.001325 0.153827 10.204087 0.002650 1.204015 0.000000 -0.014980
1573040273.988178 0.000000 -0.001325 0.164601 10.204686 0.002650 1.204015 0.000000 -0.014485
1573040274.008229 0.000000 -0.001325 0.147243 10.244190 0.002650 1.204015 0.000000 -0.014599
1573040274.028234 0.000000 -0.001325 0.158616 10.241796 0.002650 1.204015 0.000000 -0.016667
1573040274.048253 0.000000 -0.001325 0.140061 10.271724 0.002650 1.204015 0.000000 -0.015073
1573040274.068145 0.000000 0.000662 0.172383 10.288483 -0.001325 1.203957 0.000000 -0.016412
1573040274.088376 0.000000 0.000662 0.184952 10.204087 -0.001325 1.203957 0.000000 -0.015607
1573040274.108127 0.000000 0.000000 0.143652 10.201694 0.000000 1.203986 0.000000 -0.014019
1573040274.128166 0.000000 0.000000 0.160412 10.216657 0.000000 1.203986 0.000000 -0.015630
1573040274.148124 0.000000 0.000662 0.157419 10.276512 -0.001325 1.203986 0.000000 -0.014123
1573040274.168148 0.000000 0.000662 0.135871 10.184934 -0.001325 1.203986 0.000000 -0.013188
1573040274.188153 0.000000 0.000662 0.169390 10.183138 -0.001325 1.203986 0.000000 -0.014481
1573040274.208191 0.000000 0.000662 0.154426 10.213066 -0.001325 1.204015 0.000000 -0.015876
1573040274.228229 0.000000 0.000662 0.129287 10.261548 -0.001325 1.204015 0.000000 -0.013636
1573040274.248156 0.000000 -0.000662 0.156222 10.249578 0.001325 1.203986 0.000000 -0.016050
1573040274.268110 0.000000 -0.000662 0.175974 10.248979 0.001325 1.203986 0.000000 -0.018078
1573040274.288151 0.000000 0.000662 0.164601 10.210073 -0.001325 1.203957 0.000000 -0.015957
1573040274.308177 0.000000 0.000662 0.175375 10.235810 -0.001325 1.203957 0.000000 -0.017594
1573040274.328230 0.000000 0.000000 0.152630 10.248381 0.000000 1.203986 0.000000 -0.014970
1573040274.348102 0.000000 0.000000 0.186748 10.171167 0.000000 1.203986 0.000000 -0.017094
1573040274.368335 0.000000 0.000000 0.139462 10.152014 0.000000 1.203986 0.000000 -0.016250
1573040274.388084 0.000000 0.000662 0.150236 10.157999 -0.001325 1.203986 0.000000 -0.015575
1573040274.408141 0.000000 0.000662 0.160412 10.237606 -0.001325 1.203986 0.000000 -0.015216
1573040274.428078 0.000000 -0.001325 0.158017 10.281301 0.002650 1.204015 0.000000 -0.015878
1573040274.448119 0.000000 -0.001325 0.161609 10.283694 0.002650 1.204015 0.000000 -0.014411
1573040274.468240 0.000000 -0.000662 0.155025 10.242394 0.001325 1.204015 0.000000 -0.015736
1573040274.488170 0.000000 -0.000662 0.170587 10.205284 0.001325 1.204015 0.000000 -0.017381
1573040274.508164 0.000000 0.000000 0.146046 10.196306 0.000000 1.203986 0.000000 -0.013735
1573040274.528110 0.000000 0.000000 0.165200 10.254366 0.000000 1.203986 0.000000 -0.016457
1573040274.548159 0.000000 0.000000 0.155025 10.171765 0.000000 1.203957 0.000000 -0.016353
1573040274.568091 0.000000 0.000000 0.161609 10.198701 0.000000 1.203957 0.000000 -0.016476
1573040274.588126 0.000000 0.000000 0.176572 10.235810 0.000000 1.203957 0.000000 -0.016510
1573040274.608311 0.000000 0.000000 0.141258 10.262746 0.000000 1.203986 0.000000 -0.014757
1573040274.628639 0.000000 0.000000 0.177769 10.268731 0.000000 1.203986 0.000000 -0.014998
1573040274.648320 0.000000 -0.000662 0.160412 10.235810 0.001325 1.203986 0.000000 -0.015295
1573040274.668092 0.000000 -0.000662 0.169988 10.272323 0.001325 1.203986 0.000000 -0.014705
1573040274.688209 0.000000 0.000000 0.160412 10.217256 0.000000 1.203957 0.000000 -0.014688
1573040274.708391 0.000000 0.000000 0.154426 10.229825 0.000000 1.203957 0.000000 -0.014719
1573040274.728099 0.000000 0.000662 0.146645 10.226233 -0.001325 1.203986 0.000000 -0.014350
1573040274.748202 0.000000 0.000662 0.155623 10.208278 -0.001325 1.203986 0.000000 -0.015067
1573040274.768201 0.000000 -0.001325 0.128688 10.313622 0.002650 1.204045 0.000000 -0.013573
1573040274.788116 0.000000 -0.001325 0.137667 10.210073 0.002650 1.204045 0.000000 -0.013962
1573040274.808223 0.000000 -0.001325 0.139462 10.280104 0.002650 1.204045 0.000000 -0.014983
1573040274.828266 0.000000 0.000662 0.172981 10.252570 -0.001325 1.203987 0.000000 -0.013862
1573040274.848319 0.000000 0.000662 0.162207 10.228029 -0.001325 1.203987 0.000000 -0.013497
1573040274.868252 0.000000 0.000000 0.162806 10.213664 0.000000 1.204016 0.000000 -0.015862
1573040274.888204 0.000000 0.000000 0.157419 10.244190 0.000000 1.204016 0.000000 -0.016121
1573040274.908184 0.000000 -0.000662 0.148441 10.247183 0.001325 1.204016 0.000000 -0.014847
1573040274.928166 0.000000 -0.000662 0.161609 10.230424 0.001325 1.204016 0.000000 -0.016656
1573040274.948066 0.000000 0.001325 0.145448 10.244190 -0.002650 1.203986 0.000000 -0.014316
1573040274.968420 0.000000 0.001325 0.152630 10.246585 -0.002650 1.203986 0.000000 -0.014759
1573040274.988043 0.000000 -0.001325 0.170587 10.186131 0.002650 1.204016 0.000000 -0.015113
1573040275.008278 0.000000 -0.001325 0.153827 10.273520 0.002650 1.204016 0.000000 -0.014331
1573040275.028939 0.000000 -0.001325 0.161609 10.211868 0.002650 1.204016 0.000000 -0.015480
1573040275.048195 0.000000 0.000000 0.156820 10.221445 0.000000 1.203987 0.000000 -0.015510
1573040275.068182 0.000000 0.000000 0.147243 10.231621 0.000000 1.203987 0.000000 -0.015547
1573040275.088257 0.000000 -0.001325 0.169988 10.215460 0.002650 1.204016 0.000000 -0.016413
1573040275.108184 0.000000 -0.001325 0.161609 10.276512 0.002650 1.204016 0.000000 -0.015722
1573040275.128148 0.000000 0.000662 0.140061 10.199898 -0.001325 1.204016 0.000000 -0.014345
1573040275.148275 0.000000 0.000662 0.140061 10.246585 -0.001325 1.204016 0.000000 -0.012255
1573040275.168074 0.000000 0.000000 0.164601 10.211270 0.000000 1.203987 0.000000 -0.015579
1573040275.188216 0.000000 0.000000 0.172981 10.318411 0.000000 1.203987 0.000000 -0.015502
1573040275.208491 0.000000 0.000662 0.187346 10.270527 -0.001325 1.203987 0.000000 -0.015789
1573040275.228266 0.000000 0.000662 0.147243 10.184336 -0.001325 1.203987 0.000000 -0.015143
1573040275.248260 0.000000 0.000662 0.175375 10.217256 -0.001325 1.203987 0.000000 -0.015416
1573040275.268105 0.000000 0.001325 0.162806 10.230424 -0.002650 1.203957 0.000000 -0.016322
1573040275.288322 0.000000 0.001325 0.149638 10.276512 -0.002650 1.203957 0.000000 -0.016340
1573040275.308231 0.000000 0.000000 0.156820 10.213066 0.000000 1.203987 0.000000 -0.015330
1573040275.328330 0.000000 0.000000 0.163404 10.196905 0.000000 1.203987 0.000000 -0.015912
1573040275.348244 0.000000 0.000662 0.155623 10.219649 -0.001325 1.203957 0.000000 -0.013732
1573040275.368138 0.000000 0.000662 0.170587 10.217256 -0.001325 1.203957 0.000000 -0.016504
1573040275.388293 0.000000 0.000662 0.138864 10.293271 -0.001325 1.204016 0.000000 -0.015828
1573040275.408232 0.000000 0.000662 0.149638 10.239402 -0.001325 1.204016 0.000000 -0.017377
1573040275.428505 0.000000 0.000662 0.174178 10.174759 -0.001325 1.203987 0.000000 -0.015002
1573040275.448154 0.000000 0.000662 0.161010 10.226832 -0.001325 1.203987 0.000000 -0.016356
1573040275.468158 0.000000 0.000662 0.140659 10.240001 -0.001325 1.203987 0.000000 -0.014011
1573040275.488308 0.000000 0.000662 0.187945 10.190321 -0.001325 1.203958 0.000000 -0.017340
1573040275.508383 0.000000 0.000662 0.168193 10.187328 -0.001325 1.203958 0.000000 -0.015849
1573040275.528122 0.000000 0.000000 0.147842 10.206482 0.000000 1.203958 0.000000 -0.014801
1573040275.548131 0.000000 0.000000 0.166996 10.229227 0.000000 1.203958 0.000000 -0.017886
1573040275.568155 0.000000 0.001325 0.148441 10.259752 -0.002650 1.203958 0.000000 -0.014808
1573040275.588141 0.016000 0.001325 0.161609 10.236409 -0.002650 1.203958 0.000000 -0.015521
1573040275.608746 0.032000 0.022733 0.175375 10.214861 0.002534 1.204045 0.000000 -0.015413
1573040275.628256 0.048000 0.046733 0.156222 10.198701 0.002534 1.204045 0.000000 -0.015352
1573040275.648135 0.064000 0.072000 0.155025 10.250175 0.000000 1.203987 0.000000 -0.014837
1573040275.668147 0.080000 0.096000 0.331597 10.189124 0.000000 1.203987 0.000000 -0.018973
1573040275.688284 0.096000 0.120000 0.934936 10.193314 0.000000 1.203987 -0.008514 -0.023552
1573040275.708207 0.112000 -0.009142 1.495179 10.168175 0.007603 1.204249 -0.010642 -0.028165
1573040275.728149 0.128000 0.164198 1.522712 10.330980 0.007603 1.204249 -0.008514 -0.032800
1573040275.748233 0.144000 0.170141 1.356914 10.299855 0.043718 1.205734 -0.008514 -0.036354
1573040275.768147 0.160000 0.031846 -0.864307 10.497377 0.043718 1.205734 0.012770 -0.034502
1573040275.788355 0.176000 0.050073 -0.141258 10.146029 0.072864 1.208996 0.000000 -0.032445
1573040275.808303 0.192000 0.019017 1.111508 10.116699 0.072864 1.208996 -0.034054 -0.036261
1573040275.828155 0.208000 0.088113 -0.153827 9.406818 0.096711 1.213219 0.022348 -0.033882
1573040275.848194 0.224000 0.263645 -0.908001 10.752958 0.096711 1.213219 0.007449 -0.028989
1573040275.868297 0.240000 0.287645 -1.051653 10.222044 0.096711 1.213219 0.006385 -0.024504
1573040275.888409 0.256000 0.214152 0.153827 10.228029 0.054490 1.217878 -0.021284 -0.020315
1573040275.908198 0.272000 0.184311 2.710236 11.120468 0.054490 1.217878 -0.056403 -0.025464
1573040275.928188 0.288000 0.206474 1.722628 9.576807 0.153677 1.223266 0.031926 -0.030046
1573040275.948176 0.304000 0.204635 1.816601 10.298059 0.186797 1.227372 0.037247 -0.032753
1573040275.968137 0.320000 0.361593 1.899799 9.743204 0.188813 1.231711 0.000000 -0.037077
1573040275.988141 0.336000 0.385593 1.441908 9.646238 0.188813 1.231711 0.000000 -0.039094
1573040276.008205 0.352000 0.397353 1.483806 11.124060 0.213293 1.236400 -0.007449 -0.042522
1573040276.028211 0.368000 0.150002 2.060809 10.029909 0.213293 1.236400 -0.041504 -0.047630
1573040276.048180 0.384000 0.124218 1.629853 10.880449 0.300730 1.248457 -0.019156 -0.052419
1573040276.068154 0.400000 0.163611 0.919373 8.501810 0.300730 1.248457 0.023412 -0.056151
1573040276.088247 0.400000 0.214024 -0.090980 10.418368 0.300730 1.248457 0.034054 -0.052571
1573040276.108187 0.400000 0.222510 -2.281674 10.352528 0.301594 1.262785 0.014899 -0.047722
1573040276.128071 0.400000 0.216533 -1.109712 9.919776 0.301594 1.262785 -0.019156 -0.043469
1573040276.148313 0.400000 0.270928 -1.245583 10.717045 0.229191 1.274027 -0.015963 -0.040341
1573040276.168374 0.400000 0.284361 -0.013767 10.491990 0.229191 1.274027 -0.015963 -0.036340
1573040276.188168 0.400000 0.309991 0.366313 11.759122 0.198951 1.283491 -0.018091 -0.035212
1573040276.208361 0.400000 0.289656 1.475427 10.176554 0.198951 1.283491 -0.021284 -0.038768
1573040276.228219 0.400000 0.248043 1.468244 10.005369 0.222567 1.292986 -0.026605 -0.043878
1573040276.248377 0.400000 0.219914 1.565808 9.836577 0.222567 1.292986 -0.030862 -0.048823
1573040276.268251 0.400000 0.206112 0.926556 10.401011 0.222567 1.292986 -0.018091 -0.053626
1573040276.288177 0.400000 0.461558 0.121506 9.623493 0.276884 1.310635 0.008514 -0.051175
1573040276.308140 0.400000 0.275688 -0.553659 12.415731 0.276884 1.310635 0.058531 -0.046539
1573040276.328168 0.400000 0.286209 -0.592565 8.855554 0.266285 1.322664 0.030862 -0.041068
1573040276.348791 0.400000 0.219584 1.698088 10.361506 0.266285 1.322664 -0.084072 -0.046284
1573040276.368192 0.400000 0.133598 0.925958 9.476849 0.287482 1.328984 -0.083008 -0.051251
1573040276.388211 0.400000 0.200378 0.729633 10.709863 0.287482 1.328984 0.010642 -0.052879
1573040276.408393 0.400000 0.228414 -1.289876 9.980229 0.288807 1.342178 0.018091 -0.048331
1573040276.428197 0.400000 0.288290 -1.960253 11.379641 0.288807 1.342178 0.067045 -0.044188
1573040276.448120 0.400000 0.319192 -1.523909 8.869919 0.212890 1.352925 0.023412 -0.038619
1573040276.468246 0.400000 0.295111 -0.405219 11.123461 0.212890 1.352925 -0.030862 -0.034751
1573040276.488171 0.400000 0.256628 1.364096 10.318411 0.212890 1.352925 -0.067045 -0.036658
1573040276.508183 0.400000 0.236894 1.768118 10.331578 0.227866 1.362711 -0.046825 -0.042343
1573040276.528149 0.400000 0.486067 1.378462 10.607511 0.227866 1.362711 -0.009578 -0.047160
1573040276.548148 0.400000 0.243974 1.178546 11.464036 0.257242 1.373924 0.028733 -0.050078
1573040276.568474 0.400000 0.290465 0.017358 9.831789 0.257242 1.373924 0.087264 -0.046773
1573040276.588199 0.400000 0.284641 -0.234033 8.753799 0.260986 1.385690 0.045761 -0.044295
1573040276.608158 0.400000 0.253556 -0.390255 10.333973 0.260986 1.385690 -0.013835 -0.040977
1573040276.628292 0.400000 0.234697 0.299275 10.439318 0.278208 1.397806 -0.036183 -0.039451
1573040276.648247 0.400000 0.234652 0.353743 11.109694 0.278208 1.397806 -0.029798 -0.040481
1573040276.668119 0.400000 0.279349 0.434548 10.525509 0.269914 1.409980 0.011706 -0.039012
1573040276.688197 0.400000 0.325504 -0.430358 9.764751 0.269914 1.409980 0.037247 -0.033867
1573040276.708278 0.400000 0.465043 0.125097 10.302250 0.269914 1.409980 0.000000 -0.029597
1573040276.728125 0.400000 0.286965 0.548272 9.558850 0.254362 1.421193 -0.024477 -0.033255
1573040276.748312 0.400000 0.264362 1.327585 10.603321 0.254362 1.421193 -0.028733 -0.037094
1573040276.768097 0.400000 0.231429 2.297835 9.351751 0.267610 1.432667 -0.029798 -0.042186
1573040276.788182 0.400000 0.255449 2.388216 11.575366 0.267610 1.432667 0.012770 -0.044193
1573040276.808142 0.400000 0.287155 0.497395 11.140819 0.328551 1.446850 0.096842 -0.045209
1573040276.828054 0.400000 0.249051 -1.047463 7.839813 0.328551 1.446850 0.012770 -0.039378
1573040276.848171 0.400000 0.455539 -0.588375 9.959280 0.288922 1.460393 0.009578 -0.035211
1573040276.868153 0.400000 0.455539 -0.541090 10.451887 0.288922 1.460393 0.000000 -0.030686
1573040276.888069 0.400000 0.346469 -0.282516 11.107899 0.288922 1.460393 0.030862 -0.026752
1573040276.908262 0.400000 0.459571 1.386841 10.399814 0.280858 1.473119 -0.009578 -0.030423
1573040276.928234 0.400000 0.459571 1.506551 8.833407 0.280858 1.473119 -0.009578 -0.035452
1573040276.948202 0.400000 0.434630 1.524508 11.079766 0.330740 1.487214 -0.008514 -0.039821
1573040276.968338 0.400000 0.212356 2.188300 9.444527 0.330740 1.487214 -0.011706 -0.043442
1573040276.988119 0.400000 0.218647 2.331354 11.425729 0.393466 1.503931 0.051082 -0.045097
1573040277.008191 0.400000 0.245252 -0.117914 10.854114 0.393466 1.503931 0.081943 -0.044714
1573040277.028232 0.400000 0.218304 -1.179144 9.792285 0.400090 1.521812 0.023412 -0.040076
1573040277.048097 0.400000 0.247841 -1.466449 9.868899 0.400090 1.521812 0.028733 -0.035020
1573040277.068210 0.400000 0.339902 -1.795651 10.563816 0.303380 1.535965 0.052146 -0.030025
1573040277.088351 0.400000 0.383283 -1.883040 10.049662 0.303380 1.535965 0.068109 -0.023903
1573040277.108270 0.400000 0.448310 -0.846350 10.475829 0.303380 1.535965 -0.005321 -0.019115
1573040277.128064 0.400000 0.341662 0.663792 10.239402 0.247738 1.547381 -0.035119 -0.021275
1573040277.148143 0.400000 0.330798 1.687314 10.436325 0.247738 1.547381 -0.025541 -0.024980
1573040277.168109 0.400000 0.466944 2.032677 9.975441 0.266112 1.559437 -0.005321 -0.029588
1573040277.188186 0.400000 0.322024 1.972822 10.697891 0.266112 1.559437 0.015963 -0.031538
1573040277.208242 0.400000 0.303293 1.589750 9.306262 0.355047 1.574463 0.063852 -0.034053
1573040277.228372 0.400000 0.422477 1.352125 10.721833 0.355047 1.574463 0.000000 -0.037595
1573040277.248104 0.400000 0.212890 0.335188 10.427347 0.394791 1.591266 0.012770 -0.039986
1573040277.268692 0.400000 0.255415 -0.165798 11.848904 0.394791 1.591266 0.046825 -0.036930
1573040277.288295 0.400000 0.276566 -0.398036 8.464700 0.394791 1.591266 0.055338 -0.034062
1573040277.308251 0.400000 0.301728 -2.066795 11.704654 0.377569 1.608069 0.044696 -0.029049
1573040277.328274 0.400000 0.300548 -1.412579 10.178349 0.377569 1.608069 0.011706 -0.024007
1573040277.348126 0.400000 0.452285 -0.870292 10.353127 0.295431 1.629474 0.009578 -0.019488
1573040277.368149 0.400000 0.387918 -0.679355 12.272079 0.295431 1.629474 0.018091 -0.015768
1573040277.388857 0.400000 0.392718 1.331775 9.609128 0.286388 1.642346 0.017027 -0.015542
1573040277.408330 0.400000 0.296732 1.691504 9.281123 0.351072 1.650064 -0.038311 -0.019417
1573040277.428182 0.400000 0.423139 1.395820 10.580576 0.353722 1.657839 0.000000 -0.024132
1573040277.448208 0.400000 0.423139 1.050456 9.331401 0.353722 1.657839 0.008514 -0.027579
1573040277.468175 0.400000 0.310473 0.383671 10.608109 0.359021 1.665732 0.031926 -0.027111
1573040277.488228 0.400000 0.279956 0.775123 8.844181 0.359021 1.665732 0.015963 -0.030661
1573040277.508205 0.400000 0.229292 0.627281 11.895591 0.359021 1.665732 -0.021284 -0.034834
1573040277.528343 0.400000 0.273297 -0.582988 9.848549 0.376359 1.682565 0.030862 -0.032643
1573040277.548176 0.400000 0.327107 -1.731606 12.421717 0.376359 1.682565 0.072366 -0.028521
1573040277.568364 0.400000 0.351216 -2.363077 7.603984 0.368295 1.699427 0.061724 -0.022803
1573040277.588393 0.400000 0.415853 -1.089362 10.859500 0.368295 1.699427 -0.023412 -0.018736
1573040277.608175 0.400000 0.338975 -0.661398 10.681730 0.306029 1.713144 -0.023412 -0.017856
1573040277.628189 0.400000 0.343176 0.359729 9.730634 0.306029 1.713144 -0.024477 -0.016846
1573040277.648034 0.400000 0.308525 1.015740 11.470620 0.323252 1.727269 -0.027669 -0.021543
1573040277.668141 0.400000 0.331613 0.763750 9.235633 0.323252 1.727269 0.026605 -0.025609
1573040277.688285 0.400000 0.430425 -0.044891 10.985196 0.339149 1.742092 0.000000 -0.022908
1573040277.708191 0.400000 0.347171 -0.072425 9.156026 0.339149 1.742092 0.012770 -0.018694
1573040277.728731 0.400000 0.373387 0.448314 11.118672 0.339149 1.742092 0.034054 -0.016856
1573040277.748057 0.400000 0.423139 0.622492 9.840767 0.353722 1.757410 0.000000 -0.020105
1573040277.768139 0.400000 0.423139 0.183156 10.031705 0.353722 1.757410 -0.004257 -0.018842
1573040277.788310 0.400000 0.419165 0.669179 10.384252 0.361671 1.773049 0.000000 -0.019822
1573040277.808225 0.400000 0.272528 0.873285 9.797671 0.361671 1.773049 -0.023412 -0.025581
1573040277.828083 0.400000 0.270021 0.589572 10.034698 0.397441 1.790231 0.017027 -0.028976
1573040277.848231 0.400000 0.271920 -0.400430 9.985018 0.397441 1.790231 0.015963 -0.028426
1573040277.868342 0.400000 0.308543 -1.291073 10.393828 0.383962 1.808053 0.024477 -0.023812
1573040277.888153 0.400000 0.344328 -1.930924 10.166379 0.383962 1.808053 0.036183 -0.018527
1573040277.908196 0.400000 0.439699 -1.544859 11.713632 0.320602 1.823226 -0.007449 -0.014189
1573040277.928087 0.400000 0.439699 -0.635661 10.630256 0.320602 1.823226 0.008514 -0.009890
1573040277.948070 0.400000 0.363045 0.427365 10.259154 0.320602 1.823226 -0.041504 -0.008690
1573040277.968059 0.400000 0.322711 1.519719 10.340557 0.288922 1.836768 -0.084072 -0.013114
1573040277.988051 0.400000 0.313512 1.247978 9.505579 0.288922 1.836768 -0.058531 -0.019040
1573040278.008381 0.400000 0.299246 0.965462 9.881469 0.353722 1.851765 -0.005321 -0.021041
1573040278.028139 0.400000 0.355693 0.184354 11.447277 0.353722 1.851765 0.057467 -0.022684
1573040278.048203 0.400000 0.362619 -0.255581 8.433576 0.347098 1.866996 0.037247 -0.018726
1573040278.068220 0.400000 0.330466 -0.640449 10.182540 0.347098 1.866996 -0.025541 -0.015110
1573040278.088115 0.400000 0.426451 0.559046 9.946711 0.347098 1.882343 0.000000 -0.016263
1573040278.108166 0.400000 0.377492 0.147243 13.077728 0.347098 1.882343 0.025541 -0.013878
1573040278.128623 0.400000 0.429763 -0.488417 9.399037 0.340474 1.897283 -0.004257 -0.013410
1573040278.148202 0.400000 0.293140 1.136049 10.357915 0.340474 1.897283 -0.053210 -0.018811
1573040278.168192 0.400000 0.303777 0.987608 8.828619 0.340474 1.897283 -0.017027 -0.022473
1573040278.188568 0.400000 0.306465 0.836773 8.902839 0.370944 1.913241 0.017027 -0.024337
1573040278.208222 0.400000 0.314146 0.147243 12.111668 0.370944 1.913241 0.041504 -0.026717
1573040278.228343 0.400000 0.331026 -1.686117 10.060435 0.382868 1.930219 0.059595 -0.025043
1573040278.248259 0.400000 0.408566 -1.364096 11.739369 0.382868 1.930219 -0.007449 -0.020402
1573040278.268450 0.400000 0.424464 -0.785897 8.657434 0.351072 1.946177 0.000000 -0.016183
1573040278.288180 0.400000 0.391974 -0.853533 12.919711 0.351072 1.946177 0.032990 -0.011776
1573040278.308172 0.400000 0.349190 0.997185 7.578846 0.337824 1.961058 -0.032990 -0.011101
1573040278.328082 0.400000 0.297677 1.703475 10.055647 0.337824 1.961058 -0.061724 -0.016806
1573040278.348118 0.400000 0.431088 0.743998 9.859323 0.337824 1.961058 0.000000 -0.021596
1573040278.368077 0.400000 0.331164 0.469862 12.628217 0.362420 1.977249 0.031926 -0.022633
1573040278.388338 0.400000 0.343784 0.632069 7.606977 0.362420 1.977249 0.010642 -0.024264
1573040278.408519 0.400000 0.403929 0.138265 10.492589 0.392141 1.994140 -0.036183 -0.022903
1573040278.428153 0.400000 0.277491 -0.581791 10.967837 0.392141 1.994140 -0.015963 -0.022734
1573040278.448099 0.400000 0.349693 -0.048483 9.900622 0.373825 2.011408 0.036183 -0.018468
1573040278.468198 0.400000 0.387241 -0.221464 9.701903 0.373825 2.011408 0.060659 -0.014875
1573040278.488342 0.400000 0.416515 -1.013346 9.757569 0.366970 2.027686 0.007449 -0.010313
1573040278.508245 0.400000 0.345934 -1.240795 10.543466 0.366970 2.027686 -0.046825 -0.006624
1573040278.528298 0.400000 0.330616 0.672771 10.354922 0.366970 2.027686 -0.055338 -0.008326
1573040278.548184 0.400000 0.430829 0.814627 9.764751 0.338343 2.043178 0.009578 -0.012324
1573040278.568130 0.400000 0.430829 0.199916 9.727641 0.338343 2.043178 0.004257 -0.014073
1573040278.588614 0.400000 0.306350 0.542885 10.770316 0.362996 2.058961 -0.038311 -0.016301
1573040278.608167 0.400000 0.275567 0.706289 10.459070 0.362996 2.058961 -0.045761 -0.021265
1573040278.628229 0.400000 0.243919 0.645237 11.093534 0.401415 2.076172 -0.038311 -0.024945
1573040278.648134 0.400000 0.328119 -0.760758 9.740211 0.401415 2.076172 0.047889 -0.021897
1573040278.668080 0.400000 0.322792 -1.471835 10.706870 0.401415 2.076172 0.010642 -0.017003
1573040278.688205 0.400000 0.432413 -0.799663 9.919177 0.335175 2.100313 -0.004257 -0.012588
1573040278.708373 0.400000 0.432413 -0.735020 9.787497 0.335175 2.100313 0.009578 -0.008347
1573040278.728084 0.400000 0.411167 -0.023942 10.353725 0.297792 2.113941 -0.014899 -0.005604
1573040278.748480 0.400000 0.365425 2.022502 10.462063 0.297792 2.113941 -0.063852 -0.010636
1573040278.768237 0.400000 0.326651 1.764527 11.444882 0.320602 2.120989 -0.047889 -0.014947
1573040278.788558 0.400000 0.340473 0.805649 11.073781 0.320602 2.120989 -0.014899 -0.018926
1573040278.808143 0.400000 0.303361 0.930746 10.532093 0.364320 2.145189 -0.018091 -0.020001
1573040278.828340 0.400000 0.340328 0.090381 10.685921 0.364320 2.145189 0.018091 -0.018397
1573040278.848172 0.400000 0.417840 -0.655413 8.468291 0.364320 2.145189 -0.006385 -0.014173
1573040278.868227 0.400000 0.418502 -0.651223 10.084377 0.362996 2.161410 -0.004257 -0.010303
1573040278.888181 0.400000 0.423139 -0.632668 10.123881 0.353722 2.169185 0.008514 -0.005691
1573040278.908220 0.400000 0.426451 1.077391 11.694478 0.347098 2.176816 -0.004257 -0.008932
1573040278.928182 0.400000 0.324604 0.560243 8.901043 0.347098 2.176816 -0.040440 -0.013899
1573040278.948109 0.400000 0.278164 1.366491 10.312425 0.359885 2.185086 -0.055338 -0.019525
1573040278.968203 0.400000 0.286700 1.339556 10.580576 0.359885 2.185086 -0.023412 -0.022926
1573040278.988190 0.400000 0.300912 0.735020 7.985261 0.402740 2.202385 0.030862 -0.024482
1573040279.008189 0.400000 0.348790 -1.587356 11.490373 0.402740 2.202385 0.054274 -0.018652
1573040279.028137 0.400000 0.310148 -1.139640 10.280702 0.369620 2.219131 -0.035119 -0.015389
1573040279.048207 0.400000 0.319068 -0.620098 9.481637 0.369620 2.219131 -0.043632 -0.012243
1573040279.068084 0.400000 0.415190 -0.541090 10.085574 0.369620 2.219131 0.000000 -0.008141
1573040279.088158 0.400000 0.424636 -0.891840 12.366052 0.327226 2.241293 0.014899 -0.004734
1573040279.108265 0.384000 0.361512 -0.076614 8.871116 0.327226 2.241293 -0.073430 -0.003226
1573040279.128138 0.368000 0.311340 1.877054 9.998785 0.320602 2.255476 -0.073430 -0.009123
1573040279.148060 0.352000 0.281952 1.419163 8.840590 0.320602 2.255476 -0.045761 -0.014628
1573040279.168102 0.336000 0.268931 1.489792 10.177153 0.356372 2.263310 0.010642 -0.017879
1573040279.188389 0.320000 0.297467 -0.846949 11.282676 0.356372 2.263310 0.063852 -0.015657
1573040279.208148 0.304000 0.261500 -0.508768 10.375872 0.359021 2.279357 0.041504 -0.014438
1573040279.228120 0.288000 0.205998 -0.875081 9.695918 0.359021 2.279357 -0.023412 -0.010352
1573040279.248169 0.272000 0.218096 -1.176750 9.897630 0.316800 2.294413 -0.027669 -0.006674
1573040279.268174 0.256000 0.249600 -0.527921 11.189301 0.316800 2.294413 0.005321 -0.002509
1573040279.288429 0.240000 0.275208 -1.148618 9.739613 0.316800 2.294413 0.045761 0.002600
1573040279.308277 0.224000 0.240768 -1.515530 10.735600 0.238464 2.312411 -0.008514 0.007195
1573040279.328236 0.208000 0.235447 0.053271 10.135254 0.238464 2.312411 -0.031926 0.008844
1573040279.348181 0.192000 0.184382 0.907402 9.366715 0.229191 2.322809 -0.042568 0.004206
1573040279.368162 0.176000 0.142499 1.007959 9.953894 0.239789 2.328080 -0.032990 0.000157
1573040279.388132 0.160000 0.150729 0.706289 10.043676 0.226541 2.333060 0.004257 -0.001894
1573040279.408220 0.144000 0.145964 0.235230 10.837354 0.226541 2.333060 0.052146 -0.004496
1573040279.428175 0.128000 0.202168 -1.642422 10.828376 0.205287 2.337778 0.102163 0.001416
1573040279.448259 0.112000 0.135844 -1.379060 9.511564 0.205287 2.337778 0.015963 0.006743
1573040279.468233 0.096000 0.080563 -0.863708 10.211868 0.174874 2.345875 -0.009578 0.011160
1573040279.488215 0.080000 0.066825 0.219069 10.022128 0.174874 2.345875 -0.037247 0.008012
1573040279.508162 0.064000 0.041852 -0.020949 10.254964 0.174874 2.345875 -0.014899 0.004242
1573040279.528172 0.048000 0.019968 -1.170166 10.263344 0.152064 2.353068 0.000000 0.008375
1573040279.548074 0.032000 -0.004032 -1.326986 10.165780 0.152064 2.353068 0.000000 0.012632
1573040279.568410 0.016000 -0.008966 -1.265934 10.062830 0.113933 2.358573 0.010642 0.017260
1573040279.588166 0.000000 0.068946 -1.173159 10.257359 0.113933 2.358573 0.012770 0.018339
1573040279.608159 0.000000 0.101592 -1.250970 10.139444 0.051955 2.361718 0.021284 0.022108
1573040279.628156 0.000000 -0.025978 -0.666187 10.216059 0.051955 2.361718 0.000000 0.026669
1573040279.648138 0.000000 0.080027 0.345364 10.172364 0.022522 2.362767 -0.030862 0.023195
1573040279.668204 0.000000 0.049630 1.707066 10.587160 0.022522 2.362767 -0.036183 0.017967
1573040279.688169 0.000000 0.074245 -0.020949 10.853515 0.029146 2.364106 0.015963 0.015210
1573040279.708143 0.000000 -0.014573 0.876278 9.877877 0.029146 2.364106 0.000000 0.011021
1573040279.728151 0.000000 0.041505 0.779911 10.152612 0.029146 2.364106 0.026605 0.006959
1573040279.748120 0.000000 0.013187 -0.024541 10.063428 0.051667 2.365911 0.023412 0.004058
1573040279.768124 0.000000 0.036030 -0.561440 10.003573 0.051667 2.365911 0.030862 0.007435
1573040279.788235 0.000000 0.043345 -1.160589 9.882666 0.051667 2.368212 0.025541 0.009749
1573040279.808253 0.000000 -0.025834 -0.952892 10.179547 0.051667 2.368212 0.009578 0.013297
1573040279.828294 0.000000 -0.016560 -0.371101 10.188525 0.033120 2.369756 0.000000 0.017727
1573040279.848153 0.000000 -0.016560 0.163404 10.312425 0.033120 2.369756 -0.004257 0.015138
1573040279.868266 0.000000 -0.005299 -0.383671 9.856330 0.010598 2.370484 0.000000 0.014002
1573040279.888275 0.000000 -0.005299 -0.191536 10.092158 0.010598 2.370484 -0.004257 0.015483
1573040279.908285 0.000000 -0.005299 0.178967 10.241796 0.010598 2.370484 0.000000 0.011235
1573040279.928174 0.000000 0.001987 0.297480 10.046070 -0.003974 2.370397 0.000000 0.006978
1573040279.948260 0.000000 0.001987 0.172981 10.178948 -0.003974 2.370397 0.000000 0.002683
1573040279.968157 0.000000 0.003312 0.060454 10.342353 -0.006624 2.370193 0.000000 0.000880
1573040279.988119 0.000000 0.003312 0.054468 10.308235 -0.006624 2.370193 0.000000 -0.000973
1573040280.008120 0.000000 -0.001325 0.163404 10.296863 0.002650 2.370251 0.000000 -0.003259
1573040280.028106 0.000000 -0.001325 0.262764 10.180145 0.002650 2.370251 0.000000 -0.007608
1573040280.048155 0.000000 0.001267 0.165200 10.266935 -0.002534 2.370135 0.000000 -0.011336
1573040280.068317 0.000000 0.001267 0.123900 10.255563 -0.002534 2.370135 0.000000 -0.010979
1573040280.088338 0.000000 0.001267 0.135871 10.205883 -0.002534 2.370135 0.000000 -0.012597
1573040280.108166 0.000000 0.000662 0.101754 10.213664 -0.001325 2.370135 0.000000 -0.010503
1573040280.128499 0.000000 0.000662 0.128688 10.192117 -0.001325 2.370135 0.000000 -0.011542
1573040280.148124 0.000000 0.000634 0.206500 10.180744 -0.001267 2.370135 0.000000 -0.015895
1573040280.168175 0.000000 0.000634 0.148441 10.233417 -0.001267 2.370135 0.000000 -0.014821
1573040280.188270 0.000000 0.000662 0.160412 10.270527 -0.001325 2.370106 0.000000 -0.015012
1573040280.208134 0.000000 0.000662 0.111929 10.287286 -0.001325 2.370106 0.000000 -0.012647
1573040280.228113 0.000000 -0.000634 0.120907 10.240001 0.001267 2.370164 0.000000 -0.010058
1573040280.248196 0.000000 -0.000634 0.130484 10.222643 0.001267 2.370164 0.000000 -0.013097
1573040280.268191 0.000000 -0.000662 0.159214 10.253767 0.001325 2.370106 0.000000 -0.013192
1573040280.288178 0.000000 -0.000662 0.132878 10.237606 0.001325 2.370106 0.000000 -0.013850
1573040280.308216 0.000000 -0.000662 0.111929 10.213664 0.001325 2.370106 0.000000 -0.011151
1573040280.328186 0.000000 -0.000634 0.118513 10.172963 0.001267 2.370135 0.000000 -0.010276
1573040280.348326 0.000000 -0.000634 0.140061 10.222643 0.001267 2.370135 0.000000 -0.014376
1573040280.368172 0.000000 0.000000 0.134075 10.253169 0.000000 2.370135 0.000000 -0.012877
1573040280.388109 0.000000 0.000000 0.153229 10.279505 0.000000 2.370135 0.000000 -0.013606
1573040280.408319 0.000000 0.001267 0.138864 10.240001 -0.002534 2.370076 0.000000 -0.013489
1573040280.428221 0.000000 0.001267 0.154426 10.174160 -0.002534 2.370076 0.000000 -0.014062
1573040280.448156 0.000000 0.000000 0.116119 10.219051 0.000000 2.370106 0.000000 -0.011843
1573040280.468252 0.000000 0.000000 0.130484 10.240001 0.000000 2.370106 0.000000 -0.011000
1573040280.488205 0.000000 0.000000 0.121506 10.236409 0.000000 2.370106 0.000000 -0.011668
1573040280.508158 0.000000 0.000634 0.123301 10.241198 -0.001267 2.370106 0.000000 -0.012950
1573040280.528140 0.000000 0.000634 0.147243 10.222044 -0.001267 2.370106 0.000000 -0.014594
1573040280.548138 0.000000 0.000000 0.083199 10.216657 0.000000 2.370135 0.000000 -0.010274
1573040280.568264 0.000000 0.000000 0.134674 10.274716 0.000000 2.370135 0.000000 -0.011264
1573040280.588666 0.000000 0.000000 0.109535 10.308834 0.000000 2.370106 0.000000 -0.012014
1573040280.608193 0.000000 0.000000 0.133477 10.175357 0.000000 2.370106 0.000000 -0.012586
1573040280.628301 0.000000 0.000662 0.132878 10.162787 -0.001325 2.370106 0.000000 -0.014707
1573040280.648238 0.000000 0.000662 0.145448 10.196905 -0.001325 2.370106 0.000000 -0.013265
1573040280.668208 0.000000 0.000000 0.131681 10.186729 0.000000 2.370135 0.000000 -0.012202
1573040280.688220 0.000000 0.000000 0.117914 10.241796 0.000000 2.370135 0.000000 -0.011272
1573040280.708188 0.000000 0.000000 0.128688 10.242394 0.000000 2.370135 0.000000 -0.012209
1573040280.728120 0.000000 -0.000662 0.132878 10.249578 0.001325 2.370106 0.000000 -0.012568
1573040280.748119 0.000000 -0.000662 0.143652 10.259752 0.001325 2.370106 0.000000 -0.013661
1573040280.768203 0.000000 0.000000 0.138864 10.183138 0.000000 2.370106 0.000000 -0.013001
1573040280.788350 0.000000 0.000000 0.135871 10.249578 0.000000 2.370106 0.000000 -0.012681
1573040280.808354 0.000000 0.000662 0.135272 10.211868 -0.001325 2.370106 0.000000 -0.012964
1573040280.828306 0.000000 0.000662 0.111929 10.228628 -0.001325 2.370106 0.000000 -0.010954
1573040280.848191 0.000000 0.000000 0.142455 10.254366 0.000000 2.370106 0.000000 -0.013634
1573040280.868244 0.000000 0.000000 0.121506 10.273520 0.000000 2.370106 0.000000 -0.012665
1573040280.888265 0.000000 0.000000 0.145448 10.250175 0.000000 2.370106 0.000000 -0.014224
1573040280.908205 0.000000 0.000000 0.114922 10.168773 0.000000 2.370106 0.000000 -0.011207
1573040280.928229 0.000000 0.000000 0.138864 10.189124 0.000000 2.370106 0.000000 -0.012624
1573040280.948310 0.000000 0.000000 0.143652 10.230424 0.000000 2.370106 0.000000 -0.015490
1573040280.968519 0.000000 0.000000 0.150236 10.159795 0.000000 2.370106 0.000000 -0.014677
1573040280.988491 0.000000 0.000000 0.138265 10.234015 0.000000 2.370135 0.000000 -0.013522
1573040281.008217 0.000000 0.000000 0.159813 10.232220 0.000000 2.370135 0.000000 -0.013750
1573040281.028119 0.000000 0.000634 0.131083 10.234613 -0.001267 2.370106 0.000000 -0.012411
1573040281.048343 0.000000 0.000634 0.120309 10.210671 -0.001267 2.370106 0.000000 -0.013358
1573040281.068195 0.000000 -0.000662 0.117914 10.239402 0.001325 2.370135 0.000000 -0.012009
1573040281.088209 0.000000 -0.000662 0.133477 10.278906 0.001325 2.370135 0.000000 -0.012176
1573040281.108287 0.000000 -0.000662 0.142455 10.207679 0.001325 2.370135 0.000000 -0.014238
1573040281.128405 0.000000 0.000000 0.118513 10.210073 0.000000 2.370106 0.000000 -0.011870
1573040281.148176 0.000000 0.000000 0.137068 10.198102 0.000000 2.370106 0.000000 -0.013252
1573040281.168336 0.000000 0.000000 0.128090 10.214861 0.000000 2.370135 0.000000 -0.013907
1573040281.188124 0.000000 0.000000 0.117914 10.241796 0.000000 2.370135 0.000000 -0.012834
1573040281.208128 0.000000 0.000000 0.140659 10.204686 0.000000 2.370106 0.000000 -0.013522
1573040281.228129 0.000000 0.000000 0.129287 10.213664 0.000000 2.370106 0.000000 -0.012899
1573040281.248138 0.000000 0.000000 0.137068 10.247183 0.000000 2.370106 0.000000 -0.012742
1573040281.268077 0.000000 0.000000 0.128688 10.234015 0.000000 2.370106 0.000000 -0.011888
1573040281.288093 0.000000 0.000000 0.134075 10.235810 0.000000 2.370106 0.000000 -0.012852
1573040281.308118 0.000000 -0.000634 0.125097 10.258555 0.001267 2.370135 0.000000 -0.011772
1573040281.328518 0.000000 -0.000634 0.142455 10.180145 0.001267 2.370135 0.000000 -0.014099
1573040281.348401 0.000000 0.000000 0.137667 10.186131 0.000000 2.370106 0.000000 -0.013514
1573040281.368154 0.000000 0.000000 0.120907 10.234613 0.000000 2.370106 0.000000 -0.012628
1573040281.388218 0.000000 0.000000 0.136469 10.267534 0.000000 2.370106 0.000000 -0.011330
1573040281.408177 0.000000 0.000000 0.134075 10.183737 0.000000 2.370106 0.000000 -0.013181
1573040281.428096 0.000000 -0.000662 0.120907 10.237606 0.001325 2.370135 0.000000 -0.011447
1573040281.448188 0.000000 -0.000662 0.131083 10.281301 0.001325 2.370135 0.000000 -0.011676
1573040281.468189 0.000000 -0.000662 0.137667 10.231022 0.001325 2.370135 0.000000 -0.012745
1573040281.488159 0.000000 0.000000 0.120907 10.210671 0.000000 2.370106 0.000000 -0.013169
1573040281.508155 0.000000 0.000000 0.126294 10.218452 0.000000 2.370106 0.000000 -0.011289
1573040281.528220 0.000000 0.000000 0.122104 10.252570 0.000000 2.370106 0.000000 -0.013537
1573040281.548402 0.000000 0.000000 0.123301 10.217854 0.000000 2.370106 0.000000 -0.011822
1573040281.568130 0.000000 0.000000 0.124498 10.226233 0.000000 2.370106 0.000000 -0.012397
1573040281.588105 0.000000 0.000000 0.137667 10.176554 0.000000 2.370106 0.000000 -0.013685
1573040281.608277 0.000000 0.000000 0.131681 10.267534 0.000000 2.370135 0.000000 -0.012788
1573040281.628155 0.000000 0.000000 0.108338 10.241796 0.000000 2.370135 0.000000 -0.013665
1573040281.648171 0.000000 0.000000 0.133477 10.256760 0.000000 2.370106 0.000000 -0.013490
1573040281.668198 0.000000 0.000000 0.141258 10.244789 0.000000 2.370106 0.000000 -0.011914
1573040281.688147 0.000000 0.000000 0.159214 10.195109 0.000000 2.370106 0.000000 -0.015393
1573040281.708175 0.000000 0.001325 0.122703 10.225037 -0.002650 2.370076 0.000000 -0.011926
1573040281.728622 0.000000 0.001325 0.128688 10.241198 -0.002650 2.370076 0.000000 -0.012287
1573040281.748085 0.000000 0.000000 0.134075 10.244190 0.000000 2.370106 0.000000 -0.013399
1573040281.768223 0.000000 0.000000 0.127491 10.171167 0.000000 2.370106 0.000000 -0.012825
1573040281.788281 0.000000 0.000000 0.128688 10.287286 0.000000 2.370135 0.000000 -0.011794
1573040281.808157 0.000000 0.000000 0.134674 10.286688 0.000000 2.370135 0.000000 -0.011344
1573040281.828041 0.000000 0.000000 0.144251 10.290278 0.000000 2.370106 0.000000 -0.012982
1573040281.848179 0.000000 0.000000 0.117914 10.217256 0.000000 2.370106 0.000000 -0.011063
1573040281.868109 0.000000 0.000000 0.132878 10.168175 0.000000 2.370106 0.000000 -0.010752
1573040281.888179 0.000000 0.000662 0.125696 10.246585 -0.001325 2.370106 0.000000 -0.012714
1573040281.908106 0.000000 0.000662 0.138864 10.214861 -0.001325 2.370106 0.000000 -0.013220
1573040281.928105 0.000000 -0.001325 0.128688 10.208876 0.002650 2.370164 0.000000 -0.012593
1573040281.948172 0.000000 -0.001325 0.117914 10.232818 0.002650 2.370164 0.000000 -0.011160
1573040281.968217 0.000000 0.000662 0.125696 10.239402 -0.001325 2.370106 0.000000 -0.011767
1573040281.988249 0.000000 0.000662 0.125097 10.214263 -0.001325 2.370106 0.000000 -0.010351
1573040282.008443 0.000000 0.000662 0.120907 10.243592 -0.001325 2.370135 0.000000 -0.012929
1573040282.028202 0.000000 0.000662 0.134075 10.229227 -0.001325 2.370135 0.000000 -0.014544
1573040282.048225 0.000000 0.000000 0.149039 10.176554 0.000000 2.370135 0.000000 -0.013134
1573040282.068301 0.000000 0.000000 0.124498 10.227431 0.000000 2.370135 0.000000 -0.011929
1573040282.088170 0.000000 0.000000 0.151433 10.231022 0.000000 2.370135 0.000000 -0.012919
1573040282.108201 0.000000 0.000662 0.115520 10.254964 -0.001325 2.370076 0.000000 -0.010869
1573040282.128254 0.000000 0.000662 0.136469 10.178349 -0.001325 2.370076 0.000000 -0.013683
1573040282.148089 0.000000 0.000000 0.137068 10.221445 0.000000 2.370164 0.000000 -0.013776
1573040282.168345 0.000000 0.000000 0.132878 10.189124 0.000000 2.370164 0.000000 -0.013177
1573040282.188249 0.000000 0.000662 0.118513 10.240001 -0.001325 2.370106 0.000000 -0.011743
1573040282.208173 0.000000 0.000662 0.099359 10.212467 -0.001325 2.370106 0.000000 -0.012800
1573040282.228343 0.000000 -0.000662 0.141856 10.242394 0.001325 2.370135 0.000000 -0.015128
1573040282.248224 0.000000 -0.000662 0.149039 10.141838 0.001325 2.370135 0.000000 -0.012829
1573040282.268100 0.000000 -0.000662 0.139462 10.227431 0.001325 2.370135 0.000000 -0.011941
1573040282.288165 0.000000 -0.000662 0.127491 10.253169 0.001325 2.370135 0.000000 -0.011370
1573040282.308096 0.000000 -0.000662 0.113126 10.240001 0.001325 2.370135 0.000000 -0.012473
1573040282.328346 0.000000 -0.000662 0.140061 10.187328 0.001325 2.370135 0.000000 -0.014585
1573040282.348250 0.000000 -0.000662 0.130484 10.220847 0.001325 2.370135 0.000000 -0.013152
1573040282.368164 0.000000 0.000662 0.117316 10.220847 -0.001325 2.370106 0.000000 -0.013536
1573040282.388161 0.000000 0.000662 0.113725 10.245387 -0.001325 2.370106 0.000000 -0.015043
1573040282.408189 0.000000 -0.000662 0.145448 10.218452 0.001325 2.370135 0.000000 -0.013408
1573040282.428230 0.000000 -0.000662 0.139462 10.215460 0.001325 2.370135 0.000000 -0.014283
1573040282.448102 0.000000 -0.000662 0.144849 10.180744 0.001325 2.370135 0.000000 -0.013641
1573040282.468250 0.000000 -0.000662 0.105345 10.238804 0.001325 2.370135 0.000000 -0.011186
1573040282.488157 0.000000 0.000000 0.128688 10.280702 0.000000 2.370106 0.000000 -0.013219
1573040282.508259 0.000000 0.000000 0.135871 10.205284 0.000000 2.370106 0.000000 -0.012541
1573040282.528229 0.000000 0.000000 0.115520 10.216657 0.000000 2.370106 0.000000 -0.011305
1573040282.548145 0.000000 0.000000 0.132878 10.244789 0.000000 2.370106 0.000000 -0.013005
1573040282.568114 0.000000 0.000000 0.106542 10.213664 0.000000 2.370106 0.000000 -0.011962
1573040282.588216 0.000000 0.000000 0.135871 10.228628 0.000000 2.370106 0.000000 -0.013511
1573040282.608313 0.000000 0.000000 0.150236 10.187926 0.000000 2.370106 0.000000 -0.014024
1573040282.628158 0.000000 0.000000 0.164601 10.184934 0.000000 2.370106 0.000000 -0.013082
1573040282.648811 0.000000 0.000000 0.126893 10.240001 0.000000 2.370106 0.000000 -0.013550
1573040282.668059 0.000000 -0.000662 0.134075 10.207080 0.001325 2.370135 0.000000 -0.012928
1573040282.688098 0.000000 -0.000662 0.146645 10.227431 0.001325 2.370135 0.000000 -0.014646
1573040282.708130 0.000000 0.000662 0.123301 10.192117 -0.001325 2.370106 0.000000 -0.014284
1573040282.728206 0.000000 0.000662 0.126893 10.266336 -0.001325 2.370106 0.000000 -0.011898
1573040282.748069 0.000000 0.000662 0.129287 10.211868 -0.001325 2.370106 0.000000 -0.012513
1573040282.768283 0.000000 0.000000 0.128688 10.175357 0.000000 2.370106 0.000000 -0.012426
1573040282.788246 0.000000 0.000000 0.124498 10.169971 0.000000 2.370106 0.000000 -0.014149
1573040282.808166 0.000000 -0.000662 0.117316 10.186729 0.001325 2.370135 0.000000 -0.011704
1573040282.828237 0.000000 -0.000662 0.122703 10.228029 0.001325 2.370135 0.000000 -0.012302
1573040282.848206 0.000000 0.000000 0.145448 10.298658 0.000000 2.370106 0.000000 -0.014135
1573040282.868321 0.000000 0.000000 0.162207 10.240599 0.000000 2.370106 0.000000 -0.013289
1573040282.888125 0.000000 0.000000 0.134674 10.245387 0.000000 2.370106 0.000000 -0.012612
1573040282.908144 0.000000 0.000000 0.153229 10.207080 0.000000 2.370106 0.000000 -0.015056
1573040282.928137 0.000000 0.000000 0.135272 10.238804 0.000000 2.370106 0.000000 -0.013229
1573040282.948168 0.000000 0.000000 0.121506 10.201694 0.000000 2.370106 0.000000 -0.013576
1573040282.968208 0.000000 0.000000 0.124498 10.227431 0.000000 2.370106 0.000000 -0.012220
1573040282.988192 0.000000 0.000662 0.134075 10.209475 -0.001325 2.370106 0.000000 -0.014497
1573040283.008230 0.000000 0.000662 0.135871 10.180145 -0.001325 2.370106 0.000000 -0.012437
1573040283.028105 0.000000 0.000000 0.148441 10.224438 0.000000 2.370106 0.000000 -0.013673
1573040283.048165 0.000000 0.000000 0.159214 10.257359 0.000000 2.370106 0.000000 -0.015292
1573040283.068237 0.000000 0.000000 0.132280 10.270527 0.000000 2.370106 0.000000 -0.013160
1573040283.088124 0.000000 0.001325 0.145448 10.223241 -0.002650 2.370076 0.000000 -0.014233
1573040283.108228 0.000000 0.001325 0.122104 10.244190 -0.002650 2.370076 0.000000 -0.012244
1573040283.128183 0.000000 0.000000 0.137068 10.220847 0.000000 2.370135 0.000000 -0.013210
1573040283.148179 0.000000 0.000000 0.123900 10.234015 0.000000 2.370135 0.000000 -0.012462
1573040283.168339 0.000000 -0.000662 0.138864 10.228029 0.001325 2.370135 0.000000 -0.013017
1573040283.188171 0.000000 -0.000662 0.140659 10.252570 0.001325 2.370135 0.000000 -0.011878
1573040283.208135 0.000000 -0.001325 0.132878 10.240001 0.002650 2.370164 0.000000 -0.014649
1573040283.228147 0.000000 -0.001325 0.146046 10.328586 0.002650 2.370164 0.000000 -0.012286
1573040283.248072 0.000000 0.000000 0.118513 10.240001 0.000000 2.370135 0.000000 -0.013433
1573040283.268157 0.000000 0.000000 0.114323 10.213066 0.000000 2.370135 0.000000 -0.011504
1573040283.288028 0.000000 0.000000 0.133477 10.219051 0.000000 2.370135 0.000000 -0.013664
1573040283.308430 0.000000 -0.000662 0.125696 10.238205 0.001325 2.370135 0.000000 -0.012361
1573040283.328224 0.000000 -0.000662 0.125696 10.185533 0.001325 2.370135 0.000000 -0.012389
1573040283.348211 0.000000 0.000662 0.143652 10.277111 -0.001325 2.370106 0.000000 -0.013307
1573040283.368402 0.000000 0.000662 0.112527 10.207080 -0.001325 2.370106 0.000000 -0.011172
1573040283.388188 0.000000 0.000000 0.136469 10.265738 0.000000 2.370106 0.000000 -0.013267
