1573045390.284017 0.000000 0.000000 0.077213 10.141838 0.000000 -0.067211 0.000000 -0.007505
1573045390.304018 0.000000 0.000000 0.060454 10.148422 0.000000 -0.067211 0.000000 -0.005094
1573045390.323894 0.000000 0.000000 0.047285 10.151415 -0.001325 -0.067238 0.000000 -0.005020
1573045390.343933 0.000000 0.000000 0.060454 10.222643 -0.001325 -0.067238 0.000000 -0.006004
1573045390.364073 0.000000 0.000000 0.045490 10.256162 -0.001325 -0.067238 0.000000 -0.003825
1573045390.383947 0.000000 0.000000 0.060454 10.290877 0.000000 -0.067238 0.000000 -0.004829
1573045390.403912 0.000000 0.000000 0.037709 10.238804 0.000000 -0.067238 0.000000 -0.005250
1573045390.423886 0.000000 0.000000 0.053870 10.241198 0.000000 -0.067211 0.000000 -0.004846
1573045390.443908 0.000000 0.000000 0.041300 10.163984 0.000000 -0.067211 0.000000 -0.003989
1573045390.463936 0.000000 0.000000 0.061052 10.187926 0.001267 -0.067211 0.000000 -0.006452
1573045390.483913 0.000000 0.000000 0.065242 10.169971 0.001267 -0.067211 0.000000 -0.004557
1573045390.503803 0.000000 0.000000 0.039504 10.123881 0.000000 -0.067211 0.000000 -0.004066
1573045390.523983 0.000000 0.000000 0.048483 10.255563 0.000000 -0.067211 0.000000 -0.006630
1573045390.544150 0.000000 0.000000 0.026935 10.207080 0.000000 -0.067211 0.000000 -0.004114
1573045390.563871 0.000000 0.000000 0.020949 10.244789 0.001325 -0.067211 0.000000 -0.004021
1573045390.584073 0.000000 0.000000 0.065841 10.260950 0.001325 -0.067211 0.000000 -0.004612
1573045390.604100 0.000000 0.000000 0.037709 10.151415 0.000000 -0.067211 0.000000 -0.005180
1573045390.623983 0.000000 0.000000 0.040701 10.211270 0.000000 -0.067211 0.000000 -0.004120
1573045390.643950 0.000000 0.000000 0.066439 10.232220 0.000000 -0.067211 0.000000 -0.006564
1573045390.663941 0.000000 0.000000 0.065841 10.231022 0.000000 -0.067211 0.000000 -0.006334
1573045390.683967 0.000000 0.000000 0.066439 10.250175 0.001325 -0.067238 0.000000 -0.004512
1573045390.704192 0.000000 0.000000 0.050278 10.253169 0.001325 -0.067238 0.000000 -0.002882
1573045390.723956 0.000000 0.000000 0.042497 10.285490 0.001325 -0.067238 0.000000 -0.004582
1573045390.744222 0.000000 0.000000 0.059256 10.217256 0.000000 -0.067211 0.000000 -0.006110
1573045390.764203 0.000000 0.000000 0.052074 10.205883 0.000000 -0.067211 0.000000 -0.005239
1573045390.783903 0.000000 0.000000 0.052074 10.220248 0.000000 -0.067211 0.000000 -0.005149
1573045390.804058 0.000000 0.000000 0.053271 10.190321 0.000000 -0.067211 0.000000 -0.005726
1573045390.823791 0.000000 0.000000 0.056264 10.234015 0.000000 -0.067211 0.000000 -0.004382
1573045390.843835 0.000000 0.000000 0.046687 10.300454 0.000000 -0.067211 0.000000 -0.004823
1573045390.863828 0.000000 0.000000 0.066439 10.180744 0.001325 -0.067211 0.000000 -0.006590
1573045390.883881 0.000000 0.000000 0.054468 10.263943 0.001325 -0.067211 0.000000 -0.004505
1573045390.904093 0.000000 0.000000 0.062249 10.302250 0.001325 -0.067211 0.000000 -0.006690
1573045390.923798 0.000000 0.000000 0.045490 10.277111 -0.001325 -0.067238 0.000000 -0.004049
1573045390.943954 0.000000 0.000000 0.052672 10.200496 -0.001325 -0.067238 0.000000 -0.005077
1573045390.964045 0.000000 0.000000 0.073622 10.195707 0.000000 -0.067211 0.000000 -0.006204
1573045390.984148 0.000000 0.000000 0.045490 10.240001 0.000000 -0.067211 0.000000 -0.004659
1573045391.004108 0.000000 0.000000 0.072425 10.187926 -0.001325 -0.067238 0.000000 -0.006156
1573045391.023827 0.000000 0.000000 0.038307 10.215460 -0.001325 -0.067238 0.000000 -0.005640
1573045391.044264 0.000000 0.000000 0.029329 10.254366 0.000000 -0.067211 0.000000 -0.006188
1573045391.063754 0.000000 0.000000 0.050278 10.214861 0.000000 -0.067211 0.000000 -0.004815
1573045391.083862 0.000000 0.000000 0.021548 10.222643 0.000000 -0.067211 0.000000 -0.002382
1573045391.104162 0.000000 0.000000 0.026935 10.238804 0.000000 -0.067211 0.000000 -0.004801
1573045391.123981 0.000000 0.000000 0.074220 10.244789 0.000000 -0.067211 0.000000 -0.003791
1573045391.144139 0.000000 0.000000 0.056264 10.250175 0.001325 -0.067183 0.000000 -0.004139
1573045391.164042 0.000000 0.000000 0.035913 10.223840 0.001325 -0.067183 0.000000 -0.003505
1573045391.183926 0.000000 0.000000 0.036512 10.171765 0.000000 -0.067211 0.000000 -0.001228
1573045391.204061 0.000000 0.000000 0.029928 10.211868 0.000000 -0.067211 0.000000 -0.001779
1573045391.223838 0.000000 0.000000 0.036512 10.198102 0.000000 -0.067211 0.000000 -0.004156
1573045391.243931 0.000000 0.000000 0.035314 10.187328 0.000000 -0.067211 0.000000 -0.005889
1573045391.263847 0.000000 0.000000 0.044891 10.228628 0.002650 -0.067183 0.000000 -0.003673
1573045391.283900 0.000000 0.000000 0.059256 10.253767 0.002650 -0.067183 0.000000 -0.005551
1573045391.303941 0.000000 0.000000 0.056862 10.242993 0.000000 -0.067211 0.000000 -0.004523
1573045391.323919 0.000000 0.000000 0.057461 10.213664 0.000000 -0.067211 0.000000 -0.005477
1573045391.344047 0.000000 0.000000 0.045490 10.238205 0.000000 -0.067211 0.000000 -0.004434
1573045391.364000 0.000000 0.000000 0.047285 10.231022 -0.001325 -0.067211 0.000000 -0.004479
1573045391.383967 0.000000 0.000000 0.058059 10.154408 -0.001325 -0.067211 0.000000 -0.005535
1573045391.404096 0.000000 0.000000 0.037709 10.241796 -0.001267 -0.067211 0.000000 -0.003510
1573045391.423936 0.000000 0.000000 0.051475 10.193314 -0.001267 -0.067211 0.000000 -0.003628
1573045391.443941 0.000000 0.000000 0.050877 10.186131 0.001325 -0.067183 0.000000 -0.005267
1573045391.463796 0.000000 0.000000 0.053870 10.242993 0.001325 -0.067183 0.000000 -0.005237
1573045391.483754 0.000000 0.000000 0.034716 10.287885 0.001325 -0.067211 0.000000 -0.004317
1573045391.504018 0.000000 0.000000 0.065841 10.224438 0.001325 -0.067211 0.000000 -0.005099
1573045391.524108 0.000000 0.000000 0.044891 10.184336 0.001325 -0.067211 0.000000 -0.005558
1573045391.544098 0.000000 0.000000 0.020351 10.162189 0.000000 -0.067211 0.000000 -0.003068
1573045391.564207 0.000000 0.000000 0.049081 10.290877 0.000000 -0.067211 0.000000 -0.004527
1573045391.584030 0.000000 0.000000 0.060454 10.264541 0.000000 -0.067211 0.000000 -0.004636
1573045391.604235 0.000000 0.000000 0.033519 10.207679 0.000000 -0.067211 0.000000 -0.005245
1573045391.623974 0.000000 0.000000 0.041899 10.215460 0.001267 -0.067211 0.000000 -0.004101
1573045391.643779 0.000000 0.000000 0.055665 10.239402 0.001267 -0.067211 0.000000 -0.003231
1573045391.663834 0.000000 0.000000 0.041300 10.199898 -0.001325 -0.067238 0.000000 -0.005107
1573045391.683939 0.000000 0.000000 0.036512 10.199898 -0.001325 -0.067238 0.000000 -0.005482
1573045391.703764 0.000000 0.000000 0.050278 10.167576 0.001325 -0.067211 0.000000 -0.003316
1573045391.724015 0.000000 0.000000 0.046687 10.174160 0.001325 -0.067211 0.000000 -0.004754
1573045391.744015 0.000000 0.000000 0.049680 10.213066 0.001325 -0.067211 0.000000 -0.003457
1573045391.764016 0.000000 0.000000 0.043694 10.245387 0.000000 -0.067211 0.000000 -0.004242
1573045391.783960 0.000000 0.000000 0.045490 10.197503 0.000000 -0.067211 0.000000 -0.003896
1573045391.803859 0.000000 0.000000 0.053271 10.252570 0.000000 -0.067211 0.000000 -0.004781
1573045391.823911 0.000000 0.000000 0.046687 10.247782 0.000000 -0.067211 0.000000 -0.006205
1573045391.843808 0.000000 0.000000 0.044891 10.251373 0.000000 -0.067211 0.000000 -0.004022
1573045391.863884 0.000000 0.000000 0.058059 10.192117 0.000000 -0.067211 0.000000 -0.005982
1573045391.883981 0.000000 0.000000 0.056264 10.199299 0.000000 -0.067211 0.000000 -0.005036
1573045391.904007 0.000000 0.000000 0.048483 10.138247 0.000000 -0.067211 0.000000 -0.005700
1573045391.923898 0.000000 0.000000 0.022745 10.150817 -0.001325 -0.067238 0.000000 -0.004714
1573045391.944127 0.000000 0.000000 0.028730 10.202291 -0.001325 -0.067238 0.000000 -0.002392
1573045391.964077 0.000000 0.000000 0.064643 10.246585 -0.001325 -0.067238 0.000000 -0.005019
1573045391.983999 0.000000 0.000000 0.029329 10.190919 0.001267 -0.067211 0.000000 -0.005025
1573045392.004036 0.000000 0.000000 0.034117 10.197503 0.001267 -0.067211 0.000000 -0.004253
1573045392.024231 0.000000 0.000000 0.046088 10.216059 0.000000 -0.067211 0.000000 -0.004325
1573045392.043957 0.000000 0.000000 0.054468 10.193314 0.000000 -0.067211 0.000000 -0.006949
1573045392.063976 0.000000 0.000000 0.031125 10.242394 0.001325 -0.067211 0.000000 -0.003798
1573045392.083785 0.000000 0.000000 0.048483 10.124480 0.001325 -0.067211 0.000000 -0.004749
1573045392.103958 0.000000 0.000000 0.035913 10.221445 -0.002650 -0.067265 0.000000 -0.003357
1573045392.123792 0.000000 0.000000 0.051475 10.257957 -0.002650 -0.067265 0.000000 -0.005608
1573045392.143861 0.000000 0.000000 0.036512 10.241796 0.000000 -0.067211 0.000000 -0.006575
1573045392.164288 0.000000 0.000000 0.068235 10.205284 0.000000 -0.067211 0.000000 -0.004569
1573045392.183996 0.000000 0.000000 0.068235 10.263943 0.000000 -0.067211 0.000000 -0.005038
1573045392.204057 0.000000 0.000000 0.046088 10.235810 -0.002650 -0.067265 0.000000 -0.004372
1573045392.224067 0.000000 0.000000 0.053271 10.196306 -0.002650 -0.067265 0.000000 -0.005419
1573045392.243901 0.000000 0.000000 0.063446 10.207080 0.000000 -0.067211 0.000000 -0.006531
1573045392.263839 0.000000 0.000000 0.038307 10.169971 0.000000 -0.067211 0.000000 -0.004146
1573045392.283782 0.000000 0.000000 0.046687 10.236409 -0.001267 -0.067238 0.000000 -0.004138
1573045392.303898 0.000000 0.000000 0.049081 10.234015 -0.001267 -0.067238 0.000000 -0.006839
1573045392.323930 0.000000 0.000000 0.035913 10.259154 -0.001267 -0.067238 0.000000 -0.004479
1573045392.344043 0.000000 0.000000 0.051475 10.271724 0.001325 -0.067211 0.000000 -0.003811
1573045392.363903 0.000000 0.000000 0.045490 10.220847 0.001325 -0.067211 0.000000 -0.003595
1573045392.384073 0.000000 0.000000 0.049680 10.191518 0.000000 -0.067211 0.000000 -0.004883
1573045392.404001 0.000000 0.000000 0.035913 10.239402 0.000000 -0.067211 0.000000 -0.005374
1573045392.424129 0.000000 0.000000 0.054468 10.270527 0.000000 -0.067211 0.000000 -0.005037
1573045392.443945 0.000000 0.000000 0.070629 10.255563 0.000000 -0.067211 0.000000 -0.005859
1573045392.463970 0.000000 0.000000 0.049680 10.238804 0.000000 -0.067211 0.000000 -0.005996
1573045392.483893 0.000000 0.000000 0.050877 10.272323 0.000000 -0.067211 0.000000 -0.003955
1573045392.503854 0.000000 0.000000 0.044891 10.265140 0.000000 -0.067211 0.000000 -0.003352
1573045392.523860 0.000000 0.000000 0.059256 10.268731 -0.001267 -0.067238 0.000000 -0.004219
1573045392.543998 0.000000 0.000000 0.065841 10.178948 -0.001267 -0.067238 0.000000 -0.005637
1573045392.564170 0.000000 0.000000 0.035913 10.171765 0.001325 -0.067211 0.000000 -0.002951
1573045392.584035 0.000000 0.000000 0.044891 10.235212 0.001325 -0.067211 0.000000 -0.004727
1573045392.603994 0.000000 0.000000 0.046687 10.212467 0.001325 -0.067183 0.000000 -0.004616
1573045392.624136 0.000000 0.000000 0.038307 10.198102 0.001325 -0.067183 0.000000 -0.004378
1573045392.643847 0.000000 0.000000 0.044293 10.254366 -0.001325 -0.067211 0.000000 -0.005893
1573045392.664014 0.000000 0.000000 0.064643 10.213664 -0.001325 -0.067211 0.000000 -0.005150
1573045392.683897 0.000000 0.000000 0.052672 10.225037 -0.001325 -0.067238 0.000000 -0.004037
1573045392.703933 0.000000 0.000000 0.060454 10.271125 -0.001325 -0.067238 0.000000 -0.003725
1573045392.723818 0.000000 0.000000 0.058658 10.245986 -0.001325 -0.067238 0.000000 -0.005907
1573045392.743938 0.000000 0.000000 0.082001 10.220847 0.000000 -0.067211 0.000000 -0.004684
1573045392.763946 0.000000 0.000000 0.048483 10.170568 0.000000 -0.067211 0.000000 -0.006631
1573045392.783968 0.000000 0.000000 0.044293 10.223241 0.000000 -0.067211 0.000000 -0.004557
1573045392.804019 0.000000 0.000000 0.044293 10.186729 0.000000 -0.067211 0.000000 -0.003645
1573045392.824212 0.000000 0.000000 0.066439 10.171167 0.001325 -0.067211 0.000000 -0.005177
1573045392.843769 0.000000 0.000000 0.047285 10.214861 0.001325 -0.067211 0.000000 -0.006453
1573045392.863720 0.000000 0.000000 0.060454 10.206482 0.000000 -0.067211 0.000000 -0.005340
1573045392.883851 0.000000 0.000000 0.041300 10.235212 0.000000 -0.067211 0.000000 -0.004088
1573045392.903856 0.000000 0.000000 0.033519 10.285490 0.000000 -0.067211 0.000000 -0.003719
1573045392.923903 0.000000 0.000000 0.050278 10.145430 0.000000 -0.067211 0.000000 -0.005969
1573045392.943842 0.000000 0.000000 0.055665 10.186131 0.000000 -0.067211 0.000000 -0.005607
1573045392.964073 0.000000 0.000000 0.050278 10.205883 0.001325 -0.067211 0.000000 -0.004501
1573045392.983951 0.000000 0.000000 0.028730 10.231022 0.001325 -0.067211 0.000000 -0.002267
1573045393.003988 0.000000 0.000000 0.014964 10.216657 0.001325 -0.067211 0.000000 -0.002335
1573045393.024178 0.000000 0.000000 0.070030 10.210073 0.001325 -0.067211 0.000000 -0.004258
1573045393.043868 0.000000 0.000000 0.041899 10.257359 0.001325 -0.067211 0.000000 -0.003447
1573045393.063935 0.000000 0.000000 0.061651 10.209475 0.001325 -0.067211 0.000000 -0.004584
1573045393.083863 0.000000 0.000000 0.053271 10.254964 0.001267 -0.067183 0.000000 -0.005254
1573045393.103871 0.000000 0.000000 0.046687 10.186131 0.001267 -0.067183 0.000000 -0.004992
1573045393.123974 0.000000 0.000000 0.047884 10.175956 0.000000 -0.067211 0.000000 -0.004735
1573045393.143775 0.000000 0.000000 0.043096 10.155006 0.000000 -0.067211 0.000000 -0.005297
1573045393.164360 0.000000 0.000000 0.044293 10.247183 0.000000 -0.067211 0.000000 -0.005694
1573045393.183889 0.000000 0.000000 0.059855 10.280104 0.001325 -0.067211 0.000000 -0.005808
1573045393.203949 0.000000 0.000000 0.066439 10.225037 0.001325 -0.067211 0.000000 -0.005343
1573045393.223878 0.000000 0.000000 0.043694 10.214263 -0.001325 -0.067238 0.000000 -0.005232
1573045393.243966 0.000000 0.000000 0.035314 10.283694 -0.001325 -0.067238 0.000000 -0.003461
1573045393.263937 0.000000 0.000000 0.055665 10.225037 0.000000 -0.067211 0.000000 -0.005029
1573045393.283807 0.000000 0.000000 0.056264 10.211270 0.000000 -0.067211 0.000000 -0.003102
1573045393.303815 0.000000 0.000000 0.028132 10.125079 0.000000 -0.067211 0.000000 -0.005031
1573045393.323876 0.000000 0.000000 0.076614 10.169372 0.000000 -0.067211 0.000000 -0.004961
1573045393.343971 0.000000 0.000000 0.064045 10.210671 0.000000 -0.067211 0.000000 -0.004662
1573045393.364062 0.000000 0.000000 0.042497 10.244190 0.000000 -0.067238 0.000000 -0.003861
1573045393.383869 0.000000 0.000000 0.071826 10.251971 0.000000 -0.067238 0.000000 -0.005095
1573045393.403906 0.000000 0.000000 0.063446 10.217256 -0.001325 -0.067238 0.000000 -0.005105
1573045393.424295 0.000000 0.000000 0.043096 10.219649 -0.001325 -0.067238 0.000000 -0.004226
1573045393.443852 0.000000 0.000000 0.079009 10.242394 0.000000 -0.067211 0.000000 -0.005499
1573045393.463803 0.000000 0.000000 0.063446 10.254366 0.000000 -0.067211 0.000000 -0.006707
1573045393.483767 0.000000 0.000000 0.053271 10.192715 -0.001325 -0.067238 0.000000 -0.004511
1573045393.503887 0.000000 0.000000 0.069432 10.185533 -0.001325 -0.067238 0.000000 -0.004143
1573045393.523763 0.000000 0.000000 0.037110 10.135853 -0.001325 -0.067238 0.000000 -0.005774
1573045393.543876 0.000000 0.000000 0.031723 10.193913 0.001325 -0.067211 0.000000 -0.006324
1573045393.564087 0.000000 0.000000 0.043694 10.200496 0.001325 -0.067211 0.000000 -0.003548
1573045393.584015 0.000000 0.000000 0.037709 10.195109 0.000000 -0.067211 0.000000 -0.003675
1573045393.603735 0.000000 0.000000 0.062848 10.179547 -0.001267 -0.067238 0.000000 -0.007526
1573045393.623706 0.000000 0.000000 0.059855 10.212467 0.001325 -0.067211 0.000000 -0.006171
1573045393.643782 0.000000 0.000000 0.047285 10.253169 0.001325 -0.067211 0.000000 -0.005074
1573045393.663707 0.000000 0.000000 0.051475 10.216657 0.000000 -0.067211 0.000000 -0.006272
1573045393.684174 0.000000 0.000000 0.061052 10.231621 0.000000 -0.067211 0.000000 -0.003813
1573045393.703894 0.000000 0.000000 0.055665 10.263344 0.000000 -0.067211 0.000000 -0.006083
1573045393.723912 0.000000 0.000000 0.059256 10.266336 0.000000 -0.067211 0.000000 -0.006962
1573045393.743942 0.000000 0.000000 0.053870 10.222044 0.000000 -0.067211 0.000000 -0.005050
1573045393.763989 0.000000 0.000000 0.068833 10.281899 -0.001267 -0.067238 0.000000 -0.006797
1573045393.783800 0.000000 0.000000 0.058059 10.230424 -0.001267 -0.067238 0.000000 -0.006310
1573045393.804510 0.000000 0.000000 0.064045 10.240001 0.002650 -0.067211 0.000000 -0.007392
1573045393.824116 0.000000 0.000000 0.045490 10.227431 0.002650 -0.067211 0.000000 -0.005877
1573045393.843864 0.000000 0.000000 0.071826 10.282497 0.001267 -0.067211 0.000000 -0.005212
1573045393.863839 0.000000 0.000000 0.067636 10.237008 0.001267 -0.067211 0.000000 -0.004081
1573045393.883861 0.000000 0.000000 0.029928 10.216059 0.001325 -0.067211 0.000000 -0.002643
1573045393.903848 0.000000 0.000000 0.044293 10.226233 0.001325 -0.067211 0.000000 -0.005132
1573045393.923835 0.000000 0.000000 0.056264 10.248979 0.001325 -0.067211 0.000000 -0.005281
1573045393.943787 0.000000 0.000000 0.045490 10.254964 0.000000 -0.067211 0.000000 -0.003987
1573045393.964347 0.000000 0.000000 0.080804 10.175357 0.000000 -0.067211 0.000000 -0.005492
1573045393.984512 0.000000 0.000000 0.045490 10.199898 0.000000 -0.067211 0.000000 -0.006385
1573045394.003924 0.000000 0.000000 0.048483 10.193913 0.000000 -0.067211 0.000000 -0.003812
1573045394.024279 0.000000 0.000000 0.062848 10.254366 -0.001325 -0.067238 0.000000 -0.004990
1573045394.044004 0.000000 0.000000 0.042497 10.255563 -0.001325 -0.067238 0.000000 -0.004382
1573045394.063859 0.000000 0.000000 0.059855 10.227431 0.000000 -0.067211 0.000000 -0.005525
1573045394.083840 0.000000 0.000000 0.064643 10.244789 0.000000 -0.067211 0.000000 -0.004638
1573045394.103781 0.000000 0.000000 0.051475 10.272921 0.000000 -0.067211 0.000000 -0.004796
1573045394.123885 0.000000 0.000000 0.047285 10.201095 0.000000 -0.067211 0.000000 -0.004644
1573045394.143934 0.000000 0.000000 0.043694 10.203489 0.000000 -0.067211 0.000000 -0.004716
1573045394.163895 0.000000 0.000000 0.037110 10.213066 0.000000 -0.067265 0.000000 -0.003939
1573045394.183958 0.000000 0.000000 0.033519 10.208278 0.000000 -0.067265 0.000000 -0.003141
1573045394.204068 0.000000 0.000000 0.046687 10.241796 0.002650 -0.067183 0.000000 -0.004588
1573045394.223841 0.000000 0.000000 0.050278 10.203489 0.002650 -0.067183 0.000000 -0.005153
1573045394.244033 0.000000 0.000000 0.046088 10.244190 -0.001325 -0.067238 0.000000 -0.006730
1573045394.263813 0.000000 0.000000 0.061052 10.206482 -0.001325 -0.067238 0.000000 -0.007461
1573045394.283882 0.000000 0.000000 0.026336 10.237606 0.000000 -0.067211 0.000000 -0.005422
1573045394.303839 0.000000 0.000000 0.047285 10.251971 0.000000 -0.067211 0.000000 -0.005090
1573045394.323864 0.000000 0.000000 0.080804 10.156203 0.000000 -0.067211 0.000000 -0.007498
1573045394.343804 0.000000 0.000000 0.035913 10.178948 0.000000 -0.067211 0.000000 -0.003700
1573045394.363948 0.000000 0.000000 0.046088 10.204087 0.000000 -0.067211 0.000000 -0.006045
1573045394.383987 0.000000 0.000000 0.048483 10.243592 0.000000 -0.067211 0.000000 -0.006542
1573045394.403975 0.000000 0.000000 0.048483 10.193913 0.000000 -0.067211 0.000000 -0.004432
1573045394.424013 0.000000 0.000000 0.047884 10.250175 0.001325 -0.067211 0.000000 -0.004889
1573045394.444001 0.000000 0.000000 0.042497 10.197503 0.001325 -0.067211 0.000000 -0.005590
1573045394.463770 0.000000 0.000000 0.031723 10.225636 0.001267 -0.067211 0.000000 -0.003448
1573045394.483873 0.000000 0.000000 0.063446 10.277709 0.001267 -0.067211 0.000000 -0.006112
1573045394.503852 0.000000 0.000000 0.046088 10.282497 0.001325 -0.067183 0.000000 -0.005231
1573045394.523808 0.000000 0.000000 0.047285 10.193913 0.001325 -0.067183 0.000000 -0.004228
1573045394.543862 0.000000 0.000000 0.055067 10.143035 0.001325 -0.067183 0.000000 -0.004361
1573045394.563997 0.000000 0.000000 0.035314 10.242993 -0.001325 -0.067238 0.000000 -0.006102
1573045394.584177 0.000000 0.000000 0.043096 10.208876 -0.001325 -0.067238 0.000000 -0.003995
1573045394.604031 0.000000 0.000000 0.055665 10.214861 0.001325 -0.067211 0.000000 -0.004903
1573045394.623918 0.000000 0.000000 0.038307 10.248381 0.001325 -0.067211 0.000000 -0.004771
1573045394.643994 0.000000 0.000000 0.049680 10.179547 -0.001325 -0.067238 0.000000 -0.003033
1573045394.663875 0.000000 0.000000 0.040103 10.169971 -0.001325 -0.067238 0.000000 -0.004897
1573045394.683909 0.000000 0.000000 0.049680 10.214263 -0.001325 -0.067238 0.000000 -0.004871
1573045394.703891 0.000000 0.000000 0.050877 10.205883 0.000000 -0.067211 0.000000 -0.005403
1573045394.723764 0.000000 0.000000 0.058658 10.153810 -0.001325 -0.067238 0.000000 -0.005190
1573045394.744019 0.000000 0.000000 0.023942 10.189124 0.001325 -0.067211 0.000000 -0.003573
1573045394.763770 0.000000 0.000000 0.057461 10.292673 0.001325 -0.067211 0.000000 -0.004067
1573045394.783895 0.000000 0.000000 0.061052 10.290877 0.001325 -0.067211 0.000000 -0.006284
1573045394.803998 0.000000 0.000000 0.061052 10.192117 0.001325 -0.067211 0.000000 -0.006681
1573045394.823965 0.000000 0.000000 0.073023 10.272921 0.001325 -0.067211 0.000000 -0.006652
1573045394.844120 0.000000 0.000000 0.078410 10.152014 0.001325 -0.067211 0.000000 -0.006117
1573045394.863888 0.000000 0.000000 0.047884 10.214861 0.000000 -0.067211 0.000000 -0.004645
1573045394.883912 0.000000 0.000000 0.029329 10.231621 0.000000 -0.067211 0.000000 -0.003986
1573045394.903797 0.000000 0.000000 0.046088 10.144233 0.000000 -0.067211 0.000000 -0.005617
1573045394.923850 0.000000 0.000000 0.031125 10.174160 0.001267 -0.067211 0.000000 -0.003161
1573045394.943841 0.000000 0.000000 0.049680 10.258555 0.001267 -0.067211 0.000000 -0.005616
1573045394.963837 0.000000 0.000000 0.052672 10.234015 -0.001325 -0.067238 0.000000 -0.005890
1573045394.983988 0.000000 0.000000 0.065242 10.246585 -0.001325 -0.067238 0.000000 -0.003647
1573045395.003922 0.000000 0.000000 0.059256 10.159795 0.000000 -0.067238 0.000000 -0.006755
1573045395.024027 0.000000 0.000000 0.046088 10.198102 0.000000 -0.067238 0.000000 -0.004776
1573045395.043984 0.000000 0.000000 0.058059 10.193913 0.000000 -0.067238 0.000000 -0.005672
1573045395.063989 0.000000 0.000000 0.029329 10.208876 -0.001325 -0.067211 0.000000 -0.003184
1573045395.083834 0.000000 0.000000 0.051475 10.198701 -0.001325 -0.067211 0.000000 -0.005016
1573045395.104030 0.000000 0.000000 0.068833 10.164583 0.001325 -0.067211 0.000000 -0.007137
1573045395.123958 0.000000 0.000000 0.025738 10.280702 0.001325 -0.067211 0.000000 -0.004051
1573045395.143821 0.000000 0.000000 0.044293 10.254964 0.000000 -0.067211 0.000000 -0.005888
1573045395.163723 0.000000 0.000000 0.076614 10.271125 0.000000 -0.067211 0.000000 -0.007412
1573045395.184030 0.000000 0.000000 0.035314 10.237606 -0.002650 -0.067238 0.000000 -0.003723
1573045395.203972 0.000000 0.000000 0.043694 10.185533 -0.002650 -0.067238 0.000000 -0.003745
1573045395.224043 0.000000 0.000000 0.032920 10.285490 0.001267 -0.067211 0.000000 -0.003824
1573045395.244175 0.000000 0.000000 0.064045 10.202291 0.001267 -0.067211 0.000000 -0.006179
1573045395.263835 0.000000 0.000000 0.047285 10.214861 0.001267 -0.067211 0.000000 -0.004317
1573045395.283898 0.000000 0.000000 0.054468 10.174759 -0.001325 -0.067211 0.000000 -0.005765
1573045395.303909 0.000000 0.000000 0.050278 10.274716 -0.001325 -0.067211 0.000000 -0.004922
1573045395.323787 0.000000 0.000000 0.060454 10.234015 0.000000 -0.067211 0.000000 -0.005967
1573045395.343796 0.000000 0.000000 0.044891 10.248381 0.000000 -0.067211 0.000000 -0.004523
1573045395.363762 0.000000 0.000000 0.058059 10.238205 0.000000 -0.067211 0.000000 -0.005608
1573045395.383931 0.000000 0.000000 0.035913 10.168175 0.000000 -0.067211 0.000000 -0.006471
1573045395.404042 0.000000 0.000000 0.064643 10.235810 0.000000 -0.067211 0.000000 -0.005894
1573045395.424031 0.000000 0.000000 0.037709 10.252570 0.000000 -0.067211 0.000000 -0.003257
1573045395.443923 0.000000 0.000000 0.039504 10.223840 0.000000 -0.067211 0.000000 -0.004033
1573045395.464006 0.000000 0.000000 0.058059 10.207679 0.000000 -0.067211 0.000000 -0.005263
1573045395.483847 0.000000 0.000000 0.058658 10.231022 0.000000 -0.067211 0.000000 -0.003973
1573045395.503979 0.000000 0.000000 0.053870 10.264541 -0.001325 -0.067238 0.000000 -0.006013
1573045395.523940 0.000000 0.000000 0.047285 10.319009 -0.001325 -0.067238 0.000000 -0.003866
1573045395.543848 0.000000 0.000000 0.050877 10.222643 0.000000 -0.067238 0.000000 -0.003450
1573045395.563876 0.000000 0.000000 0.026935 10.225636 0.000000 -0.067238 0.000000 -0.005395
1573045395.584240 0.000000 0.000000 0.070030 10.150817 0.001325 -0.067211 0.000000 -0.006943
1573045395.604027 0.000000 0.000000 0.046088 10.227431 0.001325 -0.067211 0.000000 -0.005293
1573045395.624217 0.000000 0.000000 0.041300 10.249578 0.001325 -0.067183 0.000000 -0.004418
1573045395.644064 0.000000 0.000000 0.045490 10.207080 0.001325 -0.067183 0.000000 -0.004102
1573045395.664022 0.000000 0.000000 0.065841 10.189124 0.000000 -0.067211 0.000000 -0.005669
1573045395.683846 0.000000 0.000000 0.040103 10.240599 0.000000 -0.067211 0.000000 -0.004798
1573045395.703933 0.000000 0.000000 0.054468 10.293870 0.000000 -0.067211 0.000000 -0.005166
1573045395.723901 0.000000 0.000000 0.033519 10.248979 0.001325 -0.067183 0.000000 -0.006061
1573045395.743777 0.000000 0.000000 0.037709 10.196306 0.001325 -0.067183 0.000000 -0.006558
1573045395.763729 0.000000 0.000000 0.043694 10.143035 0.000000 -0.067211 0.000000 -0.004226
1573045395.783911 0.000000 0.000000 0.049680 10.208278 0.000000 -0.067211 0.000000 -0.004660
1573045395.803949 0.000000 0.000000 0.040103 10.287885 0.000000 -0.067211 0.000000 -0.003945
1573045395.824171 0.000000 0.000000 0.061052 10.217854 0.000000 -0.067211 0.000000 -0.006473
1573045395.843893 0.000000 0.000000 0.040701 10.240599 -0.001325 -0.067238 0.000000 -0.005223
1573045395.863889 0.000000 0.000000 0.052672 10.223241 -0.001325 -0.067238 0.000000 -0.005100
1573045395.883977 0.000000 0.000000 0.058059 10.189722 0.000000 -0.067211 0.000000 -0.005836
1573045395.903972 0.000000 0.000000 0.041899 10.283694 0.000000 -0.067211 0.000000 -0.006229
1573045395.924005 0.000000 0.000000 0.052672 10.265738 0.000000 -0.067211 0.000000 -0.004704
1573045395.943893 0.000000 0.000000 0.061052 10.179547 0.000000 -0.067211 0.000000 -0.006295
1573045395.963895 0.000000 0.000000 0.040701 10.192715 0.000000 -0.067211 0.000000 -0.003726
1573045395.983906 0.000000 0.000000 0.036512 10.220847 0.002650 -0.067183 0.000000 -0.005178
1573045396.003979 0.000000 0.000000 0.077213 10.277709 0.002650 -0.067183 0.000000 -0.007770
1573045396.023944 0.000000 0.000000 0.064045 10.208278 -0.001325 -0.067238 0.000000 -0.006782
1573045396.044054 0.000000 0.000000 0.063446 10.210671 -0.001325 -0.067238 0.000000 -0.004954
1573045396.063933 0.000000 0.000000 0.063446 10.193913 0.001325 -0.067211 0.000000 -0.005343
1573045396.083938 0.000000 0.000000 0.028132 10.254964 0.001325 -0.067211 0.000000 -0.005476
1573045396.104067 0.000000 0.000000 0.034117 10.242993 0.001325 -0.067211 0.000000 -0.003981
1573045396.123783 0.000000 0.000000 0.056264 10.129269 0.001267 -0.067183 0.000000 -0.005613
1573045396.143797 0.000000 0.000000 0.052672 10.137649 0.001267 -0.067183 0.000000 -0.003625
1573045396.163797 0.000000 0.000000 0.050278 10.218452 0.001325 -0.067211 0.000000 -0.005166
1573045396.184004 0.000000 0.000000 0.030526 10.200496 0.000000 -0.067211 0.000000 -0.006740
1573045396.203985 0.000000 0.000000 0.053870 10.207080 0.000000 -0.067211 0.000000 -0.004945
1573045396.224006 0.000000 0.000000 0.046088 10.248979 0.000000 -0.067211 0.000000 -0.004315
1573045396.243963 0.000000 0.000000 0.061651 10.235810 -0.002650 -0.067265 0.000000 -0.005055
1573045396.264232 0.000000 0.000000 0.048483 10.161591 -0.002650 -0.067265 0.000000 -0.004032
1573045396.283895 0.000000 0.000000 0.074819 10.287286 -0.001325 -0.067238 0.000000 -0.007232
1573045396.303767 0.000000 0.000000 0.096367 10.171765 -0.001325 -0.067238 0.000000 -0.005764
1573045396.323974 0.000000 0.000000 0.027533 10.144831 -0.001325 -0.067238 0.000000 -0.003425
1573045396.343795 0.000000 0.000000 0.046687 10.162787 0.000000 -0.067211 0.000000 -0.003998
1573045396.363969 0.000000 0.000000 0.047285 10.217854 0.000000 -0.067211 0.000000 -0.003115
1573045396.384072 0.000000 0.000000 0.052672 10.290877 0.000000 -0.067211 0.000000 -0.005860
1573045396.403843 0.000000 0.000000 0.053870 10.196306 0.000000 -0.067211 0.000000 -0.006318
1573045396.424052 0.000000 0.000000 0.045490 10.253767 0.000000 -0.067211 0.000000 -0.004705
1573045396.443812 0.000000 0.000000 0.028730 10.195109 0.000000 -0.067211 0.000000 -0.003184
1573045396.464094 0.000000 0.000000 0.035314 10.238205 0.000000 -0.067211 0.000000 -0.002813
1573045396.483812 0.000000 0.000000 0.064643 10.198701 0.000000 -0.067211 0.000000 -0.005978
1573045396.503927 0.000000 0.000000 0.064643 10.184934 0.000000 -0.067211 0.000000 -0.005607
1573045396.523754 0.000000 0.000000 0.032920 10.171167 0.001325 -0.067211 0.000000 -0.003446
1573045396.543847 0.000000 0.000000 0.044293 10.260950 0.001325 -0.067211 0.000000 -0.005759
1573045396.563816 0.000000 0.000000 0.055067 10.203489 0.001267 -0.067211 0.000000 -0.005897
1573045396.584132 0.000000 0.000000 0.045490 10.248381 0.001267 -0.067211 0.000000 -0.003429
1573045396.604054 0.000000 0.000000 0.048483 10.220248 -0.001325 -0.067238 0.000000 -0.005551
1573045396.624109 0.000000 0.000000 0.061651 10.198701 -0.001325 -0.067238 0.000000 -0.006688
1573045396.644056 0.000000 0.000000 0.073023 10.211868 0.000000 -0.067211 0.000000 -0.006481
1573045396.664075 0.000000 0.000000 0.058658 10.262746 0.000000 -0.067211 0.000000 -0.005728
1573045396.683967 0.000000 0.000000 0.061651 10.196905 0.000000 -0.067211 0.000000 -0.004360
1573045396.703828 0.000000 0.000000 0.037110 10.207080 0.000000 -0.067211 0.000000 -0.004227
1573045396.723856 0.000000 0.000000 0.054468 10.217256 0.000000 -0.067211 0.000000 -0.005720
1573045396.743856 0.000000 0.000000 0.052672 10.308235 0.001325 -0.067211 0.000000 -0.005214
1573045396.763916 0.000000 0.000000 0.056862 10.233417 0.001325 -0.067211 0.000000 -0.007737
1573045396.784147 0.000000 0.000000 0.034716 10.172963 -0.001267 -0.067238 0.000000 -0.003878
1573045396.803956 0.000000 0.000000 0.063446 10.189124 -0.001267 -0.067238 0.000000 -0.004654
1573045396.823854 0.000000 0.000000 0.077213 10.223241 0.001325 -0.067211 0.000000 -0.006716
1573045396.844029 0.000000 0.000000 0.049081 10.260950 0.001325 -0.067211 0.000000 -0.005747
1573045396.864079 0.000000 0.000000 0.043694 10.244190 0.000000 -0.067211 0.000000 -0.003995
1573045396.884003 0.000000 0.000000 0.056264 10.173561 0.000000 -0.067211 0.000000 -0.005338
1573045396.903800 0.000000 0.000000 0.049680 10.284892 0.001325 -0.067183 0.000000 -0.005500
1573045396.923766 0.000000 0.000000 0.055665 10.309432 0.001325 -0.067183 0.000000 -0.005216
1573045396.943819 0.000000 0.000000 0.055665 10.248381 0.001325 -0.067183 0.000000 -0.005264
1573045396.963803 0.000000 0.000000 0.057461 10.206482 0.000000 -0.067211 0.000000 -0.004827
1573045396.983733 0.000000 0.000000 0.059256 10.235810 0.000000 -0.067211 0.000000 -0.006194
1573045397.004149 0.000000 0.000000 0.068833 10.194510 -0.001325 -0.067238 0.000000 -0.004047
1573045397.023982 0.000000 0.000000 0.040701 10.251373 -0.001325 -0.067238 0.000000 -0.002740
1573045397.043877 0.000000 0.000000 0.055067 10.225636 0.001267 -0.067211 0.000000 -0.003476
1573045397.064184 0.000000 0.000000 0.046687 10.219649 0.001267 -0.067211 0.000000 -0.004659
1573045397.083845 0.000000 0.000000 0.063446 10.218452 -0.001325 -0.067238 0.000000 -0.006250
1573045397.103873 0.000000 0.000000 0.029329 10.244190 -0.001325 -0.067238 0.000000 -0.006687
1573045397.123793 0.000000 0.000000 0.054468 10.271125 -0.001325 -0.067238 0.000000 -0.004498
1573045397.143830 0.000000 0.000000 0.038906 10.206482 0.000000 -0.067211 0.000000 -0.004792
1573045397.163791 0.000000 0.000000 0.033519 10.204087 0.000000 -0.067211 0.000000 -0.003623
1573045397.184079 0.000000 0.000000 0.070629 10.182540 0.001325 -0.067211 0.000000 -0.003703
1573045397.203965 0.000000 0.000000 0.031125 10.257957 0.001325 -0.067211 0.000000 -0.002881
1573045397.223937 0.000000 0.000000 0.063446 10.266935 -0.002650 -0.067238 0.000000 -0.005376
1573045397.243857 0.000000 0.000000 0.067636 10.208876 -0.002650 -0.067238 0.000000 -0.006156
1573045397.264090 0.000000 0.000000 0.041899 10.236409 -0.001325 -0.067238 0.000000 -0.005501
1573045397.283925 0.000000 0.000000 0.032920 10.218452 -0.001325 -0.067238 0.000000 -0.003812
1573045397.303841 0.000000 0.000000 0.042497 10.234613 0.001325 -0.067211 0.000000 -0.004753
1573045397.323877 0.000000 0.000000 0.047285 10.222044 0.001325 -0.067211 0.000000 -0.005744
1573045397.343951 0.000000 0.000000 0.052672 10.190919 0.001325 -0.067211 0.000000 -0.006946
1573045397.364054 0.000000 0.000000 0.027533 10.139444 0.001325 -0.067211 0.000000 -0.004923
1573045397.384064 0.000000 0.000000 0.054468 10.159795 0.001325 -0.067211 0.000000 -0.003584
1573045397.404118 0.000000 0.000000 0.055067 10.225037 0.001325 -0.067211 0.000000 -0.005665
1573045397.423965 0.000000 0.000000 0.057461 10.262746 0.001325 -0.067211 0.000000 -0.005358
1573045397.444142 0.000000 0.000000 0.041899 10.252570 0.000000 -0.067211 0.000000 -0.004810
1573045397.464217 0.000000 0.000000 0.067038 10.219051 0.000000 -0.067211 0.000000 -0.005495
1573045397.483918 0.000000 0.000000 0.026935 10.251971 0.000000 -0.067211 0.000000 -0.002699
1573045397.503999 0.000000 0.000000 0.041899 10.224438 0.000000 -0.067211 0.000000 -0.004676
1573045397.523879 0.000000 0.000000 0.056264 10.240599 0.000000 -0.067211 0.000000 -0.005450
1573045397.543985 0.000000 0.000000 0.065841 10.207679 0.000000 -0.067211 0.000000 -0.005523
1573045397.563852 0.000000 0.000000 0.071826 10.163984 0.000000 -0.067211 0.000000 -0.006127
1573045397.583869 0.000000 0.000000 0.020351 10.195109 0.000000 -0.067211 0.000000 -0.002935
1573045397.604078 0.000000 0.000000 0.034117 10.226832 0.000000 -0.067211 0.000000 -0.005213
1573045397.623853 0.000000 0.000000 0.042497 10.219649 0.000000 -0.067211 0.000000 -0.002921
1573045397.644246 0.000000 0.000000 0.047285 10.213664 0.000000 -0.067211 0.000000 -0.004601
1573045397.663967 0.000000 0.000000 0.068833 10.247183 0.000000 -0.067211 0.000000 -0.006217
1573045397.683891 0.000000 0.000000 0.050278 10.240599 0.000000 -0.067211 0.000000 -0.005345
1573045397.703768 0.000000 0.000000 0.074819 10.153810 0.000000 -0.067211 0.000000 -0.007272
1573045397.723798 0.000000 0.000000 0.065242 10.090961 -0.001325 -0.067238 0.000000 -0.006272
1573045397.743888 0.000000 0.000000 0.058059 10.172364 0.001325 -0.067211 0.000000 -0.005220
1573045397.763803 0.000000 0.000000 0.070030 10.225037 0.000000 -0.067211 0.000000 -0.005503
1573045397.783847 0.000000 0.000000 0.053271 10.226832 0.000000 -0.067211 0.000000 -0.004645
1573045397.803958 0.000000 0.000000 0.062249 10.307636 -0.002650 -0.067265 0.000000 -0.004675
1573045397.824019 0.000000 0.000000 0.067038 10.231621 -0.002650 -0.067265 0.000000 -0.006993
1573045397.844091 0.000000 0.000000 0.057461 10.204087 0.000000 -0.067211 0.000000 -0.006251
1573045397.863935 0.000000 0.000000 0.070629 10.229825 0.000000 -0.067211 0.000000 -0.004343
1573045397.883807 0.000000 0.000000 0.032920 10.232818 0.000000 -0.067211 0.000000 -0.002035
1573045397.903788 0.000000 0.000000 0.047285 10.202291 0.000000 -0.067211 0.000000 -0.004432
1573045397.923903 0.000000 0.000000 0.046088 10.171167 0.001325 -0.067211 0.000000 -0.006021
1573045397.943908 0.000000 0.000000 0.047285 10.141240 0.001325 -0.067211 0.000000 -0.005330
1573045397.963892 0.000000 0.000000 0.039504 10.268132 0.001325 -0.067211 0.000000 -0.003689
1573045397.983877 0.000000 0.000000 0.046088 10.301053 0.000000 -0.067211 0.000000 -0.005314
1573045398.003881 0.000000 0.000000 0.058658 10.241198 0.000000 -0.067211 0.000000 -0.005702
1573045398.024096 0.000000 0.000000 0.056862 10.217256 0.001325 -0.067211 0.000000 -0.004158
1573045398.044036 0.000000 0.000000 0.037709 10.210073 -0.003802 -0.067293 0.000000 -0.003113
1573045398.064025 0.000000 0.000000 0.044891 10.239402 0.002650 -0.067238 0.000000 -0.003819
1573045398.083813 0.000000 0.000000 0.046687 10.219649 0.002650 -0.067238 0.000000 -0.005030
1573045398.104046 0.000000 0.000000 0.047285 10.172364 0.001325 -0.067211 0.000000 -0.006086
1573045398.123842 0.000000 0.000000 0.040701 10.283694 0.001325 -0.067211 0.000000 -0.004279
1573045398.143816 0.000000 0.000000 0.083199 10.260351 0.000000 -0.067211 0.000000 -0.007067
1573045398.163838 0.000000 0.000000 0.031723 10.279505 0.000000 -0.067211 0.000000 -0.002743
