1573040438.195962 0.000000 0.000000 0.056862 10.184934 0.000000 -0.081799 0.000000 -0.002895
1573040438.215170 0.000000 0.000000 0.050278 10.259154 0.000000 -0.081799 0.000000 -0.005237
1573040438.235140 0.000000 0.000000 0.023942 10.250774 0.000000 -0.081799 0.000000 -0.003253
1573040438.255092 0.000000 0.000000 0.034716 10.256162 0.001325 -0.081769 0.000000 -0.004079
1573040438.275134 0.000000 0.000000 0.035913 10.229227 -0.001325 -0.081799 0.000000 -0.004661
1573040438.295338 0.000000 0.000000 0.034117 10.285490 0.001325 -0.081769 0.000000 -0.004131
1573040438.315181 0.000000 0.000000 0.024541 10.289082 0.000000 -0.081769 0.000000 -0.003349
1573040438.335414 0.000000 0.000000 0.031125 10.250774 0.000000 -0.081769 0.000000 -0.002707
1573040438.355283 0.000000 0.000000 0.041899 10.191518 -0.001325 -0.081799 0.000000 -0.003979
1573040438.375415 0.000000 0.000000 0.026336 10.204087 0.001325 -0.081769 0.000000 -0.004188
1573040438.395256 0.000000 0.000000 0.020351 10.238205 0.001267 -0.081740 0.000000 -0.004183
1573040438.415243 0.000000 0.000000 0.029928 10.296863 0.001267 -0.081740 0.000000 -0.002266
1573040438.435360 0.000000 0.000000 0.047285 10.286089 -0.002650 -0.081799 0.000000 -0.004789
1573040438.455333 0.000000 0.000000 0.034117 10.245387 0.000000 -0.081799 0.000000 -0.002313
1573040438.475215 0.000000 -0.001325 -0.002993 10.217854 0.002650 -0.081740 0.000000 -0.003418
1573040438.495325 0.000000 0.001325 0.038307 10.222044 -0.002650 -0.081799 0.000000 -0.002550
1573040438.515285 0.000000 -0.000662 0.034716 10.144831 0.001325 -0.081769 0.000000 -0.004228
1573040438.535277 0.000000 0.000662 0.012570 10.232818 -0.001325 -0.081799 0.000000 -0.001872
1573040438.555174 0.000000 -0.001325 0.026935 10.218452 0.002650 -0.081740 0.000000 -0.002404
1573040438.575349 0.000000 0.000662 0.038906 10.213664 -0.001325 -0.081769 0.000000 -0.004170
1573040438.595269 0.000000 -0.000662 0.031125 10.254964 0.001325 -0.081740 0.000000 -0.003261
1573040438.615447 0.000000 -0.000662 0.027533 10.289680 0.001325 -0.081740 0.000000 -0.003687
1573040438.635339 0.000000 0.000000 0.027533 10.263943 0.000000 -0.081740 0.000000 -0.002219
1573040438.655353 0.000000 0.001267 0.032322 10.226233 -0.002534 -0.081799 0.000000 -0.002951
1573040438.675214 0.000000 0.000000 0.028132 10.205883 0.000000 -0.081799 0.000000 -0.004326
1573040438.695170 0.000000 -0.001325 0.037709 10.127473 0.002650 -0.081740 0.000000 -0.002635
1573040438.715223 0.000000 0.000662 0.049081 10.137649 -0.001325 -0.081769 0.000000 -0.002831
1573040438.735205 0.000000 -0.000662 0.045490 10.282497 0.001325 -0.081740 0.000000 -0.006071
1573040438.755420 0.000000 0.001325 0.034716 10.268731 -0.002650 -0.081799 0.000000 -0.002204
1573040438.775194 0.000000 0.000000 0.027533 10.204686 0.000000 -0.081799 0.000000 -0.002736
1573040438.795186 0.000000 -0.001325 0.077213 10.291476 0.002650 -0.081740 0.000000 -0.001432
1573040438.815401 0.000000 0.001325 0.019154 10.210671 -0.002650 -0.081799 0.000000 -0.003229
1573040438.835312 0.000000 0.001325 0.030526 10.213066 -0.002650 -0.081799 0.000000 -0.004151
1573040438.855242 0.000000 0.000000 0.013767 10.150218 0.000000 -0.081799 0.000000 -0.004857
1573040438.875273 0.000000 -0.000634 0.047285 10.216059 0.001267 -0.081769 0.000000 -0.004580
1573040438.895293 0.000000 0.000000 0.049680 10.259752 0.000000 -0.081769 0.000000 -0.003944
1573040438.915246 0.000000 -0.000662 0.017957 10.232818 0.001325 -0.081740 0.000000 -0.001795
1573040438.935220 0.000000 0.001325 0.037709 10.262746 -0.002650 -0.081799 0.000000 -0.004497
1573040438.955261 0.000000 -0.001325 0.045490 10.253169 0.002650 -0.081740 0.000000 -0.004436
1573040438.975183 0.000000 0.000662 0.039504 10.283694 -0.001325 -0.081769 0.000000 -0.003995
1573040438.995318 0.000000 0.000000 0.066439 10.299855 0.000000 -0.081769 0.000000 -0.006515
1573040439.015190 0.000000 0.000662 0.043096 10.145430 -0.001325 -0.081799 0.000000 -0.005087
1573040439.035233 0.000000 -0.000662 0.038307 10.225037 0.001325 -0.081769 0.000000 -0.004001
1573040439.055233 0.000000 -0.000662 0.059855 10.216657 0.001325 -0.081769 0.000000 -0.004685
1573040439.075302 0.000000 0.000662 0.032920 10.204686 -0.001325 -0.081799 0.000000 -0.003161
1573040439.095171 0.000000 -0.000662 -0.004788 10.235212 0.001325 -0.081769 0.000000 -0.000224
1573040439.115228 0.000000 0.000662 0.057461 10.274117 -0.001325 -0.081799 0.000000 -0.004028
1573040439.135298 0.000000 -0.000662 0.038307 10.262147 0.001325 -0.081769 0.000000 -0.002898
1573040439.155913 0.000000 -0.000634 0.025738 10.186729 0.001267 -0.081740 0.000000 -0.002358
1573040439.175418 0.000000 0.000662 0.041300 10.166379 -0.001325 -0.081769 0.000000 -0.004344
1573040439.195142 0.000000 0.000000 -0.002993 10.206482 0.000000 -0.081769 0.000000 -0.004342
1573040439.215225 0.000000 0.000000 0.024541 10.193913 0.000000 -0.081769 0.000000 -0.002923
1573040439.235164 0.000000 0.000662 0.022745 10.149619 -0.001325 -0.081799 0.000000 -0.003231
1573040439.255279 0.000000 0.000662 0.018555 10.224438 -0.001325 -0.081799 0.000000 -0.004849
1573040439.275285 0.000000 0.000000 0.043694 10.248381 0.000000 -0.081799 0.000000 -0.003782
1573040439.295342 0.000000 -0.000634 0.033519 10.250175 0.001267 -0.081769 0.000000 -0.002657
1573040439.315199 0.000000 0.000662 0.002993 10.253169 -0.001325 -0.081799 0.000000 0.000732
1573040439.335243 0.000000 -0.000662 0.036512 10.187926 0.001325 -0.081769 0.000000 -0.002785
1573040439.355357 0.000000 0.000662 0.028132 10.201694 -0.001325 -0.081799 0.000000 -0.001667
1573040439.375203 0.000000 0.000000 0.012570 10.207679 0.000000 -0.081799 0.000000 -0.001106
1573040439.395197 0.000000 0.000000 0.033519 10.197503 0.000000 -0.081799 0.000000 -0.003019
1573040439.415575 0.000000 0.000000 0.032920 10.169372 0.000000 -0.081799 0.000000 -0.003335
1573040439.435312 0.000000 0.000000 0.018555 10.267534 0.000000 -0.081799 0.000000 -0.003042
1573040439.455226 0.000000 -0.001325 0.022146 10.249578 0.002650 -0.081740 0.000000 -0.001987
1573040439.475216 0.000000 -0.001325 0.040103 10.224438 0.002650 -0.081740 0.000000 -0.002432
1573040439.495424 0.000000 0.001325 0.011372 10.242993 -0.002650 -0.081799 0.000000 0.000016
1573040439.515240 0.000000 0.000000 0.034117 10.223241 0.000000 -0.081799 0.000000 -0.003384
1573040439.535223 0.000000 0.000000 0.017358 10.200496 0.000000 -0.081799 0.000000 -0.001689
1573040439.555258 0.000000 -0.000662 0.030526 10.173561 0.001325 -0.081769 0.000000 -0.004097
1573040439.575459 0.000000 0.000000 0.055665 10.257359 0.000000 -0.081769 0.000000 -0.005804
1573040439.595320 0.000000 0.000662 0.043694 10.245986 -0.001325 -0.081799 0.000000 -0.004359
1573040439.615346 0.000000 -0.000662 0.046687 10.169372 0.001325 -0.081769 0.000000 -0.004691
1573040439.635307 0.000000 0.000662 0.074819 10.226832 -0.001325 -0.081799 0.000000 -0.005359
1573040439.655196 0.000000 0.000000 0.050278 10.300454 0.000000 -0.081799 0.000000 -0.003321
1573040439.676021 0.000000 0.000000 0.025139 10.247183 0.000000 -0.081799 0.000000 -0.003846
1573040439.695225 0.000000 0.000000 0.059855 10.168175 0.000000 -0.081799 0.000000 -0.004743
1573040439.715230 0.000000 0.000000 0.037110 10.172963 0.000000 -0.081799 0.000000 -0.003800
1573040439.735269 0.000000 -0.000662 0.059256 10.135853 0.001325 -0.081769 0.000000 -0.002175
1573040439.755201 0.000000 -0.000662 0.046687 10.251373 0.001325 -0.081769 0.000000 0.000145
1573040439.775245 0.000000 0.000000 0.037709 10.265738 0.000000 -0.081799 0.000000 -0.002702
1573040439.795283 0.000000 0.000000 0.037709 10.265738 0.000000 -0.081799 0.000000 -0.002702
1573040439.815301 0.000000 0.000000 0.029928 10.253767 0.000000 -0.081799 0.000000 -0.004075
1573040439.835233 0.000000 0.000000 0.057461 10.249578 0.000000 -0.081799 0.000000 -0.005487
1573040439.855340 0.000000 0.000000 0.032920 10.199898 0.000000 -0.081799 0.000000 -0.003351
1573040439.875217 0.000000 0.000000 0.038307 10.216059 0.000000 -0.081799 0.000000 -0.003067
1573040439.895374 0.000000 0.000000 0.026336 10.186131 0.000000 -0.081799 0.000000 -0.003876
1573040439.915334 0.000000 0.000662 0.026336 10.169372 -0.001325 -0.081799 0.000000 -0.001325
1573040439.935281 0.000000 0.000662 0.026935 10.206482 -0.001325 -0.081799 0.000000 -0.003002
1573040439.955362 0.000000 -0.000662 0.025139 10.261548 0.001325 -0.081740 0.000000 -0.004678
1573040439.975210 0.000000 -0.000662 0.040103 10.320805 0.001325 -0.081740 0.000000 -0.003424
1573040439.995236 0.000000 0.000000 0.045490 10.208876 0.000000 -0.081799 0.000000 -0.001839
1573040440.015346 0.000000 0.000000 0.007183 10.179547 0.000000 -0.081799 0.000000 -0.001077
1573040440.035534 0.000000 -0.001325 0.025139 10.225636 0.002650 -0.081740 0.000000 -0.001967
1573040440.055433 0.000000 -0.001325 0.047884 10.185533 0.002650 -0.081740 0.000000 -0.003237
1573040440.075865 0.000000 0.000000 0.039504 10.165780 0.000000 -0.081799 0.000000 -0.003808
1573040440.095339 0.000000 0.000000 0.028730 10.255563 0.000000 -0.081799 0.000000 -0.003104
1573040440.115277 0.000000 0.000000 0.056862 10.232220 0.000000 -0.081799 0.000000 -0.004232
1573040440.135463 0.000000 0.000000 0.041300 10.274716 0.000000 -0.081799 0.000000 -0.003459
1573040440.155221 0.000000 0.000000 0.034117 10.285490 0.000000 -0.081799 0.000000 -0.003542
1573040440.175280 0.000000 0.000000 0.052074 10.287286 0.000000 -0.081799 0.000000 -0.004714
1573040440.195312 0.000000 0.000000 0.040701 10.189722 0.000000 -0.081799 0.000000 -0.005985
1573040440.215184 0.000000 0.000000 0.032920 10.188525 0.000000 -0.081799 0.000000 -0.004736
1573040440.235174 0.000000 0.000000 0.058658 10.239402 0.000000 -0.081799 0.000000 -0.006084
1573040440.255521 0.000000 0.000662 0.031125 10.259154 -0.001325 -0.081799 0.000000 -0.001706
1573040440.275336 0.000000 0.000662 0.031125 10.259154 -0.001325 -0.081799 0.000000 -0.001706
1573040440.295418 0.000000 -0.000662 0.034716 10.225037 0.001325 -0.081740 0.000000 -0.003473
1573040440.315526 0.000000 -0.000662 0.032920 10.272921 0.001325 -0.081740 0.000000 -0.003425
1573040440.335234 0.000000 -0.000662 0.045490 10.266336 0.001325 -0.081740 0.000000 -0.002534
1573040440.355425 0.000000 -0.000634 0.047884 10.231621 0.001267 -0.081740 0.000000 -0.003779
1573040440.375175 0.000000 -0.000634 0.043096 10.205284 0.001267 -0.081740 0.000000 -0.004808
1573040440.395230 0.000000 0.000662 0.037110 10.153211 -0.001325 -0.081799 0.000000 -0.002595
1573040440.415497 0.000000 0.000662 0.037709 10.181342 -0.001325 -0.081799 0.000000 -0.004980
1573040440.435231 0.000000 0.000662 0.031723 10.229227 -0.001325 -0.081799 0.000000 -0.001641
1573040440.455304 0.000000 0.000662 0.058059 10.284293 -0.001325 -0.081799 0.000000 -0.005558
1573040440.475357 0.000000 -0.000662 0.069432 10.204686 0.001325 -0.081740 0.000000 -0.006893
1573040440.495221 0.000000 -0.000662 0.038906 10.245986 0.001325 -0.081740 0.000000 -0.005109
1573040440.515409 0.000000 0.000662 0.010774 10.227431 -0.001325 -0.081799 0.000000 -0.001297
1573040440.535202 0.000000 0.000662 0.061052 10.187926 -0.001325 -0.081799 0.000000 -0.004579
1573040440.555310 0.000000 0.000662 0.029928 10.223840 -0.001325 -0.081799 0.000000 -0.004036
1573040440.575356 0.000000 0.001325 0.022745 10.156203 -0.002650 -0.081799 0.000000 -0.001924
1573040440.595214 0.000000 0.001325 0.035913 10.238804 -0.002650 -0.081799 0.000000 -0.001508
1573040440.615248 0.000000 0.000662 0.035913 10.240001 -0.001325 -0.081769 0.000000 -0.003581
1573040440.635871 0.000000 0.000662 0.035314 10.223241 -0.001325 -0.081769 0.000000 -0.006383
1573040440.655153 0.000000 0.000662 0.046687 10.255563 -0.001325 -0.081799 0.000000 -0.003699
1573040440.675226 0.000000 0.000662 0.045490 10.235810 -0.001325 -0.081799 0.000000 -0.006159
1573040440.695297 0.000000 0.000000 0.026935 10.240001 0.000000 -0.081799 0.000000 -0.004646
1573040440.715144 0.000000 0.000000 0.018555 10.241198 0.000000 -0.081799 0.000000 -0.003332
1573040440.735286 0.000000 0.000000 0.046687 10.187926 0.000000 -0.081799 0.000000 -0.005283
1573040440.755238 0.000000 -0.000662 0.017358 10.231621 0.001325 -0.081769 0.000000 -0.002146
1573040440.775216 0.000000 -0.000662 0.028132 10.239402 0.001325 -0.081769 0.000000 -0.003753
1573040440.795209 0.000000 0.000000 0.024541 10.217854 0.000000 -0.081799 0.000000 -0.003162
1573040440.815155 0.000000 0.000000 0.047285 10.278308 0.000000 -0.081799 0.000000 -0.004773
1573040440.835161 0.000000 -0.001325 0.040103 10.237008 0.002650 -0.081740 0.000000 -0.002945
1573040440.855145 0.000000 -0.001325 0.041300 10.211270 0.002650 -0.081740 0.000000 -0.003921
1573040440.875261 0.000000 -0.000662 0.041300 10.217854 0.001325 -0.081769 0.000000 -0.004227
1573040440.895199 0.000000 -0.000662 0.056264 10.235212 0.001325 -0.081769 0.000000 -0.004774
1573040440.915133 0.000000 -0.000662 0.042497 10.198102 0.001325 -0.081769 0.000000 -0.004321
1573040440.935163 0.000000 -0.001325 0.025738 10.232818 0.002650 -0.081740 0.000000 -0.002008
1573040440.955216 0.000000 -0.001325 0.031125 10.284892 0.002650 -0.081740 0.000000 -0.004880
1573040440.975295 0.000000 0.000000 0.011971 10.245387 0.000000 -0.081799 0.000000 -0.001616
1573040440.995243 0.000000 0.000000 0.025139 10.282497 0.000000 -0.081799 0.000000 -0.004529
1573040441.015286 0.000000 -0.001325 0.032322 10.217256 0.002650 -0.081740 0.000000 -0.002179
1573040441.035340 0.000000 -0.001325 0.059855 10.180744 0.002650 -0.081740 0.000000 -0.005298
1573040441.055333 0.000000 -0.001325 0.023942 10.249578 -0.001325 -0.081799 0.000000 -0.005472
1573040441.075237 0.000000 0.000662 0.035314 10.211868 -0.001325 -0.081799 0.000000 -0.002912
1573040441.095297 0.000000 0.000662 0.028730 10.238804 -0.001325 -0.081799 0.000000 -0.002395
1573040441.115589 0.000000 -0.001325 0.019154 10.283096 0.002650 -0.081740 0.000000 -0.000461
1573040441.135237 0.000000 -0.001325 0.032920 10.197503 0.002650 -0.081740 0.000000 -0.002357
1573040441.155253 0.000000 0.001325 0.029928 10.252570 -0.002650 -0.081799 0.000000 -0.002823
1573040441.175223 0.000000 0.001325 0.020351 10.180145 -0.002650 -0.081799 0.000000 -0.000999
1573040441.195197 0.000000 0.001325 0.017358 10.170568 -0.002650 -0.081799 0.000000 -0.001626
1573040441.215174 0.000000 0.001325 0.019752 10.187328 -0.002650 -0.081799 0.000000 -0.004544
1573040441.235442 0.000000 -0.000662 0.029928 10.218452 0.001325 -0.081769 0.000000 -0.002704
1573040441.255288 0.000000 -0.000662 0.032322 10.205883 0.001325 -0.081769 0.000000 -0.003329
1573040441.275250 0.000000 -0.000662 0.058658 10.227431 0.001325 -0.081769 0.000000 -0.006012
1573040441.295237 0.000000 0.000000 0.017358 10.253169 0.000000 -0.081799 0.000000 -0.001982
1573040441.315281 0.000000 0.000000 0.017358 10.233417 0.000000 -0.081799 0.000000 -0.001321
1573040441.335230 0.000000 -0.000662 0.025738 10.267534 0.001325 -0.081769 0.000000 -0.001580
1573040441.355204 0.000000 -0.000662 0.050877 10.293271 0.001325 -0.081769 0.000000 -0.005458
1573040441.375201 0.000000 0.001325 0.031125 10.226832 -0.002650 -0.081799 0.000000 -0.003473
1573040441.395301 0.000000 0.001325 0.044891 10.197503 -0.002650 -0.081799 0.000000 -0.004068
1573040441.415192 0.000000 0.000662 0.022745 10.223241 -0.001325 -0.081799 0.000000 -0.001822
1573040441.435432 0.000000 0.000662 0.045490 10.228029 -0.001325 -0.081799 0.000000 -0.005222
1573040441.455495 0.000000 0.000000 0.047884 10.222643 0.000000 -0.081769 0.000000 -0.004080
1573040441.475360 0.000000 0.000000 0.048483 10.271724 0.000000 -0.081769 0.000000 -0.001649
1573040441.495623 0.000000 0.000000 0.017957 10.272323 0.000000 -0.081769 0.000000 -0.002908
1573040441.515201 0.000000 0.000000 0.053870 10.205883 0.000000 -0.081769 0.000000 -0.005321
1573040441.535326 0.000000 0.000000 0.032920 10.163386 0.000000 -0.081769 0.000000 -0.002756
1573040441.555330 0.000000 0.000000 0.055665 10.274716 0.000000 -0.081799 0.000000 -0.005875
1573040441.575246 0.000000 0.000000 0.067636 10.142437 0.000000 -0.081799 0.000000 -0.006032
1573040441.595288 0.000000 -0.001325 0.028730 10.213066 0.002650 -0.081740 0.000000 -0.004956
1573040441.615434 0.000000 -0.001325 0.007781 10.315418 0.002650 -0.081740 0.000000 -0.004046
1573040441.635334 0.000000 -0.001267 0.035314 10.263344 0.002534 -0.081740 0.000000 -0.004171
1573040441.655264 0.000000 -0.001267 0.070030 10.238804 0.002534 -0.081740 0.000000 -0.004586
1573040441.675895 0.000000 -0.000662 0.037110 10.256760 0.001325 -0.081769 0.000000 -0.004452
1573040441.695176 0.000000 -0.000662 0.040701 10.226233 0.001325 -0.081769 0.000000 -0.002482
1573040441.715251 0.000000 -0.000662 0.048483 10.169971 0.001325 -0.081769 0.000000 -0.003676
1573040441.735284 0.000000 0.000000 0.053870 10.205883 0.000000 -0.081799 0.000000 -0.002330
1573040441.755300 0.000000 0.000000 0.046687 10.263943 0.000000 -0.081799 0.000000 -0.004404
1573040441.775239 0.000000 -0.000634 0.021548 10.189124 0.001267 -0.081740 0.000000 -0.002491
1573040441.795310 0.000000 -0.000634 0.054468 10.172963 0.001267 -0.081740 0.000000 -0.006703
1573040441.815334 0.000000 -0.000662 0.058658 10.283096 0.001325 -0.081740 0.000000 -0.004361
1573040441.835261 0.000000 -0.000662 0.033519 10.242394 0.001325 -0.081740 0.000000 -0.004690
1573040441.855459 0.000000 -0.000662 0.045490 10.269928 0.000000 -0.081799 0.000000 -0.004007
1573040441.875436 0.000000 0.000000 0.055067 10.275913 0.000000 -0.081799 0.000000 -0.002115
1573040441.895418 0.000000 0.000000 0.057461 10.165780 0.000000 -0.081799 0.000000 -0.004515
1573040441.915326 0.000000 -0.000662 0.013767 10.128670 0.001325 -0.081769 0.000000 -0.001524
1573040441.935399 0.000000 -0.000662 0.026336 10.169372 0.001325 -0.081769 0.000000 -0.003891
1573040441.955576 0.000000 0.000000 0.026935 10.280702 0.000000 -0.081799 0.000000 -0.005064
1573040441.975279 0.000000 0.000000 0.010774 10.285490 0.000000 -0.081799 0.000000 -0.002424
1573040441.995321 0.000000 0.000000 0.013767 10.233417 0.000000 -0.081769 0.000000 -0.002079
1573040442.015298 0.000000 0.000000 0.043694 10.293870 0.000000 -0.081769 0.000000 -0.002314
1573040442.035384 0.000000 0.000000 0.028132 10.140042 0.000000 -0.081769 0.000000 -0.004247
1573040442.055276 0.000000 0.000000 0.024541 10.240599 0.000000 -0.081769 0.000000 -0.001633
1573040442.075395 0.000000 0.000000 0.056264 10.219051 0.000000 -0.081799 0.000000 -0.004306
1573040442.095241 0.000000 0.000000 0.035913 10.213664 0.000000 -0.081799 0.000000 -0.003808
1573040442.115380 0.000000 0.000000 0.034117 10.217854 0.000000 -0.081799 0.000000 -0.002830
1573040442.135385 0.000000 -0.000662 0.004788 10.248381 0.001325 -0.081740 0.000000 -0.004196
1573040442.155246 0.000000 -0.000662 0.023343 10.269928 0.001325 -0.081740 0.000000 -0.001599
1573040442.175278 0.000000 0.000662 0.055665 10.217256 -0.001325 -0.081799 0.000000 -0.004581
1573040442.195207 0.000000 0.000662 0.035314 10.220847 -0.001325 -0.081799 0.000000 -0.002348
1573040442.215246 0.000000 0.000000 0.031125 10.225037 0.000000 -0.081769 0.000000 -0.003013
1573040442.235607 0.000000 0.000662 0.024541 10.185533 -0.001325 -0.081799 0.000000 -0.002298
1573040442.255421 0.000000 0.000000 0.033519 10.247782 0.000000 -0.081799 0.000000 -0.003466
1573040442.275361 0.000000 0.000000 0.050278 10.239402 0.000000 -0.081799 0.000000 -0.003731
1573040442.295432 0.000000 -0.000662 0.044891 10.269928 0.001325 -0.081769 0.000000 -0.004461
1573040442.315297 0.000000 -0.000662 0.020351 10.222044 0.001325 -0.081769 0.000000 -0.002871
1573040442.335281 0.000000 -0.000662 0.056264 10.353725 0.001325 -0.081769 0.000000 -0.003598
1573040442.355232 0.000000 0.000000 0.040103 10.236409 0.000000 -0.081799 0.000000 -0.002987
1573040442.375230 0.000000 0.000000 0.051475 10.195109 0.000000 -0.081799 0.000000 -0.002526
1573040442.395296 0.000000 0.000000 0.044891 10.192715 0.000000 -0.081769 0.000000 -0.005176
1573040442.415303 0.000000 -0.000662 0.051475 10.275913 0.001325 -0.081740 0.000000 -0.004364
1573040442.435327 0.000000 0.001325 0.045490 10.190321 -0.002650 -0.081799 0.000000 -0.004451
1573040442.455424 0.016000 0.001325 0.016759 10.235810 -0.002650 -0.081799 0.000000 -0.001711
1573040442.475317 0.032000 0.023338 0.049680 10.262746 0.001325 -0.081769 0.000000 -0.004071
1573040442.495178 0.048000 0.047338 0.035314 10.214263 0.001325 -0.081769 0.000000 -0.003562
1573040442.515637 0.064000 0.070675 0.039504 10.281301 0.002650 -0.081740 0.000000 -0.003793
1573040442.535168 0.080000 0.094675 0.123900 10.269928 0.002650 -0.081740 0.000000 -0.007502
1573040442.555325 0.096000 0.118675 0.467468 10.375273 0.002650 -0.081740 -0.006385 -0.011839
1573040442.575410 0.112000 0.048863 1.615488 10.114305 0.006624 -0.081653 -0.018091 -0.016556
1573040442.595539 0.128000 0.056823 1.559224 10.111911 0.006624 -0.081653 -0.006385 -0.021222
1573040442.615280 0.144000 0.172128 1.371878 10.299855 0.039744 -0.080313 -0.004257 -0.024655
1573040442.635386 0.160000 0.196128 0.920571 9.928754 0.039744 -0.080313 0.000000 -0.026634
1573040442.655212 0.176000 0.198269 0.585981 10.087370 0.083463 -0.076962 0.008514 -0.026045
1573040442.675292 0.192000 0.222269 1.102530 10.332776 0.083463 -0.076962 0.000000 -0.028449
1573040442.695204 0.208000 0.219110 1.619677 10.189124 0.137779 -0.071513 0.008514 -0.032694
1573040442.715349 0.224000 0.064999 1.400608 10.087370 0.137779 -0.071513 0.019156 -0.037538
1573040442.735363 0.240000 0.067431 0.863708 10.240599 0.137779 -0.071513 0.014899 -0.041426
1573040442.755221 0.256000 0.267264 -0.461482 9.564237 0.185472 -0.063878 0.000000 -0.043635
1573040442.775245 0.272000 0.111472 -1.806425 11.278485 0.185472 -0.063878 0.030862 -0.039045
1573040442.795234 0.288000 0.187070 -2.250550 10.114903 0.152352 -0.051465 0.046825 -0.033633
1573040442.815213 0.304000 0.174506 0.203507 10.226233 0.152352 -0.051465 -0.037247 -0.032539
1573040442.835065 0.320000 0.206152 0.000000 11.335946 0.156327 -0.044501 -0.041504 -0.030187
1573040442.855018 0.336000 0.411110 0.150835 9.874287 0.137779 -0.041471 0.000000 -0.026254
1573040442.875341 0.352000 0.425837 1.152808 10.915764 0.156327 -0.038033 0.000000 -0.028243
1573040442.895428 0.368000 0.290639 1.100734 9.547478 0.156327 -0.038033 -0.011706 -0.030669
1573040442.915345 0.384000 0.265194 2.777873 9.138069 0.206669 -0.033487 -0.013835 -0.035311
1573040442.935366 0.400000 0.472665 2.357690 10.848127 0.206669 -0.033487 0.004257 -0.040522
1573040442.955359 0.400000 0.204713 1.646612 9.517550 0.313978 -0.020345 -0.024477 -0.045212
1573040442.975554 0.400000 0.443011 0.567426 11.275493 0.313978 -0.020345 -0.006385 -0.043089
1573040442.995357 0.400000 0.223975 1.203685 8.166622 0.313978 -0.020345 0.024477 -0.046255
1573040443.015269 0.400000 0.251447 -1.292270 11.763910 0.362996 -0.005339 0.080879 -0.041499
1573040443.035228 0.400000 0.223861 -0.460285 9.944317 0.362996 -0.005339 -0.023412 -0.036587
1573040443.055288 0.400000 0.223522 -0.815226 10.963648 0.359021 0.018176 -0.052146 -0.034179
1573040443.075188 0.400000 0.265922 -1.815403 11.140819 0.359021 0.018176 0.076622 -0.028749
1573040443.095167 0.400000 0.379762 -2.285864 8.200141 0.267610 0.030705 0.086200 -0.025907
1573040443.115209 0.400000 0.381188 -1.768716 9.378687 0.258336 0.036387 0.050017 -0.022930
1573040443.135233 0.400000 0.369906 -1.218050 10.141838 0.262311 0.042156 -0.011706 -0.018617
1573040443.155307 0.400000 0.314417 2.033874 9.770737 0.262311 0.042156 -0.089393 -0.021946
1573040443.175354 0.400000 0.276825 2.746748 10.635044 0.302055 0.048799 -0.063852 -0.028044
1573040443.195239 0.400000 0.300021 1.255759 10.646417 0.302055 0.048799 0.024477 -0.032238
1573040443.215193 0.400000 0.300042 0.323217 10.976217 0.302055 0.048799 0.027669 -0.032553
1573040443.235363 0.400000 0.437712 -0.559046 9.332598 0.324576 0.062873 0.000000 -0.028104
1573040443.255195 0.400000 0.437712 -1.084573 9.658808 0.324576 0.062873 -0.009578 -0.024884
1573040443.275201 0.400000 0.322594 -0.735020 12.643181 0.324576 0.084872 -0.020220 -0.021001
1573040443.295166 0.400000 0.351756 -0.250194 8.009203 0.324576 0.084872 0.023412 -0.019532
1573040443.315470 0.400000 0.429101 0.997185 8.248025 0.341799 0.099615 0.005321 -0.021851
1573040443.335150 0.400000 0.286565 0.664990 11.853094 0.341799 0.107133 -0.021284 -0.026379
1573040443.355548 0.400000 0.273803 -0.289698 9.777321 0.366970 0.115204 -0.030862 -0.025456
1573040443.375464 0.400000 0.416515 1.542464 12.100894 0.366970 0.115204 -0.009578 -0.029469
1573040443.395262 0.400000 0.331126 -0.580594 7.678803 0.366970 0.115204 0.087264 -0.025804
1573040443.415324 0.400000 0.359461 -1.432331 12.355876 0.339149 0.130472 0.056403 -0.019833
1573040443.435312 0.400000 0.334709 -0.113126 8.888474 0.339149 0.130472 -0.023412 -0.016802
1573040443.455180 0.400000 0.419165 -0.115520 11.236587 0.361671 0.146264 -0.006385 -0.016071
1573040443.475202 0.400000 0.419165 0.135272 11.417948 0.361671 0.146264 -0.006385 -0.015720
1573040443.495238 0.400000 0.329409 -0.216077 8.086416 0.348423 0.161357 -0.054274 -0.013848
1573040443.515198 0.400000 0.332615 0.528520 11.199477 0.348423 0.161357 -0.028733 -0.015761
1573040443.535799 0.400000 0.313239 0.672771 9.927557 0.357696 0.177062 -0.012770 -0.020125
1573040443.555326 0.400000 0.321472 -0.043694 9.843162 0.357696 0.177062 -0.012770 -0.018659
1573040443.575302 0.400000 0.347887 -0.146645 10.613496 0.357696 0.177062 0.038311 -0.018484
1573040443.595282 0.400000 0.428438 -0.641047 9.740211 0.343124 0.192388 -0.004257 -0.015127
1573040443.615308 0.400000 0.366500 -0.987608 10.897209 0.343124 0.192388 -0.012770 -0.011111
1573040443.635218 0.400000 0.366998 -0.389656 10.964247 0.343124 0.207569 -0.037247 -0.008563
1573040443.655350 0.400000 0.349369 1.702277 12.008119 0.343124 0.207569 -0.040440 -0.011770
1573040443.675269 0.400000 0.423801 0.828394 9.642647 0.352397 0.222924 0.000000 -0.017274
1573040443.695276 0.400000 0.423801 0.437540 11.024700 0.352397 0.222924 0.007449 -0.021032
1573040443.715489 0.400000 0.335704 -0.103549 9.515156 0.364320 0.238803 0.013835 -0.017811
1573040443.735189 0.400000 0.326277 0.271742 9.531916 0.364320 0.238803 0.012770 -0.019590
1573040443.755389 0.400000 0.417840 0.300472 11.452663 0.364320 0.238803 0.000000 -0.022185
1573040443.775430 0.400000 0.315472 -0.035913 8.738836 0.378893 0.255469 0.013835 -0.020400
1573040443.795290 0.400000 0.410553 -1.003170 11.039065 0.378893 0.255469 0.000000 -0.016271
1573040443.815308 0.400000 0.318288 -0.071227 9.489418 0.378893 0.271990 -0.041504 -0.014303
1573040443.835491 0.400000 0.410553 -0.187346 10.096947 0.378893 0.271990 0.000000 -0.010849
1573040443.855262 0.400000 0.355163 0.462679 9.458892 0.352397 0.287694 -0.011706 -0.012557
1573040443.875330 0.400000 0.377540 0.256778 10.343550 0.352397 0.287694 0.012770 -0.010529
1573040443.895378 0.400000 0.418502 0.044891 9.701305 0.362996 0.303573 -0.007449 -0.011569
1573040443.915251 0.400000 0.418502 0.629076 10.707468 0.362996 0.303573 0.004257 -0.014762
1573040443.935132 0.400000 0.353608 0.177171 9.163807 0.362996 0.303573 0.025541 -0.015533
1573040443.955274 0.400000 0.419165 0.204106 9.773729 0.361671 0.319598 -0.009578 -0.015925
1573040443.975453 0.400000 0.325589 0.459088 10.061632 0.361671 0.319598 -0.022348 -0.019540
1573040443.995288 0.400000 0.311631 -0.277129 10.631453 0.392141 0.336584 -0.011706 -0.017289
1573040444.015359 0.400000 0.323660 0.460285 8.714295 0.392141 0.336584 0.018091 -0.017863
1573040444.035190 0.400000 0.351628 -0.455497 10.797850 0.380218 0.353483 0.018091 -0.013462
1573040444.055249 0.400000 0.374292 -1.389235 9.764751 0.380218 0.353483 0.017027 -0.008823
1573040444.075172 0.400000 0.408431 -0.763750 12.032061 0.352397 0.369333 0.012770 -0.004351
1573040444.095140 0.400000 0.411979 -0.562637 8.406641 0.352397 0.369333 0.032990 -0.005663
1573040444.115487 0.400000 0.433075 0.980426 11.134833 0.333850 0.384047 -0.004257 -0.009912
1573040444.135438 0.400000 0.354195 0.921768 9.197326 0.333850 0.384047 -0.013835 -0.014393
1573040444.155416 0.400000 0.354195 1.235408 11.269507 0.333850 0.384047 -0.023412 -0.018088
1573040444.175279 0.400000 0.303009 1.073799 11.091139 0.374919 0.400073 -0.015963 -0.020310
1573040444.195271 0.400000 0.346606 0.040701 9.087790 0.374919 0.400073 0.059595 -0.019146
1573040444.215245 0.400000 0.345102 0.216077 9.968857 0.372269 0.416506 0.048953 -0.018648
1573040444.235418 0.400000 0.356173 -1.538275 8.998607 0.372269 0.416506 0.015963 -0.013135
1573040444.255338 0.400000 0.377646 -0.507571 11.807006 0.364320 0.432823 0.010642 -0.009103
1573040444.275330 0.400000 0.403911 -0.527921 8.073847 0.364320 0.432823 0.058531 -0.008639
1573040444.295414 0.400000 0.429101 0.443526 11.875240 0.341799 0.447916 -0.007449 -0.009767
1573040444.315246 0.400000 0.362028 0.219668 9.459491 0.341799 0.447916 -0.019156 -0.011499
1573040444.335159 0.400000 0.330236 1.098939 10.764331 0.341799 0.447916 -0.034054 -0.016367
1573040444.355247 0.400000 0.419827 1.181538 8.672397 0.360346 0.463591 0.000000 -0.018880
1573040444.375268 0.400000 0.327474 0.426168 9.700108 0.360346 0.463591 0.027669 -0.021238
1573040444.395185 0.400000 0.412541 0.384269 12.264896 0.374919 0.480199 0.008514 -0.021256
1573040444.415392 0.400000 0.279112 0.222062 10.722432 0.374919 0.480199 -0.031926 -0.023493
1573040444.435243 0.400000 0.317025 -0.383072 11.385626 0.402740 0.497797 0.042568 -0.020578
1573040444.455302 0.400000 0.333300 -0.359130 7.575254 0.402740 0.497797 0.034054 -0.016472
1573040444.475158 0.400000 0.371963 -1.482011 12.887987 0.380218 0.514667 0.039375 -0.011523
1573040444.495295 0.400000 0.409891 -1.682525 10.244190 0.380218 0.514667 -0.005321 -0.007070
1573040444.515919 0.400000 0.423690 -0.379481 10.240599 0.339149 0.529759 0.017027 -0.003050
1573040444.535261 0.400000 0.430425 1.401805 8.397662 0.339149 0.529759 0.007449 -0.004233
1573040444.555163 0.400000 0.375006 1.535880 10.940305 0.339149 0.529759 -0.022348 -0.008849
1573040444.575308 0.400000 0.348073 1.142034 10.084976 0.340474 0.544386 -0.035119 -0.012826
1573040444.595125 0.400000 0.429763 0.629076 11.042657 0.340474 0.544386 0.000000 -0.017408
1573040444.615221 0.400000 0.344060 -0.279523 9.768941 0.377569 0.560760 0.025541 -0.015985
1573040444.635328 0.400000 0.366902 -0.571616 8.566454 0.377569 0.560760 0.042568 -0.013120
1573040444.655119 0.400000 0.331332 0.434548 12.689269 0.394791 0.577776 0.015963 -0.015851
1573040444.675210 0.400000 0.351145 -0.783503 9.813234 0.394791 0.577776 0.012770 -0.011569
1573040444.695451 0.400000 0.391587 -0.697311 10.866683 0.385517 0.594995 0.035119 -0.006643
1573040444.715329 0.400000 0.416311 -0.314239 9.453506 0.385517 0.594995 0.037247 -0.001911
1573040444.735291 0.400000 0.433236 -1.215057 10.098144 0.385517 0.594995 0.021284 0.003070
1573040444.755211 0.400000 0.417840 -0.054468 9.871293 0.364320 0.611050 -0.007449 0.003811
1573040444.775174 0.400000 0.417840 0.805050 10.153810 0.364320 0.611050 -0.005321 -0.000108
1573040444.795348 0.400000 0.370674 1.238999 8.782530 0.366970 0.627045 -0.041504 -0.005018
1573040444.815378 0.400000 0.351647 1.213262 8.414422 0.366970 0.627045 -0.054274 -0.007546
1573040444.835390 0.400000 0.399293 0.693121 10.775703 0.401415 0.644090 0.000000 -0.011829
1573040444.855378 0.400000 0.399293 -0.713472 10.101137 0.401415 0.644090 0.004257 -0.009427
1573040444.875278 0.400000 0.397968 -0.059855 10.483012 0.404065 0.661892 0.000000 -0.005564
1573040444.895237 0.400000 0.389031 -0.195726 9.419987 0.404065 0.661892 0.012770 -0.003064
1573040444.915684 0.400000 0.401942 -0.717063 11.218032 0.396116 0.679199 0.000000 0.001350
1573040444.935516 0.400000 0.395568 -0.318429 10.044274 0.396116 0.679199 -0.022348 0.000960
1573040444.955317 0.400000 0.377721 0.960075 10.900800 0.396116 0.679199 -0.027669 -0.002077
1573040444.975407 0.400000 0.407164 -0.013767 10.545859 0.370023 0.696477 -0.010642 -0.000501
1573040444.995245 0.400000 0.414989 0.162207 10.095750 0.370023 0.696477 0.006385 0.000893
1573040445.015387 0.400000 0.393205 -0.360926 10.196306 0.413590 0.722407 0.006385 0.002298
1573040445.035361 0.400000 0.389328 0.368707 10.330381 0.413590 0.722407 -0.013835 0.000608
1573040445.055259 0.400000 0.387255 0.128688 9.519944 0.396116 0.739685 -0.015963 -0.001341
1573040445.075289 0.400000 0.400617 -0.260369 9.430161 0.398765 0.748455 -0.009578 -0.000083
1573040445.095146 0.400000 0.390632 -0.352546 10.812215 0.393466 0.757108 -0.028733 0.000346
1573040445.115330 0.400000 0.403267 -0.372897 9.787497 0.393466 0.757108 0.000000 0.003022
1573040445.135296 0.400000 0.437048 0.082600 9.175179 0.384193 0.765557 0.025541 0.003275
1573040445.155305 0.400000 0.416135 0.273538 10.356119 0.384193 0.765557 -0.021284 0.003775
1573040445.175260 0.400000 0.428165 -0.263362 10.858303 0.384193 0.765557 -0.022348 0.006287
1573040445.195243 0.400000 0.382191 0.538097 9.168595 0.421918 0.791720 -0.018091 0.000439
1573040445.215373 0.400000 0.389041 0.908600 11.637616 0.421918 0.791720 -0.009578 -0.002646
1573040445.235217 0.400000 0.383312 -0.424971 9.373899 0.415988 0.809696 -0.021284 0.000390
1573040445.255342 0.400000 0.381404 -0.235829 9.709684 0.418637 0.818903 -0.030862 0.001231
1573040445.275161 0.400000 0.410674 -0.437540 9.886257 0.390298 0.827877 0.032990 -0.002134
1573040445.295242 0.400000 0.425849 -0.496797 9.630676 0.390298 0.827877 0.036183 0.000581
1573040445.315703 0.400000 0.407387 -0.747589 12.071565 0.404065 0.836763 -0.021284 0.004012
1573040445.335295 0.400000 0.401658 0.166397 9.626487 0.404065 0.836763 -0.037247 0.004463
1573040445.355378 0.400000 0.426089 -0.222062 7.796718 0.400090 0.854419 0.020220 0.003205
1573040445.375336 0.400000 0.383242 0.197522 12.653356 0.400090 0.854419 -0.031926 -0.000150
1573040445.395222 0.400000 0.373895 -0.090980 10.122087 0.400090 0.854419 -0.059595 0.000747
1573040445.415196 0.400000 0.392669 0.715866 11.793239 0.414663 0.881253 -0.007449 0.001685
1573040445.435575 0.400000 0.409267 -0.076614 9.252393 0.414663 0.881253 0.010642 0.002255
1573040445.455294 0.400000 0.398630 -0.575805 12.313379 0.402740 0.898997 -0.006385 0.005383
1573040445.475260 0.400000 0.419057 -0.629076 10.593145 0.386497 0.907883 -0.042568 0.006718
1573040445.495277 0.400000 0.414690 0.357933 12.360664 0.397441 0.916624 -0.041504 0.006832
1573040445.515278 0.400000 0.401280 -0.065841 10.730812 0.397441 0.916624 -0.007449 0.006717
1573040445.535239 0.400000 0.436995 1.235408 7.932589 0.386842 0.925131 0.026605 0.003423
1573040445.555248 0.400000 0.387733 0.207697 10.290278 0.386842 0.925131 -0.059595 0.002190
1573040445.575430 0.400000 0.339856 1.055843 11.097125 0.426081 0.942817 -0.061724 -0.003248
1573040445.595380 0.400000 0.381496 1.100136 7.894281 0.426081 0.942817 0.056403 -0.006733
1573040445.615289 0.400000 0.380338 -0.399233 13.793594 0.426081 0.942817 0.010642 -0.002388
1573040445.635309 0.400000 0.384598 -1.833360 9.416395 0.404065 0.960851 -0.032990 0.000625
1573040445.655260 0.400000 0.423310 0.636858 7.704541 0.404065 0.960851 0.019156 0.003153
1573040445.675207 0.400000 0.439334 -0.028730 7.630321 0.389492 0.978390 0.030862 0.003730
1573040445.695332 0.400000 0.439634 -0.260968 12.455235 0.389492 0.978390 0.011706 0.005705
1573040445.715302 0.400000 0.403087 0.472256 8.595782 0.377569 0.994967 -0.036183 0.001992
1573040445.735257 0.400000 0.379372 1.028310 11.239580 0.377569 0.994967 -0.053210 -0.001048
1573040445.755221 0.400000 0.384215 1.140837 8.514380 0.408039 1.012768 0.040440 -0.006397
1573040445.775383 0.400000 0.395981 -0.705691 12.514492 0.408039 1.012768 0.004257 -0.007767
1573040445.795619 0.400000 0.331251 -1.066018 10.001778 0.422612 1.031006 -0.069173 -0.004571
1573040445.815833 0.400000 0.366634 -0.187945 12.127230 0.422612 1.031006 -0.023412 -0.002071
1573040445.835273 0.400000 0.391713 -0.361524 7.548918 0.422612 1.031006 0.037247 -0.003121
1573040445.855470 0.400000 0.401280 -1.723227 11.092935 0.397441 1.048923 0.009578 0.001606
1573040445.875343 0.400000 0.401280 -1.237802 8.413823 0.397441 1.048923 -0.009578 0.004804
1573040445.895238 0.400000 0.421513 0.190938 11.799224 0.368295 1.065558 -0.028733 0.004005
1573040445.915523 0.400000 0.415853 1.086369 9.034520 0.368295 1.065558 0.008514 0.001228
1573040445.935411 0.400000 0.418502 0.998981 10.025720 0.362996 1.081698 0.000000 -0.000572
1573040445.955273 0.400000 0.418502 0.821810 11.711237 0.362996 1.081698 0.000000 -0.002798
1573040445.975163 0.384000 0.357776 0.255581 9.816825 0.398765 1.098858 -0.020220 -0.006546
1573040445.995213 0.368000 0.376617 0.783503 9.255983 0.398765 1.098858 -0.006385 -0.010888
1573040446.015356 0.352000 0.255997 0.107141 10.105926 0.414663 1.116892 -0.059595 -0.011775
1573040446.035243 0.336000 0.247518 -0.468665 10.707468 0.414663 1.116892 -0.044696 -0.010160
1573040446.055259 0.320000 0.253878 -1.021726 11.581352 0.414663 1.116892 -0.014899 -0.007068
1573040446.075191 0.304000 0.290397 -1.904587 9.155427 0.408039 1.135158 0.052146 -0.002331
1573040446.095342 0.288000 0.251981 -2.308010 9.758766 0.408039 1.135158 0.000000 0.002539
1573040446.115720 0.272000 0.289700 -1.739388 10.032902 0.315303 1.150162 -0.024477 0.005518
1573040446.135245 0.256000 0.285721 -1.267730 10.126875 0.315303 1.150162 -0.023412 0.009416
1573040446.155275 0.240000 0.284219 -0.464475 11.009736 0.274234 1.162573 -0.034054 0.010873
1573040446.175398 0.224000 0.242709 0.096965 10.369886 0.274234 1.162573 -0.042568 0.008222
1573040446.195222 0.208000 0.211099 1.205481 10.205883 0.253037 1.173818 -0.029798 0.003303
1573040446.215363 0.192000 0.185481 0.454300 11.148600 0.253037 1.173818 -0.009578 -0.002337
1573040446.235477 0.176000 0.157507 0.026935 9.927557 0.260986 1.185297 -0.009578 -0.004457
1573040446.255166 0.160000 0.133507 -0.583587 10.128072 0.260986 1.185297 0.007449 -0.000167
1573040446.275209 0.144000 0.141935 -1.453280 10.209475 0.260986 1.185297 0.019156 0.004570
1573040446.295281 0.128000 0.094781 -1.308431 10.475829 0.242439 1.196251 0.000000 0.009004
1573040446.315228 0.112000 0.070781 -1.185130 9.774328 0.242439 1.196251 0.009578 0.013442
1573040446.335128 0.096000 0.078576 -0.883460 10.447698 0.178848 1.204874 0.005321 0.016737
1573040446.355278 0.080000 0.054576 -1.124078 10.362104 0.178848 1.204874 -0.004257 0.018693
1573040446.375143 0.064000 0.067008 -1.452682 10.637438 0.105984 1.213673 0.000000 0.023071
1573040446.395270 0.048000 0.163106 -1.007360 10.175956 0.105984 1.213673 -0.012770 0.025297
1573040446.415544 0.032000 0.175365 -0.524330 10.338761 0.070214 1.217081 -0.015963 0.029291
1573040446.435471 0.016000 0.151214 0.132878 10.252570 0.072864 1.218683 -0.017027 0.029367
1573040446.455356 0.000000 0.087210 2.011728 10.421960 0.072864 1.218683 -0.043632 0.024292
1573040446.475324 0.000000 0.028670 1.901595 9.679757 0.102010 1.220927 -0.030862 0.019021
1573040446.495266 0.000000 0.014795 0.815824 10.519524 0.102010 1.220927 -0.011706 0.014331
1573040446.515480 0.000000 -0.062928 -0.130484 9.983222 0.125856 1.223694 0.009578 0.011437
1573040446.535229 0.000000 0.036346 -1.890222 10.974422 0.125856 1.223694 0.035119 0.016343
1573040446.555242 0.000000 0.059334 -1.851316 10.133458 0.124531 1.229259 0.039375 0.020382
1573040446.575308 0.000000 0.060660 -1.812411 9.785102 0.124531 1.229259 0.020220 0.022563
1573040446.595214 0.000000 -0.027821 -0.715866 9.700706 0.055642 1.232289 0.000000 0.027020
1573040446.615256 0.000000 -0.027821 -0.172383 10.150218 0.055642 1.232289 -0.006385 0.026175
1573040446.635217 0.000000 0.082382 0.362123 10.338162 0.038419 1.234182 -0.013835 0.021702
1573040446.655213 0.000000 -0.019210 -0.881066 10.702082 0.038419 1.234182 0.004257 0.023042
1573040446.675393 0.000000 -0.003974 -0.228646 10.354323 0.007949 1.234823 0.000000 0.025873
1573040446.695368 0.000000 0.097254 1.066018 10.196905 0.007949 1.234823 -0.010642 0.021310
1573040446.715296 0.000000 -0.003974 0.290297 10.329185 0.007949 1.234823 0.007449 0.017788
1573040446.735222 0.000000 -0.002650 0.310049 10.096349 0.005299 1.235144 0.000000 0.019822
1573040446.755195 0.000000 0.063224 1.268328 9.765350 0.005299 1.235144 -0.019156 0.015090
1573040446.775202 0.000000 -0.013248 0.181959 10.058640 0.026496 1.235756 -0.004257 0.011626
1573040446.795339 0.000000 -0.013248 -0.087388 10.362703 0.026496 1.235756 0.006385 0.011209
1573040446.815289 0.000000 -0.017885 0.127491 9.823409 0.035770 1.237154 0.000000 0.007099
1573040446.835292 0.000000 -0.017885 -0.104148 10.149021 0.035770 1.237154 0.004257 0.007887
1573040446.855539 0.000000 0.064261 -0.653018 10.591949 0.017222 1.238785 0.019156 0.012659
1573040446.875162 0.000000 -0.008611 -0.664990 10.542269 0.017222 1.238785 0.007449 0.017949
1573040446.895319 0.000000 -0.008611 -0.277129 10.100538 0.017222 1.238785 0.000000 0.019730
1573040446.915353 0.000000 -0.000662 0.550666 10.188525 0.001325 1.238814 -0.009578 0.014208
1573040446.935348 0.000000 0.001325 0.304064 10.105327 -0.002650 1.238756 0.000000 0.010216
1573040446.955246 0.000000 -0.001325 0.155623 10.109516 0.002650 1.238814 0.004257 0.006610
1573040446.975259 0.000000 -0.001325 -0.032322 10.113707 0.002650 1.238814 0.006385 0.003438
1573040446.995296 0.000000 0.000000 0.122104 10.375273 0.000000 1.238814 0.007449 0.001067
1573040447.015580 0.000000 0.000000 0.190938 10.304644 0.000000 1.238814 0.000000 -0.002597
1573040447.035285 0.000000 0.000000 0.269946 10.117896 0.000000 1.238902 0.000000 -0.004535
1573040447.055401 0.000000 0.000000 0.105345 10.149619 0.000000 1.238902 0.000000 -0.006927
1573040447.075304 0.000000 -0.001325 0.088585 10.447698 0.002650 1.238960 0.000000 -0.010240
1573040447.095264 0.000000 -0.001325 0.058658 10.189722 0.002650 1.238960 0.000000 -0.006915
1573040447.115622 0.000000 0.000000 0.386664 10.047866 0.000000 1.238931 -0.004257 -0.011276
1573040447.135256 0.000000 0.000000 0.218471 10.386645 0.000000 1.238931 0.000000 -0.014948
1573040447.155685 0.000000 0.000000 0.022146 10.311228 0.000000 1.238931 0.000000 -0.011047
1573040447.175276 0.000000 -0.000662 0.107141 10.181941 0.001325 1.238960 0.000000 -0.010731
1573040447.195294 0.000000 -0.000662 0.146645 10.229825 0.001325 1.238960 0.000000 -0.013302
1573040447.215233 0.000000 0.000662 0.132280 10.137649 -0.001325 1.238931 0.000000 -0.011765
1573040447.235229 0.000000 0.000662 0.150835 10.352528 -0.001325 1.238931 0.000000 -0.012714
1573040447.255223 0.000000 0.000000 0.230442 10.161591 0.000000 1.238989 0.000000 -0.016995
1573040447.275325 0.000000 0.000000 0.218471 10.193913 0.000000 1.238989 0.000000 -0.018748
1573040447.295340 0.000000 0.000000 0.077812 10.219649 0.000000 1.238960 0.000000 -0.015837
1573040447.315397 0.000000 0.000000 0.137068 10.201095 0.000000 1.238960 0.000000 -0.013378
1573040447.335409 0.000000 0.000000 0.182558 10.213664 0.000000 1.238960 0.000000 -0.016325
1573040447.355417 0.000000 0.000000 0.147243 10.258555 0.000000 1.238960 0.000000 -0.015329
1573040447.375535 0.000000 0.000000 0.177769 10.216059 0.000000 1.238960 0.000000 -0.016780
1573040447.395265 0.000000 -0.000662 0.197522 10.237008 0.001325 1.238989 0.000000 -0.017953
1573040447.415296 0.000000 -0.000662 0.138864 10.230424 0.001325 1.238989 0.000000 -0.014396
1573040447.435268 0.000000 -0.000662 0.139462 10.293271 0.001325 1.238989 0.000000 -0.013602
1573040447.455176 0.000000 -0.000662 0.178967 10.246585 0.001325 1.238989 0.000000 -0.015222
1573040447.475338 0.000000 -0.001325 0.175974 10.219649 0.002650 1.238989 0.000000 -0.016136
1573040447.495417 0.000000 -0.001325 0.159214 10.226832 0.002650 1.238989 0.000000 -0.015481
1573040447.515369 0.000000 0.000000 0.193930 10.192715 0.000000 1.238989 0.000000 -0.019078
1573040447.535250 0.000000 0.000000 0.155025 10.163386 0.000000 1.238989 0.000000 -0.016494
1573040447.555433 0.000000 0.000662 0.152630 10.306439 -0.001325 1.238960 0.000000 -0.015140
1573040447.575212 0.000000 0.000662 0.168791 10.188525 -0.001325 1.238960 0.000000 -0.013957
1573040447.595393 0.000000 0.000662 0.154426 10.289082 -0.001325 1.238960 0.000000 -0.015441
1573040447.615313 0.000000 -0.001325 0.172383 10.211270 0.002650 1.238989 0.000000 -0.017141
1573040447.635209 0.000000 -0.001325 0.180164 10.228029 0.002650 1.238989 0.000000 -0.017482
1573040447.655345 0.000000 0.000662 0.160412 10.244789 -0.001325 1.238931 0.000000 -0.013522
1573040447.675459 0.000000 0.000662 0.166397 10.238205 -0.001325 1.238931 0.000000 -0.017591
1573040447.695304 0.000000 -0.000662 0.140659 10.245986 0.001325 1.238989 0.000000 -0.015656
1573040447.715358 0.000000 -0.000662 0.176572 10.201095 0.001325 1.238989 0.000000 -0.017923
1573040447.735156 0.000000 0.000000 0.175375 10.185533 0.000000 1.238989 0.000000 -0.016343
1573040447.755173 0.000000 0.000000 0.160412 10.231022 0.000000 1.238989 0.000000 -0.015355
1573040447.775616 0.000000 0.000000 0.168193 10.261548 -0.001325 1.238960 0.000000 -0.018702
1573040447.795168 0.000000 0.000662 0.166397 10.225037 -0.001325 1.238960 0.000000 -0.016025
1573040447.815283 0.000000 0.000662 0.163404 10.205284 -0.001325 1.238960 0.000000 -0.017430
1573040447.835324 0.000000 0.000000 0.177769 10.265738 0.000000 1.238989 0.000000 -0.016993
1573040447.855244 0.000000 0.000000 0.169390 10.261548 0.000000 1.238989 0.000000 -0.017022
1573040447.875251 0.000000 0.000000 0.165200 10.211270 0.000000 1.238989 0.000000 -0.016101
1573040447.895595 0.000000 0.000000 0.170587 10.214861 0.000000 1.238989 0.000000 -0.015253
1573040447.915228 0.000000 0.000000 0.159214 10.228029 0.000000 1.238989 0.000000 -0.015388
1573040447.935257 0.000000 0.000000 0.162207 10.283096 0.000000 1.238989 0.000000 -0.016790
1573040447.955296 0.000000 0.000000 0.173580 10.271125 0.000000 1.238960 0.000000 -0.014347
1573040447.975228 0.000000 0.000000 0.187945 10.292673 0.000000 1.238960 0.000000 -0.016434
1573040447.995335 0.000000 0.000000 0.172383 10.241796 0.000000 1.238960 0.000000 -0.015673
1573040448.015223 0.000000 0.000000 0.150835 10.198701 0.000000 1.238960 0.000000 -0.014907
1573040448.035390 0.000000 0.000000 0.152032 10.237606 0.000000 1.238960 0.000000 -0.014361
1573040448.055262 0.000000 0.000000 0.165798 10.234613 0.000000 1.238989 0.000000 -0.016451
1573040448.075153 0.000000 0.000000 0.134075 10.242394 0.000000 1.238989 0.000000 -0.013869
1573040448.095174 0.000000 -0.000662 0.159214 10.204087 0.001325 1.238960 0.000000 -0.015781
1573040448.115260 0.000000 -0.000662 0.176572 10.234015 0.001325 1.238960 0.000000 -0.017070
1573040448.135364 0.000000 0.000662 0.149039 10.282497 -0.001325 1.238931 0.000000 -0.013705
1573040448.155218 0.000000 0.000662 0.175375 10.248979 -0.001325 1.238931 0.000000 -0.016036
1573040448.175256 0.000000 -0.000662 0.139462 10.199898 0.001325 1.238989 0.000000 -0.014906
1573040448.195300 0.000000 -0.000662 0.161609 10.190321 0.001325 1.238989 0.000000 -0.016651
1573040448.215560 0.000000 0.000000 0.143652 10.221445 0.000000 1.238960 0.000000 -0.014676
1573040448.235355 0.000000 0.000000 0.158017 10.237606 0.000000 1.238960 0.000000 -0.015696
1573040448.255416 0.000000 0.000000 0.155623 10.260351 0.000000 1.238960 0.000000 -0.013457
1573040448.275260 0.000000 0.000000 0.169390 10.229825 0.000000 1.238960 0.000000 -0.011941
1573040448.295387 0.000000 0.000000 0.150835 10.226233 0.000000 1.238960 0.000000 -0.014701
1573040448.315343 0.000000 0.000000 0.141258 10.232818 0.000000 1.238989 0.000000 -0.013436
1573040448.335363 0.000000 0.000000 0.137068 10.217854 0.000000 1.238989 0.000000 -0.013624
1573040448.355297 0.000000 0.000000 0.156820 10.233417 0.000000 1.238960 0.000000 -0.015528
1573040448.375441 0.000000 0.000000 0.131681 10.228628 0.000000 1.238960 0.000000 -0.013539
1573040448.395349 0.000000 0.000000 0.153827 10.257957 0.000000 1.238960 0.000000 -0.014983
1573040448.415248 0.000000 0.000000 0.177769 10.261548 0.000000 1.238960 0.000000 -0.017570
1573040448.435653 0.000000 0.000000 0.156222 10.296863 0.000000 1.238960 0.000000 -0.016837
1573040448.455381 0.000000 -0.000662 0.169390 10.229227 0.001325 1.238989 0.000000 -0.015023
1573040448.475193 0.000000 -0.000662 0.143054 10.201095 0.001325 1.238989 0.000000 -0.015799
1573040448.495239 0.000000 0.000662 0.160412 10.256760 -0.001325 1.238960 0.000000 -0.013340
1573040448.515219 0.000000 0.000662 0.183156 10.198102 -0.001325 1.238960 0.000000 -0.017167
1573040448.535282 0.000000 0.000000 0.156222 10.296863 0.000000 1.238960 0.000000 -0.014601
1573040448.555137 0.000000 0.000000 0.174777 10.298059 0.000000 1.238960 0.000000 -0.017356
1573040448.575386 0.000000 0.000662 0.186149 10.229825 -0.001325 1.238960 0.000000 -0.017906
1573040448.595246 0.000000 0.000662 0.193930 10.257359 -0.001325 1.238960 0.000000 -0.019902
1573040448.615298 0.000000 0.000000 0.145448 10.220847 0.000000 1.238960 0.000000 -0.015536
1573040448.635910 0.000000 0.000000 0.159813 10.230424 0.000000 1.238960 0.000000 -0.015605
1573040448.655422 0.000000 0.000662 0.159214 10.213066 -0.001325 1.238960 0.000000 -0.017407
1573040448.675206 0.000000 0.000662 0.169390 10.217256 -0.001325 1.238960 0.000000 -0.015652
1573040448.695266 0.000000 0.000662 0.145448 10.240599 -0.001325 1.238960 0.000000 -0.014097
1573040448.715244 0.000000 0.000000 0.147243 10.184336 0.000000 1.238989 0.000000 -0.015316
1573040448.735246 0.000000 0.000000 0.154426 10.293271 0.000000 1.238989 0.000000 -0.017316
1573040448.755166 0.000000 0.000000 0.135272 10.272323 0.000000 1.238989 0.000000 -0.014877
1573040448.775304 0.000000 0.000000 0.134075 10.193314 0.000000 1.238989 0.000000 -0.014727
1573040448.795268 0.000000 0.000000 0.173580 10.248381 0.000000 1.238960 0.000000 -0.016349
1573040448.815241 0.000000 0.000000 0.159214 10.176554 0.000000 1.238960 0.000000 -0.015639
1573040448.835263 0.000000 0.000662 0.146046 10.155605 -0.001325 1.238960 0.000000 -0.015136
1573040448.855268 0.000000 0.000662 0.143054 10.182540 -0.001325 1.238960 0.000000 -0.016381
1573040448.875435 0.000000 0.000000 0.144251 10.260950 0.000000 1.238989 0.000000 -0.013594
1573040448.895230 0.000000 0.000000 0.153229 10.208278 0.000000 1.238989 0.000000 -0.012022
1573040448.915236 0.000000 0.000000 0.168791 10.253767 0.000000 1.238989 0.000000 -0.015506
1573040448.935224 0.000000 0.000662 0.172981 10.262746 -0.001325 1.238960 0.000000 -0.016637
1573040448.955259 0.000000 0.000662 0.170587 10.279505 -0.001325 1.238960 0.000000 -0.016269
1573040448.975362 0.000000 0.000000 0.141856 10.227431 0.000000 1.238960 0.000000 -0.013652
1573040448.995300 0.000000 0.000000 0.149638 10.286089 0.000000 1.238960 0.000000 -0.014162
1573040449.015347 0.000000 0.000662 0.155025 10.202890 -0.001325 1.238960 0.000000 -0.014743
1573040449.035476 0.000000 0.000662 0.137667 10.227431 -0.001325 1.238960 0.000000 -0.012338
1573040449.055269 0.000000 -0.000662 0.149039 10.284892 0.001325 1.238989 0.000000 -0.015048
1573040449.075300 0.000000 -0.000662 0.147842 10.238205 0.001325 1.238989 0.000000 -0.015935
1573040449.095358 0.000000 0.000000 0.157419 10.211868 0.000000 1.238960 0.000000 -0.017314
1573040449.115199 0.000000 0.000000 0.134075 10.242993 0.000000 1.238960 0.000000 -0.014149
1573040449.135219 0.000000 0.000000 0.180164 10.223241 0.000000 1.238960 0.000000 -0.015472
1573040449.155223 0.000000 -0.000662 0.164601 10.231621 0.001325 1.238989 0.000000 -0.014089
1573040449.175241 0.000000 -0.000662 0.156222 10.206482 0.001325 1.238989 0.000000 -0.015415
1573040449.195342 0.000000 0.000000 0.177769 10.229825 0.000000 1.238960 0.000000 -0.017823
1573040449.215166 0.000000 0.000000 0.162207 10.172364 0.000000 1.238960 0.000000 -0.015854
1573040449.235267 0.000000 -0.000662 0.161609 10.235810 0.001325 1.238989 0.000000 -0.015734
1573040449.255204 0.000000 -0.000662 0.162806 10.263344 0.001325 1.238989 0.000000 -0.015216
1573040449.275326 0.000000 0.000000 0.161010 10.227431 0.000000 1.238989 0.000000 -0.015717
1573040449.295218 0.000000 0.000000 0.165200 10.267534 0.000000 1.238989 0.000000 -0.015065
1573040449.315747 0.000000 0.000662 0.165200 10.240599 -0.001325 1.238960 0.000000 -0.014541
1573040449.335441 0.000000 0.000662 0.160412 10.162787 -0.001325 1.238960 0.000000 -0.015892
1573040449.355222 0.000000 0.000662 0.158017 10.205284 -0.001325 1.238960 0.000000 -0.013494
1573040449.375347 0.000000 0.000662 0.156820 10.196905 -0.001325 1.238960 0.000000 -0.015708
1573040449.395266 0.000000 0.000662 0.163404 10.259154 -0.001325 1.238960 0.000000 -0.013307
1573040449.415233 0.000000 0.000000 0.137068 10.224438 0.000000 1.238989 0.000000 -0.013410
1573040449.435272 0.000000 0.000000 0.156222 10.225037 0.000000 1.238989 0.000000 -0.014074
1573040449.455182 0.000000 0.000000 0.152032 10.271125 0.000000 1.238989 0.000000 -0.015021
1573040449.475239 0.000000 0.000000 0.174178 10.239402 0.000000 1.238989 0.000000 -0.017251
1573040449.495634 0.000000 0.000000 0.160412 10.222044 0.000000 1.238989 0.000000 -0.015654
1573040449.515228 0.000000 0.000000 0.181361 10.183138 0.000000 1.238989 0.000000 -0.016662
1573040449.535355 0.000000 0.000662 0.141258 10.186729 -0.001325 1.238960 0.000000 -0.013771
1573040449.555276 0.000000 0.000000 0.158017 10.166379 0.000000 1.238960 0.000000 -0.016138
1573040449.575326 0.000000 0.000000 0.168791 10.305243 0.000000 1.238960 0.000000 -0.016627
1573040449.595252 0.000000 0.000000 0.157419 10.254964 0.000000 1.238960 0.000000 -0.016243
1573040449.615166 0.000000 0.000000 0.166397 10.235212 0.000000 1.238960 0.000000 -0.014996
1573040449.635227 0.000000 -0.001325 0.148441 10.208278 0.002650 1.238989 0.000000 -0.011853
1573040449.655518 0.000000 -0.001325 0.161010 10.212467 0.002650 1.238989 0.000000 -0.013611
1573040449.675250 0.000000 0.000000 0.168791 10.257359 0.000000 1.238989 0.000000 -0.017486
1573040449.695319 0.000000 0.000000 0.156820 10.201694 0.000000 1.238989 0.000000 -0.015248
1573040449.715640 0.000000 0.000662 0.146645 10.203489 -0.001325 1.238960 0.000000 -0.013160
1573040449.735310 0.000000 -0.000662 0.158017 10.257359 0.001325 1.238989 0.000000 -0.015248
1573040449.755316 0.000000 -0.000662 0.150236 10.248381 0.001325 1.238989 0.000000 -0.013434
1573040449.775205 0.000000 0.000000 0.172981 10.245986 0.000000 1.238989 0.000000 -0.014865
1573040449.795335 0.000000 0.000000 0.162806 10.214861 0.000000 1.238989 0.000000 -0.016950
1573040449.815282 0.000000 0.000000 0.175375 10.217854 0.000000 1.238960 0.000000 -0.014206
1573040449.835231 0.000000 0.000000 0.149638 10.280104 0.000000 1.238960 0.000000 -0.013050
1573040449.855146 0.000000 0.000000 0.178967 10.264541 0.000000 1.238960 0.000000 -0.017449
1573040449.875254 0.000000 0.000000 0.162806 10.257957 0.000000 1.238960 0.000000 -0.016183
1573040449.895233 0.000000 0.000000 0.147842 10.234613 0.000000 1.238960 0.000000 -0.014717
1573040449.915367 0.000000 0.000000 0.135272 10.240001 0.000000 1.238960 0.000000 -0.011720
1573040449.935746 0.000000 0.000000 0.165200 10.288483 0.000000 1.238989 0.000000 -0.015708
1573040449.955222 0.000000 0.000000 0.144251 10.197503 0.000000 1.238989 0.000000 -0.015583
1573040449.975241 0.000000 0.000000 0.171185 10.165780 0.000000 1.238989 0.000000 -0.018233
1573040449.995409 0.000000 -0.000662 0.152630 10.201095 0.001325 1.238989 0.000000 -0.015058
1573040450.015294 0.000000 -0.000662 0.184952 10.207080 0.001325 1.238989 0.000000 -0.016773
1573040450.035378 0.000000 0.000000 0.164003 10.229227 0.000000 1.238960 0.000000 -0.015798
1573040450.055281 0.000000 0.000000 0.152032 10.234015 0.000000 1.238960 0.000000 -0.013888
1573040450.075248 0.000000 0.000662 0.163404 10.235212 -0.001325 1.238960 0.000000 -0.017197
1573040450.095233 0.000000 0.000662 0.146046 10.212467 -0.001325 1.238960 0.000000 -0.015577
1573040450.115343 0.000000 -0.000662 0.176572 10.237606 0.001325 1.238960 0.000000 -0.017609
1573040450.135317 0.000000 0.000000 0.138265 10.208876 0.000000 1.238960 0.000000 -0.014896
1573040450.155182 0.000000 0.000662 0.165200 10.134656 -0.001325 1.238931 0.000000 -0.018051
1573040450.175334 0.000000 0.000662 0.158616 10.134057 -0.001325 1.238931 0.000000 -0.016003
1573040450.195439 0.000000 0.000000 0.153229 10.210073 0.000000 1.238931 0.000000 -0.014069
1573040450.215335 0.000000 0.000000 0.177171 10.246585 0.000000 1.238931 0.000000 -0.017016
1573040450.235332 0.000000 0.000000 0.153827 10.265738 0.000000 1.238931 0.000000 -0.015329
1573040450.255263 0.000000 0.000000 0.141258 10.213066 0.000000 1.238990 0.000000 -0.015165
1573040450.275322 0.000000 0.000000 0.181361 10.211868 0.000000 1.238990 0.000000 -0.018558
1573040450.295220 0.000000 -0.000662 0.153827 10.181941 0.001325 1.238960 0.000000 -0.015103
1573040450.315336 0.000000 -0.000662 0.158616 10.254366 0.001325 1.238960 0.000000 -0.015290
1573040450.335474 0.000000 0.000000 0.155025 10.220248 0.000000 1.238989 0.000000 -0.015081
1573040450.355630 0.000000 0.000000 0.152032 10.308235 0.000000 1.238989 0.000000 -0.014755
1573040450.375264 0.000000 0.000000 0.146046 10.223840 0.000000 1.238960 0.000000 -0.015243
1573040450.395375 0.000000 0.000000 0.149039 10.289082 0.000000 1.238960 0.000000 -0.015646
1573040450.415647 0.000000 0.000000 0.178368 10.283096 0.000000 1.238960 0.000000 -0.015022
1573040450.435391 0.000000 0.000000 0.142455 10.209475 0.000000 1.238960 0.000000 -0.012754
1573040450.455441 0.000000 0.000000 0.150236 10.221445 0.000000 1.238960 0.000000 -0.015184
1573040450.475360 0.000000 0.000000 0.147842 10.278906 0.000000 1.238960 0.000000 -0.012914
1573040450.495126 0.016000 0.000000 0.165798 10.244789 0.000000 1.238960 0.000000 -0.015625
1573040450.515291 0.032000 0.024662 0.143652 10.253767 -0.001325 1.238960 0.000000 -0.012125
1573040450.535207 0.048000 0.048662 0.134075 10.174160 -0.001325 1.238960 0.000000 -0.013117
1573040450.555233 0.064000 0.072000 0.141258 10.252570 0.000000 1.238989 0.000000 -0.013483
1573040450.575207 0.080000 0.096000 0.465672 10.260950 0.000000 1.238989 0.000000 -0.018866
1573040450.595523 0.096000 0.113376 1.204283 10.243592 0.013248 1.239339 -0.006385 -0.023361
1573040450.615280 0.112000 0.137376 1.483208 10.253767 0.013248 1.239339 0.000000 -0.027787
1573040450.635341 0.128000 0.161376 1.382651 10.271125 0.013248 1.239339 0.000000 -0.032182
1573040450.655239 0.144000 0.165504 1.389834 10.086772 0.052992 1.241087 -0.004257 -0.036653
1573040450.675388 0.160000 0.189504 1.313220 10.278308 0.052992 1.241087 0.000000 -0.041121
1573040450.695294 0.176000 0.175085 1.188721 10.216657 0.129831 1.247875 -0.004257 -0.044565
1573040450.715297 0.192000 0.199085 0.736816 10.220248 0.129831 1.247875 -0.006385 -0.049007
1573040450.735355 0.208000 0.203213 0.704494 10.336966 0.169575 1.254926 -0.009578 -0.052850
1573040450.755349 0.224000 0.221913 0.833781 9.967061 0.180173 1.258888 -0.007449 -0.054789
1573040450.775452 0.240000 0.239289 0.513556 10.237606 0.193421 1.263141 -0.006385 -0.056621
1573040450.795238 0.256000 0.263289 0.392051 10.639234 0.193421 1.263141 0.000000 -0.053798
1573040450.815410 0.272000 -0.004650 0.799663 9.670779 0.201370 1.267570 0.010642 -0.058657
1573040450.835192 0.288000 0.307315 0.794276 10.434529 0.201370 1.267570 0.007449 -0.060722
1573040450.855530 0.304000 -0.009058 -0.287304 9.925163 0.225216 1.277155 -0.017027 -0.063987
1573040450.875180 0.320000 0.072755 -0.970849 11.743559 0.225216 1.277155 0.051082 -0.059236
1573040450.895220 0.336000 0.367392 -0.830189 9.102156 0.225216 1.277155 0.004257 -0.057145
1573040450.915328 0.352000 0.407952 -1.850119 9.709684 0.192096 1.285866 0.007449 -0.052927
1573040450.935217 0.368000 0.182957 -0.791882 11.417349 0.192096 1.285866 -0.013835 -0.048415
1573040450.955160 0.384000 0.203043 3.293224 10.923545 0.111283 1.291984 -0.059595 -0.052703
1573040450.975155 0.400000 0.199959 2.945467 9.712678 0.111283 1.291984 -0.098971 -0.054183
1573040450.995417 0.400000 0.178893 1.832761 10.268731 0.178848 1.299122 -0.019156 -0.060816
1573040451.015290 0.400000 0.197260 1.337162 11.043255 0.178848 1.299122 0.011706 -0.063834
1573040451.035260 0.400000 0.504614 1.239598 8.703522 0.190771 1.307250 -0.007449 -0.067179
1573040451.055246 0.400000 0.193764 -0.181361 10.785878 0.190771 1.307250 0.010642 -0.063234
1573040451.075636 0.400000 0.198735 0.645836 10.808623 0.211968 1.316312 -0.012770 -0.059899
1573040451.095169 0.400000 0.137359 2.230797 10.234613 0.211968 1.316312 -0.059595 -0.065372
1573040451.115151 0.400000 0.175957 0.695516 8.649054 0.211968 1.316312 0.039375 -0.067549
1573040451.135569 0.400000 0.170841 -0.366911 10.426748 0.282183 1.328490 0.041504 -0.061764
1573040451.155457 0.400000 0.188613 -1.268328 10.235810 0.282183 1.328490 0.028733 -0.056932
1573040451.175365 0.400000 0.217303 -1.675941 9.392453 0.251712 1.339620 0.017027 -0.053071
1573040451.195239 0.400000 0.199596 -1.569998 10.274117 0.251712 1.339620 -0.036183 -0.051291
1573040451.215275 0.400000 0.231452 -1.184531 10.432136 0.202695 1.348826 -0.040440 -0.049396
1573040451.235377 0.400000 0.231192 0.620697 10.351331 0.202695 1.348826 -0.034054 -0.050087
1573040451.255314 0.400000 0.245220 0.550666 11.158775 0.182823 1.357013 -0.035119 -0.049162
1573040451.275439 0.400000 0.246830 0.974440 9.615114 0.182823 1.357013 0.015963 -0.053948
1573040451.295413 0.400000 0.223653 1.478420 10.146029 0.202695 1.365695 0.019156 -0.056916
1573040451.315232 0.400000 0.498653 0.998382 10.578181 0.202695 1.365695 0.000000 -0.060910
1573040451.335453 0.400000 0.188667 0.574010 10.107721 0.202695 1.365695 -0.011706 -0.060827
1573040451.355210 0.400000 0.179190 0.855927 10.251971 0.234490 1.375630 -0.025541 -0.058159
1573040451.375396 0.400000 0.136832 2.149395 10.515932 0.234490 1.375630 -0.054274 -0.063757
1573040451.395213 0.400000 0.126582 0.926556 8.169016 0.295431 1.387458 0.011706 -0.066311
1573040451.415244 0.400000 0.198540 -0.616507 8.723273 0.295431 1.387458 0.125576 -0.063306
1573040451.435346 0.400000 0.223626 -1.142034 11.446079 0.258336 1.399724 0.102163 -0.059657
1573040451.455428 0.400000 0.230064 -2.149395 10.620679 0.258336 1.399724 0.045761 -0.052730
1573040451.475199 0.400000 0.497328 -1.487996 10.225636 0.205344 1.409221 0.004257 -0.048098
1573040451.495234 0.400000 0.246764 0.126294 10.251373 0.205344 1.409221 -0.048953 -0.045218
1573040451.515476 0.400000 0.234222 1.570596 10.405799 0.192096 1.417786 -0.073430 -0.046603
1573040451.535227 0.400000 0.194156 2.843114 9.525331 0.192096 1.417786 -0.088329 -0.053126
1573040451.555346 0.400000 0.225569 1.616086 8.895657 0.192096 1.417786 0.022348 -0.057911
1573040451.575230 0.400000 0.203591 -0.208894 12.807782 0.278208 1.429585 0.028733 -0.054334
1573040451.595279 0.400000 0.214825 -0.828394 9.239224 0.278208 1.429585 0.015963 -0.050811
1573040451.615255 0.400000 0.248196 -1.125275 9.824008 0.275559 1.441501 0.030862 -0.045891
1573040451.635434 0.400000 0.252474 -0.903811 11.617265 0.275559 1.441501 0.018091 -0.043759
1573040451.655300 0.400000 0.299289 -0.669778 10.730812 0.238234 1.452804 0.035119 -0.039831
1573040451.675254 0.400000 0.310480 -0.375890 9.053075 0.238234 1.452804 0.019156 -0.035996
1573040451.695283 0.400000 0.484742 1.040879 10.649409 0.230516 1.462855 0.000000 -0.039679
1573040451.715467 0.400000 0.484742 1.007360 11.328764 0.230516 1.462855 -0.007449 -0.043981
1573040451.735420 0.400000 0.209298 2.048838 10.406996 0.262311 1.473896 -0.020220 -0.049887
1573040451.755227 0.400000 0.192544 2.716820 9.602545 0.262311 1.473896 -0.017027 -0.053557
1573040451.775232 0.400000 0.212697 0.830788 7.655460 0.262311 1.473896 0.058531 -0.057083
1573040451.795373 0.400000 0.157947 0.202310 10.570999 0.372269 1.489044 0.042568 -0.055440
1573040451.815242 0.400000 0.159076 -0.793678 12.296021 0.372269 1.489044 0.032990 -0.054257
1573040451.835041 0.400000 0.222833 -2.125453 9.897031 0.344448 1.504630 0.048953 -0.045884
1573040451.855050 0.400000 0.216322 -2.239776 9.436746 0.344448 1.504630 0.014899 -0.043781
1573040451.875046 0.400000 0.289160 -1.562815 11.216236 0.227866 1.515642 0.018091 -0.041191
1573040451.895494 0.400000 0.318232 -1.081581 9.381081 0.227866 1.515642 0.015963 -0.035163
1573040451.915192 0.400000 0.496665 0.290895 10.500969 0.206669 1.524702 0.000000 -0.031396
1573040451.935224 0.400000 0.321446 1.286883 11.529877 0.206669 1.524702 -0.021284 -0.032916
1573040451.955173 0.400000 0.292554 2.101511 9.723452 0.206669 1.524702 -0.028733 -0.037949
1573040451.975122 0.400000 0.247986 2.087145 8.671799 0.242439 1.534810 -0.031926 -0.042966
1573040451.995124 0.400000 0.250220 1.840543 11.675923 0.242439 1.534810 0.018091 -0.047521
1573040452.015177 0.400000 0.212808 0.577601 8.899846 0.339149 1.548823 0.062788 -0.049802
1573040452.035334 0.400000 0.236834 0.086191 10.846332 0.339149 1.548823 0.070237 -0.045742
1573040452.055223 0.400000 0.250093 -0.169988 11.396399 0.327226 1.563156 0.071301 -0.044389
1573040452.075136 0.400000 0.265964 -1.419163 10.447698 0.327226 1.563156 0.032990 -0.037384
1573040452.095529 0.400000 0.473280 -0.877475 10.421960 0.253440 1.581976 0.006385 -0.033765
1573040452.115530 0.400000 0.346111 -0.364517 9.995792 0.253440 1.581976 0.035119 -0.028946
1573040452.135185 0.400000 0.338324 0.274136 10.465055 0.253440 1.581976 -0.010642 -0.025927
1573040452.155208 0.400000 0.274982 2.161964 9.473257 0.288807 1.593833 -0.048953 -0.031228
1573040452.175179 0.400000 0.276768 1.455076 9.813832 0.327226 1.601029 0.035119 -0.035436
1573040452.195172 0.400000 0.252572 0.970250 10.853515 0.325901 1.608196 0.020220 -0.038917
1573040452.215191 0.400000 0.290292 0.085593 9.859921 0.325901 1.608196 0.065980 -0.035950
1573040452.235298 0.400000 0.312665 0.179565 10.159196 0.328551 1.615421 0.062788 -0.030891
1573040452.255344 0.400000 0.328712 -1.690905 11.441890 0.328551 1.615421 0.052146 -0.026617
1573040452.275155 0.400000 0.344431 -1.138443 10.483610 0.310004 1.629289 0.041504 -0.024264
1573040452.295385 0.400000 0.343646 -0.171784 10.971429 0.310004 1.629289 -0.010642 -0.019967
1573040452.315240 0.400000 0.332744 0.368707 10.366295 0.302055 1.642719 -0.021284 -0.021117
1573040452.335247 0.400000 0.448973 1.127070 10.074202 0.302055 1.642719 -0.008514 -0.025695
1573040452.355346 0.400000 0.443673 0.960673 10.430340 0.312653 1.656237 0.007449 -0.031071
1573040452.375204 0.400000 0.443673 0.842759 10.080786 0.312653 1.656237 0.009578 -0.034872
1573040452.395358 0.400000 0.443673 1.871069 10.002975 0.312653 1.656237 -0.004257 -0.039281
1573040452.415180 0.400000 0.221948 1.414973 9.371504 0.349748 1.670979 0.026605 -0.043296
1573040452.435296 0.400000 0.425126 1.139041 10.084377 0.349748 1.670979 0.000000 -0.046730
1573040452.455167 0.400000 0.137258 0.414795 10.866084 0.406714 1.688401 -0.021284 -0.049749
1573040452.475233 0.400000 0.396643 -1.318008 10.403405 0.406714 1.688401 0.005321 -0.046267
1573040452.495227 0.400000 0.257814 -2.688090 12.548610 0.320602 1.714008 0.072366 -0.043613
1573040452.515248 0.400000 0.298368 -1.865682 6.054936 0.320602 1.714008 0.089393 -0.037205
1573040452.535249 0.400000 0.288198 -1.182736 10.092757 0.320602 1.714008 0.041504 -0.034451
1573040452.555485 0.400000 0.309581 -1.450886 9.008183 0.298080 1.734052 0.028733 -0.029692
1573040452.575511 0.400000 0.303134 -0.872088 10.225636 0.298080 1.734052 -0.048953 -0.024670
1573040452.595271 0.400000 0.330545 0.314838 11.422137 0.286157 1.740344 -0.024477 -0.022828
1573040452.615372 0.400000 0.456921 0.569221 8.526949 0.286157 1.740344 0.004257 -0.024705
1573040452.635244 0.400000 0.462221 0.708684 11.825561 0.275559 1.746404 0.005321 -0.028568
1573040452.655223 0.400000 0.290006 1.347936 9.742605 0.275559 1.746404 -0.015963 -0.032847
1573040452.675558 0.400000 0.262899 1.998560 10.684125 0.291456 1.758931 -0.013835 -0.037510
1573040452.695319 0.400000 0.454272 1.291672 9.895235 0.291456 1.758931 0.005321 -0.040756
1573040452.715277 0.400000 0.215412 0.972644 7.925406 0.376244 1.774488 0.028733 -0.042167
1573040452.735150 0.400000 0.229952 -0.034716 10.333973 0.376244 1.774488 0.034054 -0.039791
1573040452.755466 0.400000 0.409891 1.044470 10.765528 0.380218 1.799571 -0.006385 -0.043525
1573040452.775319 0.400000 0.409891 -1.226430 9.868899 0.380218 1.799571 0.000000 -0.039461
1573040452.795652 0.400000 0.271695 -0.709881 9.454702 0.380218 1.799571 0.055338 -0.033173
1573040452.815281 0.400000 0.439037 -0.125696 9.254188 0.321927 1.813788 0.006385 -0.031096
1573040452.835195 0.400000 0.227856 0.672771 9.651027 0.348423 1.821450 -0.032990 -0.036287
1573040452.855289 0.400000 0.429101 -0.213683 10.765528 0.341799 1.828966 -0.004257 -0.032757
1573040452.875225 0.400000 0.240779 0.448913 10.172963 0.341799 1.828966 -0.013835 -0.036281
1573040452.895355 0.400000 0.428438 -0.140061 7.957129 0.343124 1.836511 0.004257 -0.032914
1573040452.915297 0.400000 0.428438 0.212485 10.932524 0.343124 1.836511 0.007449 -0.030372
1573040452.935262 0.400000 0.235427 0.837372 10.464457 0.339149 1.851428 -0.068109 -0.032189
1573040452.955277 0.400000 0.222925 1.757344 8.862138 0.339149 1.851428 -0.062788 -0.035221
1573040452.975252 0.400000 0.202408 1.444302 13.181277 0.389492 1.868150 -0.012770 -0.039292
1573040452.995389 0.400000 0.264927 -2.038064 8.024765 0.389492 1.868150 0.074494 -0.035515
1573040453.015402 0.400000 0.293748 -2.220023 11.703456 0.335175 1.883532 0.024477 -0.030181
1573040453.035290 0.400000 0.432413 -1.935114 9.332000 0.335175 1.883532 0.000000 -0.025759
1573040453.055278 0.400000 0.313890 -0.664990 10.755951 0.335175 1.883532 -0.019156 -0.021789
1573040453.075231 0.400000 0.473913 0.182558 9.352350 0.252173 1.895767 0.006385 -0.018189
1573040453.095311 0.400000 0.355962 2.097321 9.585186 0.252173 1.895767 -0.019156 -0.021675
1573040453.115432 0.400000 0.465043 1.215057 9.586982 0.269914 1.907740 -0.008514 -0.026156
1573040453.135397 0.400000 0.465043 1.258752 11.643601 0.269914 1.907740 0.004257 -0.028093
1573040453.155341 0.400000 0.268567 1.231218 10.087969 0.321927 1.921663 -0.015963 -0.032498
1573040453.175240 0.400000 0.254412 2.064999 11.627440 0.321927 1.921663 -0.019156 -0.035009
1573040453.195217 0.400000 0.216234 1.011550 6.655880 0.398765 1.938383 0.031926 -0.040069
1573040453.215370 0.400000 0.239412 -0.546477 11.508328 0.398765 1.938383 0.056403 -0.037881
1573040453.235298 0.400000 0.278720 -1.446098 10.820595 0.370944 1.955103 0.055338 -0.032695
1573040453.255272 0.400000 0.414528 -1.494580 10.811616 0.370944 1.955103 0.008514 -0.027141
1573040453.275174 0.400000 0.310623 -1.742380 8.417415 0.370944 1.955103 0.013835 -0.022164
1573040453.295221 0.400000 0.455660 -1.481412 10.327389 0.288681 1.968153 -0.006385 -0.018819
1573040453.315245 0.400000 0.334914 1.146224 9.485229 0.288681 1.968153 -0.069173 -0.017232
1573040453.335272 0.400000 0.313648 1.194707 10.556035 0.296756 1.980533 -0.059595 -0.021635
1573040453.355337 0.400000 0.451622 0.653617 11.619061 0.296756 1.980533 -0.008514 -0.025153
1573040453.375192 0.400000 0.453638 0.491410 9.193136 0.292724 1.994021 0.008514 -0.026240
1573040453.395219 0.400000 0.322950 0.560842 8.586205 0.292724 1.994021 0.022348 -0.028372
1573040453.415256 0.400000 0.429763 1.082179 10.667365 0.340474 2.008383 0.000000 -0.032149
1573040453.435314 0.400000 0.220125 0.958878 9.582193 0.340474 2.008383 -0.040440 -0.037884
1573040453.455302 0.400000 0.429763 0.735618 11.583148 0.340474 2.008383 0.000000 -0.039949
1573040453.475233 0.400000 0.188462 0.151433 8.217499 0.409427 2.033961 0.012770 -0.042642
1573040453.495232 0.400000 0.238310 -1.599327 11.827356 0.409427 2.033961 0.060659 -0.037461
1573040453.515234 0.400000 0.246441 -1.503559 10.003573 0.366970 2.050536 -0.012770 -0.032738
1573040453.535645 0.400000 0.306702 -1.198897 9.728240 0.344448 2.058110 0.042568 -0.028472
1573040453.555185 0.400000 0.356483 -1.754950 9.731233 0.280858 2.064286 0.038311 -0.024449
1573040453.575236 0.400000 0.322932 -1.351527 9.309854 0.280858 2.064286 -0.045761 -0.022752
1573040453.595358 0.400000 0.356407 -0.703895 10.952275 0.253440 2.070112 -0.039375 -0.019437
1573040453.615262 0.400000 0.348865 0.136469 10.208876 0.253440 2.070112 -0.053210 -0.019562
1573040453.635290 0.400000 0.300848 1.505953 10.376470 0.287482 2.082551 -0.046825 -0.026400
1573040453.655297 0.400000 0.456259 1.164181 11.131841 0.287482 2.082551 -0.008514 -0.031274
1573040453.675314 0.400000 0.449203 0.967257 9.704298 0.301594 2.096156 0.007449 -0.035161
1573040453.695310 0.400000 0.449203 0.307056 11.561001 0.301594 2.096156 0.000000 -0.033335
1573040453.715178 0.400000 0.239775 1.607108 10.150218 0.301594 2.096156 -0.037247 -0.038161
1573040453.735183 0.400000 0.183708 1.216853 10.293271 0.371954 2.111042 -0.029798 -0.043083
1573040453.755182 0.400000 0.414023 0.536301 6.543952 0.371954 2.111042 0.000000 -0.047712
1573040453.775211 0.400000 0.196255 -0.907402 10.049662 0.387764 2.128579 0.021284 -0.044101
1573040453.795259 0.400000 0.406118 -0.669179 10.298658 0.387764 2.128579 0.005321 -0.039500
1573040453.815359 0.400000 0.225487 -1.370680 9.569624 0.361671 2.153865 -0.010642 -0.037671
1573040453.835182 0.400000 0.231261 -2.322376 10.093355 0.361671 2.153865 -0.020220 -0.035559
1573040453.855478 0.400000 0.439699 -0.532710 7.607576 0.320602 2.168197 -0.009578 -0.030298
1573040453.875214 0.400000 0.439699 -1.426346 10.788871 0.320602 2.168197 0.000000 -0.026193
1573040453.895207 0.400000 0.319740 -0.938527 10.132860 0.278208 2.174315 -0.057467 -0.022484
1573040453.915216 0.400000 0.257873 1.564012 10.685921 0.296756 2.180840 -0.102163 -0.028534
1573040453.935336 0.400000 0.256000 2.627636 11.046846 0.296756 2.180840 -0.059595 -0.033165
1573040453.955382 0.400000 0.248675 1.449091 9.744401 0.332525 2.188152 0.013835 -0.038396
1573040453.975418 0.400000 0.433737 -0.488417 11.915343 0.332525 2.188152 0.017027 -0.033828
1573040453.995280 0.400000 0.438374 -0.843358 9.774328 0.323252 2.202543 0.000000 -0.030447
1573040454.015168 0.384000 0.273061 0.731429 9.921572 0.323252 2.202543 -0.023412 -0.030721
1573040454.035124 0.368000 0.221617 1.933318 11.866860 0.337824 2.217109 -0.040440 -0.033050
1573040454.055310 0.352000 0.171354 2.412757 9.014170 0.337824 2.217109 -0.061724 -0.036174
1573040454.075149 0.336000 0.184471 0.004190 11.099519 0.351072 2.232753 0.025541 -0.036153
1573040454.095325 0.320000 0.163645 -1.938106 9.733028 0.351072 2.232753 -0.025541 -0.030410
1573040454.115324 0.304000 0.190929 -1.840543 11.153388 0.276884 2.246125 -0.032990 -0.026827
1573040454.135179 0.288000 0.317558 -1.979406 9.379285 0.276884 2.246125 0.000000 -0.022682
1573040454.155190 0.272000 0.208192 -1.189320 10.623073 0.276884 2.246125 0.012770 -0.018350
1573040454.175163 0.256000 0.303341 -0.241216 9.502586 0.209319 2.255884 0.000000 -0.013864
1573040454.195191 0.240000 0.183452 0.897826 10.132261 0.209319 2.255884 -0.020220 -0.017156
1573040454.215267 0.224000 0.106150 0.807445 8.769362 0.211968 2.264712 -0.068109 -0.022762
1573040454.235139 0.208000 0.102727 0.000000 10.878654 0.211968 2.264712 -0.039375 -0.021520
1573040454.255278 0.192000 0.102784 -0.510563 10.371083 0.197395 2.278317 -0.021284 -0.019975
1573040454.275295 0.176000 0.189302 -1.273117 9.096769 0.197395 2.278317 0.009578 -0.016595
1573040454.295356 0.160000 0.114271 -1.154005 10.645219 0.139104 2.284930 0.015963 -0.011803
1573040454.315311 0.144000 0.145987 -0.778116 10.313024 0.139104 2.284930 0.021284 -0.007021
1573040454.335957 0.128000 0.149098 0.568024 10.243592 0.133805 2.287873 0.000000 -0.009344
1573040454.355172 0.112000 0.128410 0.390255 10.010756 0.127181 2.290670 -0.007449 -0.012532
1573040454.375224 0.096000 0.015449 0.246004 10.623672 0.127181 2.290670 -0.015963 -0.016196
1573040454.395350 0.080000 0.077098 0.670975 10.483610 0.133805 2.293612 -0.008514 -0.020696
1573040454.415322 0.064000 0.053098 0.016161 10.588955 0.133805 2.293612 0.000000 -0.017465
1573040454.435338 0.048000 0.027110 -0.502782 10.135853 0.137779 2.299701 0.000000 -0.016480
1573040454.455421 0.032000 -0.036279 -1.899200 10.187328 0.137779 2.299701 0.027669 -0.010645
1573040454.475395 0.016000 -0.013111 -1.836353 10.770915 0.063590 2.305732 0.000000 -0.006044
1573040454.495230 0.000000 -0.032754 -1.168370 9.162610 0.063590 2.305732 -0.011706 -0.003821
1573040454.515740 0.000000 -0.014573 -2.033874 10.836755 0.001325 2.306402 0.000000 0.000497
1573040454.535262 0.000000 0.013469 -0.295684 10.034698 0.001325 2.306402 -0.021284 0.004955
1573040454.555202 0.000000 -0.008765 0.546477 9.897630 0.001325 2.306402 -0.017027 0.000082
1573040454.576743 0.000000 0.010598 0.363320 10.395623 -0.021197 2.305761 0.000000 -0.004302
1573040454.595159 0.000000 0.010598 0.767940 9.950901 -0.021197 2.305761 0.000000 -0.008649
1573040454.615348 0.000000 0.004637 0.581192 10.105327 -0.009274 2.305120 0.006385 -0.012929
1573040454.635149 0.000000 0.004637 0.222062 10.270527 -0.009274 2.305120 0.000000 -0.016734
1573040454.655160 0.000000 -0.000634 -0.055067 10.465055 0.001267 2.305091 0.000000 -0.014817
1573040454.675157 0.000000 -0.000634 -0.134075 10.242993 0.001267 2.305091 0.000000 -0.012912
1573040454.695236 0.000000 -0.001987 -0.051475 10.096349 0.003974 2.305207 0.000000 -0.009940
1573040454.715221 0.000000 -0.001987 0.167594 10.396222 0.003974 2.305207 0.000000 -0.009340
1573040454.735274 0.000000 0.000662 0.243610 10.370484 -0.001325 2.305178 0.000000 -0.013756
1573040454.755321 0.000000 0.000662 0.153229 10.097546 -0.001325 2.305178 0.000000 -0.016252
1573040454.775354 0.000000 0.000662 0.047884 10.192117 -0.001325 2.305178 0.000000 -0.012299
1573040454.795215 0.000000 0.000662 0.137068 10.278906 -0.001325 2.305178 0.000000 -0.010974
1573040454.815193 0.000000 0.000662 0.169390 10.220248 -0.001325 2.305178 0.000000 -0.014915
1573040454.835215 0.000000 -0.000662 0.187346 10.284892 0.001325 2.305207 0.000000 -0.016908
1573040454.855218 0.000000 0.000000 0.145448 10.226233 0.000000 2.305207 0.000000 -0.014796
1573040454.875207 0.000000 0.000634 0.131083 10.253169 -0.001267 2.305178 0.000000 -0.013539
1573040454.895422 0.000000 0.000634 0.083797 10.269329 -0.001267 2.305178 0.000000 -0.009119
1573040454.915517 0.000000 0.000634 0.137667 10.238205 0.000000 2.305178 0.000000 -0.011503
1573040454.935311 0.000000 0.000000 0.166397 10.246585 0.000000 2.305178 0.000000 -0.015643
1573040454.955254 0.000000 0.000000 0.152630 10.248979 0.000000 2.305178 0.000000 -0.014643
1573040454.975191 0.000000 0.000000 0.126294 10.217854 0.000000 2.305178 0.000000 -0.013697
1573040454.995162 0.000000 0.000000 0.107739 10.222643 0.000000 2.305178 0.000000 -0.011962
1573040455.015221 0.000000 0.000000 0.135272 10.241198 0.000000 2.305178 0.000000 -0.014365
1573040455.035300 0.000000 0.000000 0.153827 10.239402 0.000000 2.305178 0.000000 -0.015114
1573040455.055124 0.000000 0.000000 0.129885 10.266336 0.000000 2.305178 0.000000 -0.012200
1573040455.075129 0.000000 0.000000 0.108936 10.229227 0.000000 2.305178 0.000000 -0.011356
1573040455.095260 0.000000 -0.000662 0.134674 10.259154 0.001325 2.305207 0.000000 -0.013904
1573040455.115304 0.000000 -0.000662 0.178967 10.226832 0.001325 2.305207 0.000000 -0.017653
1573040455.135586 0.000000 0.000000 0.137667 10.272323 0.000000 2.305178 0.000000 -0.013864
1573040455.155212 0.000000 0.000000 0.109535 10.181342 0.000000 2.305178 0.000000 -0.010966
1573040455.175351 0.000000 0.000000 0.144251 10.194510 0.000000 2.305178 0.000000 -0.014191
1573040455.195243 0.000000 -0.001267 0.141258 10.201694 0.002534 2.305237 0.000000 -0.012931
1573040455.215199 0.000000 -0.001267 0.143652 10.273520 0.002534 2.305237 0.000000 -0.015150
1573040455.235163 0.000000 0.000000 0.133477 10.265140 0.000000 2.305178 0.000000 -0.012160
1573040455.255659 0.000000 0.000000 0.120907 10.222044 0.000000 2.305178 0.000000 -0.011698
1573040455.275289 0.000000 0.000000 0.148441 10.229825 0.000000 2.305207 0.000000 -0.014311
1573040455.295036 0.000000 0.000000 0.132280 10.231022 0.000000 2.305207 0.000000 -0.013687
1573040455.315139 0.000000 0.000662 0.143652 10.211868 -0.001325 2.305178 0.000000 -0.012666
1573040455.335295 0.000000 0.000662 0.150236 10.217256 -0.001325 2.305178 0.000000 -0.014267
1573040455.355443 0.000000 -0.000634 0.147842 10.210671 0.001267 2.305207 0.000000 -0.014713
1573040455.375539 0.000000 -0.000634 0.152630 10.164583 0.001267 2.305207 0.000000 -0.013713
1573040455.395341 0.000000 -0.000634 0.127491 10.267534 0.001267 2.305207 0.000000 -0.015570
1573040455.415193 0.000000 0.000662 0.138864 10.216059 -0.001325 2.305178 0.000000 -0.013318
1573040455.435247 0.000000 0.000662 0.132878 10.296863 -0.001325 2.305178 0.000000 -0.012870
1573040455.455292 0.000000 -0.000662 0.147842 10.202890 0.001325 2.305207 0.000000 -0.015336
1573040455.475179 0.000000 -0.000662 0.147243 10.180145 0.001325 2.305207 0.000000 -0.013907
1573040455.495230 0.000000 0.000000 0.122703 10.222643 0.000000 2.305207 0.000000 -0.012531
1573040455.515325 0.000000 0.000000 0.122104 10.227431 0.000000 2.305207 0.000000 -0.011515
1573040455.535261 0.000000 0.000662 0.152032 10.200496 -0.001325 2.305178 0.000000 -0.014357
1573040455.555278 0.000000 0.000662 0.148441 10.219051 -0.001325 2.305178 0.000000 -0.013196
1573040455.575316 0.000000 -0.000634 0.127491 10.213066 0.001267 2.305207 0.000000 -0.014496
1573040455.595234 0.000000 -0.000634 0.117316 10.241198 0.001267 2.305207 0.000000 -0.011371
1573040455.615263 0.000000 -0.000634 0.135272 10.234015 0.001267 2.305207 0.000000 -0.013777
1573040455.635363 0.000000 -0.000662 0.166996 10.244789 0.001325 2.305207 0.000000 -0.015747
1573040455.655287 0.000000 -0.000662 0.132878 10.197503 0.001325 2.305207 0.000000 -0.013128
1573040455.675345 0.000000 0.000662 0.122703 10.187328 -0.001325 2.305178 0.000000 -0.010947
1573040455.695220 0.000000 0.000662 0.141258 10.275315 -0.001325 2.305178 0.000000 -0.012696
1573040455.716032 0.000000 -0.000662 0.147842 10.224438 0.001325 2.305207 0.000000 -0.014492
1573040455.735261 0.000000 0.000662 0.144251 10.192117 -0.001325 2.305178 0.000000 -0.012435
1573040455.755297 0.000000 0.000000 0.124498 10.263943 0.000000 2.305178 0.000000 -0.012242
1573040455.775263 0.000000 0.000000 0.131083 10.260351 0.000000 2.305178 0.000000 -0.012257
1573040455.795225 0.000000 0.000000 0.135871 10.196306 0.000000 2.305178 0.000000 -0.009894
1573040455.815218 0.000000 0.000000 0.145448 10.248381 0.000000 2.305178 0.000000 -0.013585
1573040455.835251 0.000000 0.000000 0.132878 10.212467 0.000000 2.305178 0.000000 -0.011120
1573040455.855188 0.000000 0.000000 0.159813 10.210671 0.000000 2.305207 0.000000 -0.014851
1573040455.875296 0.000000 0.000000 0.138265 10.219051 0.000000 2.305207 0.000000 -0.012722
1573040455.896160 0.000000 0.000662 0.152032 10.222643 -0.001325 2.305178 0.000000 -0.016309
1573040455.915146 0.000000 0.000662 0.137667 10.187328 -0.001325 2.305178 0.000000 -0.014392
1573040455.935539 0.000000 0.000662 0.144251 10.273520 -0.001267 2.305178 0.000000 -0.013505
1573040455.955346 0.000000 0.000000 0.129287 10.294469 0.000000 2.305178 0.000000 -0.014255
1573040455.975257 0.000000 0.000000 0.121506 10.235810 0.000000 2.305178 0.000000 -0.013043
1573040455.995408 0.000000 0.000000 0.107141 10.222643 0.000000 2.305178 0.000000 -0.014369
1573040456.015179 0.000000 0.000000 0.140061 10.174759 0.000000 2.305178 0.000000 -0.014266
1573040456.035239 0.000000 0.000000 0.162207 10.198701 0.000000 2.305178 0.000000 -0.016265
1573040456.055182 0.000000 0.000000 0.141258 10.219051 0.000000 2.305178 0.000000 -0.013768
1573040456.075374 0.000000 0.000662 0.138265 10.261548 -0.001325 2.305178 0.000000 -0.015004
1573040456.095244 0.000000 0.000662 0.143652 10.194510 -0.001325 2.305178 0.000000 -0.014414
1573040456.115700 0.000000 0.000000 0.137667 10.199299 0.000000 2.305207 0.000000 -0.013292
1573040456.135323 0.000000 0.000000 0.138265 10.237008 0.000000 2.305207 0.000000 -0.014232
1573040456.155302 0.000000 0.000000 0.136469 10.240599 0.000000 2.305178 0.000000 -0.013484
1573040456.175362 0.000000 0.000000 0.134075 10.208876 0.000000 2.305178 0.000000 -0.013414
1573040456.195632 0.000000 0.000000 0.120907 10.179547 0.000000 2.305178 0.000000 -0.013337
1573040456.215362 0.000000 0.000000 0.143054 10.175956 0.000000 2.305178 0.000000 -0.014778
1573040456.235333 0.000000 0.000000 0.120907 10.187926 0.000000 2.305178 0.000000 -0.011810
1573040456.255246 0.000000 0.000000 0.123900 10.223241 0.000000 2.305178 0.000000 -0.013634
1573040456.275141 0.000000 0.000000 0.123301 10.241198 0.000000 2.305178 0.000000 -0.011679
1573040456.295277 0.000000 0.000000 0.118513 10.259752 0.000000 2.305178 0.000000 -0.011886
1573040456.315158 0.000000 0.000000 0.135272 10.241796 0.000000 2.305178 0.000000 -0.012933
1573040456.335199 0.000000 0.000000 0.146645 10.226832 0.000000 2.305207 0.000000 -0.014475
1573040456.355196 0.000000 0.000000 0.126294 10.174759 0.000000 2.305207 0.000000 -0.012423
1573040456.375395 0.000000 -0.000662 0.145448 10.187926 0.001325 2.305207 0.000000 -0.014836
1573040456.395219 0.000000 -0.000662 0.134075 10.215460 0.001325 2.305207 0.000000 -0.013551
1573040456.415135 0.000000 -0.000662 0.144849 10.213066 0.001325 2.305207 0.000000 -0.013987
1573040456.435132 0.000000 -0.000634 0.132878 10.243592 0.001267 2.305207 0.000000 -0.013500
1573040456.455164 0.000000 -0.000634 0.110732 10.265140 0.001267 2.305207 0.000000 -0.014847
1573040456.475153 0.000000 0.000662 0.133477 10.270527 -0.001325 2.305178 0.000000 -0.013368
1573040456.495163 0.000000 0.000662 0.123301 10.280702 -0.001325 2.305178 0.000000 -0.012130
1573040456.515822 0.000000 0.000000 0.117316 10.254366 0.000000 2.305207 0.000000 -0.012399
1573040456.535311 0.000000 0.000000 0.150236 10.260351 0.000000 2.305207 0.000000 -0.014509
1573040456.555257 0.000000 0.000000 0.120309 10.228628 0.000000 2.305178 0.000000 -0.012429
1573040456.575325 0.000000 0.000000 0.168193 10.155006 0.000000 2.305178 0.000000 -0.013630
1573040456.595470 0.000000 0.000000 0.154426 10.193913 0.000000 2.305178 0.000000 -0.012839
1573040456.615222 0.000000 0.000000 0.140659 10.254964 0.000000 2.305178 0.000000 -0.013547
1573040456.635319 0.000000 0.000000 0.157419 10.250774 0.000000 2.305178 0.000000 -0.014707
1573040456.655244 0.000000 0.000662 0.126893 10.261548 -0.001325 2.305178 0.000000 -0.013006
1573040456.675316 0.000000 0.000662 0.158616 10.247782 -0.001325 2.305178 0.000000 -0.014846
1573040456.695221 0.000000 0.000662 0.127491 10.239402 -0.001325 2.305178 0.000000 -0.013849
1573040456.715276 0.000000 0.000662 0.135272 10.204087 -0.001325 2.305178 0.000000 -0.014410
1573040456.735352 0.000000 0.000662 0.141856 10.208278 -0.001325 2.305178 0.000000 -0.012277
1573040456.755368 0.000000 0.000662 0.146645 10.159196 -0.001325 2.305178 0.000000 -0.014603
1573040456.775203 0.000000 0.001325 0.124498 10.164583 -0.002650 2.305178 0.000000 -0.012378
1573040456.795207 0.000000 0.001325 0.117914 10.204686 -0.002650 2.305178 0.000000 -0.012107
1573040456.815246 0.000000 0.000000 0.165798 10.292074 0.000000 2.305178 0.000000 -0.015218
1573040456.835151 0.000000 0.000000 0.140061 10.285490 0.000000 2.305178 0.000000 -0.013112
1573040456.855200 0.000000 0.000000 0.156222 10.279505 0.000000 2.305178 0.000000 -0.013559
1573040456.875186 0.000000 0.000662 0.150236 10.169372 -0.001325 2.305178 0.000000 -0.015645
1573040456.895290 0.000000 0.000662 0.136469 10.220248 -0.001325 2.305178 0.000000 -0.014015
1573040456.915652 0.000000 0.000662 0.144849 10.244190 -0.001325 2.305178 0.000000 -0.012334
1573040456.935362 0.000000 0.000662 0.154426 10.193314 -0.001325 2.305178 0.000000 -0.015413
1573040456.955253 0.000000 0.000000 0.136469 10.237606 0.000000 2.305178 0.000000 -0.014703
1573040456.975288 0.000000 0.000000 0.132878 10.204087 0.000000 2.305178 0.000000 -0.012779
1573040456.995549 0.000000 -0.000662 0.104746 10.252570 0.001325 2.305207 0.000000 -0.013574
1573040457.015271 0.000000 -0.000662 0.135871 10.271724 0.001325 2.305207 0.000000 -0.012054
1573040457.035216 0.000000 -0.000662 0.129885 10.247183 0.001325 2.305207 0.000000 -0.014445
1573040457.055231 0.000000 0.000000 0.126294 10.175357 0.000000 2.305178 0.000000 -0.012085
1573040457.075236 0.000000 0.000000 0.125097 10.201095 0.000000 2.305178 0.000000 -0.015276
1573040457.095843 0.000000 -0.000662 0.123900 10.230424 0.001325 2.305237 0.000000 -0.012504
1573040457.115332 0.000000 -0.000662 0.137667 10.190919 0.001325 2.305237 0.000000 -0.012994
1573040457.135294 0.000000 -0.000662 0.142455 10.181941 0.001325 2.305207 0.000000 -0.014687
1573040457.155172 0.000000 -0.000662 0.153827 10.231022 0.001325 2.305207 0.000000 -0.014822
1573040457.175229 0.000000 -0.000634 0.137068 10.273520 0.001267 2.305207 0.000000 -0.014419
1573040457.195424 0.000000 -0.000634 0.140659 10.286089 0.001267 2.305207 0.000000 -0.013268
1573040457.215337 0.000000 -0.000662 0.128688 10.213664 0.001325 2.305207 0.000000 -0.011890
1573040457.235173 0.000000 -0.000662 0.123900 10.186131 0.001325 2.305207 0.000000 -0.013734
1573040457.255145 0.000000 -0.000662 0.117316 10.177153 0.001325 2.305207 0.000000 -0.014070
1573040457.275214 0.000000 -0.000634 0.141856 10.196306 0.001267 2.305207 0.000000 -0.014019
1573040457.295178 0.000000 -0.000634 0.125696 10.225636 0.001267 2.305207 0.000000 -0.011238
1573040457.315576 0.000000 0.000000 0.141258 10.199898 0.000000 2.305178 0.000000 -0.013231
1573040457.335206 0.000000 0.000000 0.149638 10.213066 0.000000 2.305178 0.000000 -0.014771
1573040457.355463 0.000000 0.000000 0.141258 10.241796 0.000000 2.305178 0.000000 -0.013435
1573040457.375324 0.000000 0.000000 0.131681 10.237008 0.000000 2.305178 0.000000 -0.012092
1573040457.395281 0.000000 0.000000 0.152630 10.281301 0.000000 2.305178 0.000000 -0.012237
1573040457.415313 0.000000 0.000000 0.123301 10.216657 0.000000 2.305178 0.000000 -0.013463
1573040457.435302 0.000000 -0.000662 0.158017 10.223840 0.001325 2.305207 0.000000 -0.014307
1573040457.455227 0.000000 0.000634 0.145448 10.198701 -0.001267 2.305178 0.000000 -0.014339
1573040457.475297 0.000000 0.000634 0.123900 10.247782 -0.001267 2.305178 0.000000 -0.011868
1573040457.495214 0.000000 0.000000 0.134075 10.221445 0.000000 2.305178 0.000000 -0.012971
1573040457.515417 0.000000 0.000000 0.135272 10.268731 0.000000 2.305178 0.000000 -0.012307
1573040457.535316 0.000000 -0.000662 0.139462 10.208876 0.001325 2.305207 0.000000 -0.013761
1573040457.555307 0.000000 -0.000662 0.107141 10.250175 0.001325 2.305207 0.000000 -0.010855
1573040457.575268 0.000000 -0.000634 0.144849 10.314220 0.001267 2.305207 0.000000 -0.014794
1573040457.595302 0.000000 -0.000634 0.111330 10.174759 0.001267 2.305207 0.000000 -0.012711
1573040457.615370 0.000000 0.000000 0.137667 10.208278 0.000000 2.305178 0.000000 -0.015007
1573040457.635330 0.000000 0.000000 0.132280 10.247183 0.000000 2.305178 0.000000 -0.012618
1573040457.655301 0.000000 0.000000 0.155623 10.225037 0.000000 2.305178 0.000000 -0.014599
1573040457.675240 0.000000 -0.000662 0.119112 10.261548 0.001325 2.305207 0.000000 -0.011828
1573040457.695417 0.000000 -0.000662 0.142455 10.222044 0.001325 2.305207 0.000000 -0.014958
1573040457.715309 0.000000 0.000662 0.140061 10.244190 -0.001325 2.305207 0.000000 -0.013817
1573040457.735230 0.000000 0.000662 0.120309 10.260351 -0.001325 2.305207 0.000000 -0.011610
1573040457.755221 0.000000 0.000000 0.126893 10.241198 0.000000 2.305178 0.000000 -0.012103
1573040457.775309 0.000000 0.000000 0.134674 10.230424 0.000000 2.305178 0.000000 -0.013790
