1573043385.690300 0.000000 0.000000 0.023942 10.307636 0.000000 0.171939 0.000000 -0.001868
1573043385.710019 0.000000 0.000000 0.028730 10.250774 0.000000 0.171939 0.000000 -0.003464
1573043385.730070 0.000000 0.000000 0.027533 10.177752 0.000000 0.171939 0.000000 -0.003016
1573043385.750203 0.000000 0.000000 0.021548 10.204686 0.000000 0.171939 0.000000 -0.002354
1573043385.770132 0.000000 0.000000 0.020351 10.245986 0.000000 0.171939 0.000000 -0.002468
1573043385.790073 0.000000 0.000000 0.044891 10.194510 0.000000 0.171939 0.000000 -0.003546
1573043385.810087 0.000000 0.000000 0.026935 10.248381 0.000000 0.171939 0.000000 -0.002527
1573043385.830068 0.000000 0.000000 0.011372 10.290278 0.000000 0.171939 0.000000 -0.001928
1573043385.850078 0.000000 0.000000 0.029329 10.168773 0.001325 0.171968 0.000000 -0.002881
1573043385.870110 0.000000 0.000000 0.032322 10.214263 0.001325 0.171968 0.000000 -0.003038
1573043385.890083 0.000000 0.000000 0.032920 10.256162 0.000000 0.171939 0.000000 -0.002373
1573043385.910161 0.000000 0.000000 0.053271 10.210073 0.000000 0.171939 0.000000 -0.003275
1573043385.930101 0.000000 0.000000 0.048483 10.205284 0.000000 0.171939 0.000000 -0.004767
1573043385.950106 0.000000 0.000000 0.029329 10.224438 0.000000 0.171939 0.000000 -0.002811
1573043385.970108 0.000000 0.000000 0.046687 10.231621 0.000000 0.171939 0.000000 -0.002746
1573043385.990269 0.000000 0.000000 0.044293 10.255563 0.000000 0.171939 0.000000 -0.002040
1573043386.010134 0.000000 0.000000 0.031125 10.247782 0.000000 0.171939 0.000000 -0.002524
1573043386.030054 0.000000 0.000000 0.044891 10.209475 0.000000 0.171939 0.000000 -0.002363
1573043386.050024 0.000000 0.000000 0.019154 10.204686 0.000000 0.171939 0.000000 -0.001942
1573043386.070106 0.000000 0.000000 0.030526 10.295067 -0.001325 0.171939 0.000000 -0.004456
1573043386.090005 0.000000 0.000000 0.031723 10.298658 0.000000 0.171939 0.000000 -0.002440
1573043386.110195 0.000000 0.000000 0.053870 10.127473 0.000000 0.171939 0.000000 -0.002908
1573043386.130159 0.000000 0.000000 0.056264 10.225037 0.000000 0.171939 0.000000 -0.004346
1573043386.150068 0.000000 0.000000 0.028730 10.236409 0.000000 0.171939 0.000000 -0.002196
1573043386.170048 0.000000 0.000000 0.025139 10.250774 0.000000 0.171939 0.000000 -0.003210
1573043386.190189 0.000000 0.000000 0.032322 10.242394 0.000000 0.171939 0.000000 -0.001826
1573043386.210194 0.000000 0.000000 0.033519 10.219051 0.000000 0.171939 0.000000 -0.004540
1573043386.230085 0.000000 0.000000 0.038307 10.223241 0.000000 0.171939 0.000000 -0.002498
1573043386.250104 0.000000 0.000000 0.058658 10.183737 0.000000 0.171939 0.000000 -0.004200
1573043386.270138 0.000000 0.000000 0.008978 10.248381 0.000000 0.171939 0.000000 -0.001049
1573043386.290199 0.000000 0.000000 -0.001197 10.196905 0.000000 0.171939 0.000000 -0.001136
1573043386.310105 0.000000 0.000000 0.026336 10.122087 0.000000 0.171939 0.000000 -0.002046
1573043386.330236 0.000000 0.000000 0.054468 10.181941 0.000000 0.171939 0.000000 -0.004094
1573043386.350176 0.000000 0.000000 0.022146 10.208876 0.000000 0.171939 0.000000 -0.001541
1573043386.370101 0.000000 0.000000 0.036512 10.160394 0.000000 0.171939 0.000000 -0.003131
1573043386.390267 0.000000 0.000000 0.036512 10.254366 0.000000 0.171939 0.000000 -0.003031
1573043386.410214 0.000000 0.000000 0.039504 10.251373 0.000000 0.171939 0.000000 -0.001918
1573043386.430092 0.000000 0.000000 0.035314 10.214263 0.000000 0.171939 0.000000 -0.004528
1573043386.450053 0.000000 0.000000 0.026336 10.200496 0.000000 0.171939 0.000000 -0.003019
1573043386.470200 0.000000 0.000000 0.028132 10.286089 0.000000 0.171939 0.000000 -0.002061
1573043386.490006 0.000000 0.000000 0.047285 10.181941 0.000000 0.171939 0.000000 -0.004079
1573043386.510116 0.000000 0.000000 0.019752 10.179547 0.000000 0.171939 0.000000 -0.003852
1573043386.530064 0.000000 0.000000 -0.008380 10.283096 0.000000 0.171939 0.000000 -0.001072
1573043386.550134 0.000000 0.000000 0.021548 10.190919 0.000000 0.171939 0.000000 -0.002355
1573043386.570152 0.000000 0.000000 0.043096 10.201694 0.000000 0.171939 0.000000 -0.003156
1573043386.590043 0.000000 0.000000 0.026935 10.205883 0.000000 0.171939 0.000000 -0.002614
1573043386.610158 0.000000 0.000000 0.007781 10.277709 0.000000 0.171939 0.000000 -0.001238
1573043386.630175 0.000000 0.000000 0.042497 10.202291 0.000000 0.171939 0.000000 -0.003301
1573043386.650080 0.000000 0.000000 0.038906 10.240599 0.000000 0.171939 0.000000 -0.002729
1573043386.670123 0.000000 0.000000 0.030526 10.244190 0.000000 0.171939 0.000000 -0.003590
1573043386.690182 0.000000 0.000000 0.018555 10.219051 0.000000 0.171939 0.000000 -0.002018
1573043386.710043 0.000000 0.000000 0.022745 10.268132 0.000000 0.171939 0.000000 -0.002636
1573043386.730070 0.000000 0.000000 0.007781 10.255563 0.000000 0.171939 0.000000 -0.000938
1573043386.750333 0.000000 0.000000 0.030526 10.183138 0.000000 0.171939 0.000000 -0.003084
1573043386.770185 0.000000 0.000000 0.020949 10.229227 0.000000 0.171939 0.000000 -0.005614
1573043386.790162 0.000000 0.000000 0.023942 10.235212 0.000000 0.171939 0.000000 -0.002672
1573043386.810306 0.000000 0.000000 0.020949 10.253169 0.000000 0.171939 0.000000 -0.001178
1573043386.830306 0.000000 -0.000662 0.008978 10.284892 0.001325 0.171968 0.000000 -0.001956
1573043386.850265 0.000000 -0.000662 0.023343 10.263344 0.001325 0.171968 0.000000 -0.001578
1573043386.870054 0.000000 0.000662 0.040103 10.247183 -0.001325 0.171939 0.000000 -0.004039
1573043386.890166 0.000000 0.000662 0.034117 10.207080 -0.001325 0.171939 0.000000 -0.003420
1573043386.910149 0.000000 0.000000 0.026935 10.313622 0.000000 0.171939 0.000000 -0.002653
1573043386.930921 0.000000 0.000000 0.019752 10.240599 0.000000 0.171939 0.000000 -0.002987
1573043386.950207 0.000000 0.000000 0.022146 10.159196 0.000000 0.171939 0.000000 -0.002098
1573043386.970126 0.000000 0.000000 0.035913 10.226832 0.000000 0.171939 0.000000 -0.003806
1573043386.990231 0.000000 0.000000 0.017358 10.289082 0.000000 0.171939 0.000000 -0.003047
1573043387.010219 0.000000 0.000000 0.038307 10.238205 0.000000 0.171939 0.000000 -0.002283
1573043387.030124 0.000000 0.000000 0.033519 10.240001 0.000000 0.171939 0.000000 -0.002277
1573043387.050084 0.000000 0.000000 0.045490 10.183138 0.000000 0.171939 0.000000 -0.003261
1573043387.070017 0.000000 0.000000 0.016759 10.245986 0.000000 0.171939 0.000000 -0.002358
1573043387.090191 0.000000 0.000000 0.026935 10.206482 0.000000 0.171939 0.000000 -0.002670
1573043387.110155 0.000000 0.000000 0.024541 10.150218 0.000000 0.171939 0.000000 -0.002240
1573043387.130016 0.000000 0.000662 0.016161 10.227431 -0.001325 0.171939 0.000000 -0.001509
1573043387.150434 0.000000 0.000662 0.016759 10.234015 -0.001325 0.171939 0.000000 -0.001408
1573043387.170190 0.000000 0.000662 0.023343 10.302250 -0.001325 0.171939 0.000000 -0.002331
1573043387.190196 0.000000 0.000000 0.044891 10.177752 0.000000 0.171939 0.000000 -0.005792
1573043387.210242 0.000000 0.000000 0.037110 10.203489 0.000000 0.171939 0.000000 -0.003605
1573043387.230097 0.000000 0.000000 0.020351 10.221445 0.000000 0.171939 0.000000 -0.002122
1573043387.250170 0.000000 0.000000 0.033519 10.247183 0.000000 0.171939 0.000000 -0.003409
1573043387.270134 0.000000 0.000000 0.013168 10.286089 0.000000 0.171939 0.000000 -0.003315
1573043387.290092 0.000000 0.000000 0.046088 10.222044 0.000000 0.171939 0.000000 -0.001818
1573043387.310102 0.000000 -0.000662 0.046088 10.217256 0.001325 0.171968 0.000000 -0.003998
1573043387.330313 0.000000 -0.000662 0.031125 10.207679 0.001325 0.171968 0.000000 -0.002845
1573043387.350085 0.000000 0.000000 0.033519 10.198701 0.000000 0.171939 0.000000 -0.003148
1573043387.370136 0.000000 0.000000 0.010774 10.274716 0.000000 0.171939 0.000000 -0.001565
1573043387.390684 0.000000 0.000000 0.029928 10.190321 0.000000 0.171939 0.000000 -0.004338
1573043387.410299 0.000000 0.000000 0.030526 10.195109 0.000000 0.171939 0.000000 -0.001738
1573043387.430037 0.000000 0.000000 0.018555 10.209475 0.000000 0.171939 0.000000 -0.003162
1573043387.450052 0.000000 0.000000 0.015562 10.244190 0.000000 0.171939 0.000000 -0.002209
1573043387.470087 0.000000 0.000000 0.049680 10.155605 0.000000 0.171939 0.000000 -0.002793
1573043387.490244 0.000000 0.000000 0.022745 10.160992 0.000000 0.171939 0.000000 -0.003047
1573043387.510025 0.000000 0.000000 0.022146 10.289680 0.000000 0.171939 0.000000 -0.001941
1573043387.530157 0.000000 -0.000662 0.037709 10.252570 0.001325 0.171968 0.000000 -0.003932
1573043387.549999 0.000000 -0.000662 0.016161 10.212467 0.001325 0.171968 0.000000 -0.003180
1573043387.570199 0.000000 -0.000662 0.026336 10.268731 0.001325 0.171968 0.000000 -0.002017
1573043387.590322 0.000000 -0.000662 0.032322 10.251971 0.001325 0.171968 0.000000 -0.004088
1573043387.610385 0.000000 -0.000662 0.029329 10.236409 0.001325 0.171968 0.000000 -0.002934
1573043387.630109 0.000000 0.000000 0.050278 10.263344 0.000000 0.171939 0.000000 -0.004897
1573043387.650194 0.000000 0.000000 0.027533 10.233417 0.000000 0.171939 0.000000 -0.004428
1573043387.670268 0.000000 0.000662 0.022146 10.189722 -0.001325 0.171939 0.000000 -0.002130
1573043387.690091 0.000000 0.000662 0.034716 10.113707 -0.001325 0.171939 0.000000 -0.003512
1573043387.710069 0.000000 0.000000 0.040103 10.243592 0.000000 0.171939 0.000000 -0.005438
1573043387.730086 0.000000 0.000000 0.029329 10.214861 0.000000 0.171939 0.000000 -0.004088
1573043387.750071 0.000000 0.000000 0.018555 10.190919 0.000000 0.171939 0.000000 -0.001718
1573043387.770171 0.000000 0.000000 0.022745 10.268731 0.000000 0.171939 0.000000 -0.000376
1573043387.790092 0.000000 0.000000 0.033519 10.178349 0.000000 0.171939 0.000000 -0.003430
1573043387.810110 0.000000 0.000000 0.039504 10.231022 0.000000 0.171939 0.000000 -0.002409
1573043387.830173 0.000000 0.000000 0.037110 10.227431 0.000000 0.171939 0.000000 -0.004671
1573043387.850083 0.000000 0.000000 0.047884 10.245986 0.000000 0.171939 0.000000 -0.003613
1573043387.870230 0.000000 0.000000 0.024541 10.287885 0.000000 0.171939 0.000000 -0.002234
1573043387.890107 0.000000 0.000000 0.032920 10.259154 0.000000 0.171939 0.000000 -0.003170
1573043387.910040 0.000000 0.000000 0.037110 10.232818 0.000000 0.171939 0.000000 -0.002727
1573043387.930119 0.000000 0.000000 0.071227 10.199898 0.000000 0.171939 0.000000 -0.005143
1573043387.950102 0.000000 0.000000 0.032322 10.226233 0.000000 0.171939 0.000000 -0.004321
1573043387.970160 0.000000 0.000000 0.030526 10.256760 0.000000 0.171939 0.000000 -0.003913
1573043387.990275 0.000000 0.000000 0.032920 10.193314 0.000000 0.171939 0.000000 -0.002126
1573043388.010660 0.000000 0.000000 0.019752 10.228029 0.000000 0.171939 0.000000 -0.002232
1573043388.030132 0.000000 0.000000 0.040701 10.262147 0.000000 0.171939 0.000000 -0.004243
1573043388.050188 0.000000 0.000000 0.023343 10.258555 0.000000 0.171939 0.000000 -0.003852
1573043388.070161 0.000000 0.000000 0.050278 10.242993 0.000000 0.171939 0.000000 -0.001460
1573043388.090207 0.000000 0.000000 0.000599 10.287286 0.000000 0.171939 0.000000 -0.002799
1573043388.110489 0.000000 0.000000 0.018555 10.236409 0.000000 0.171939 0.000000 -0.003081
1573043388.130221 0.000000 0.000000 0.040701 10.156802 0.000000 0.171939 0.000000 -0.004778
1573043388.150278 0.000000 0.000000 0.029329 10.228628 0.000000 0.171939 0.000000 -0.003022
1573043388.170126 0.000000 0.000000 0.046088 10.244190 0.000000 0.171939 0.000000 -0.003266
1573043388.190135 0.000000 0.000000 0.036512 10.209475 0.000000 0.171939 0.000000 -0.002980
1573043388.210079 0.000000 0.000000 0.013767 10.190919 0.000000 0.171939 0.000000 -0.001393
1573043388.230210 0.000000 0.000000 0.053870 10.178948 0.000000 0.171939 0.000000 -0.003427
1573043388.250195 0.000000 0.000000 0.037110 10.296265 0.000000 0.171939 0.000000 -0.003687
1573043388.270137 0.000000 0.000000 0.021548 10.222643 0.000000 0.171939 0.000000 -0.002312
1573043388.290146 0.000000 0.000000 0.024541 10.190919 0.000000 0.171939 0.000000 -0.003015
1573043388.310095 0.000000 0.000000 0.029928 10.228628 0.000000 0.171939 0.000000 -0.001936
1573043388.330087 0.000000 0.000662 0.022745 10.210671 -0.001325 0.171939 0.000000 -0.002114
1573043388.350140 0.000000 0.000662 0.043694 10.205284 -0.001325 0.171939 0.000000 -0.002875
1573043388.370019 0.000000 0.000000 0.022146 10.198102 0.000000 0.171939 0.000000 -0.003594
1573043388.390146 0.000000 0.000000 0.003591 10.241796 0.000000 0.171939 0.000000 -0.000738
1573043388.410115 0.000000 0.000000 0.028132 10.247782 0.000000 0.171939 0.000000 -0.002612
1573043388.430324 0.000000 0.000000 0.030526 10.234613 0.000000 0.171939 0.000000 -0.002901
1573043388.450162 0.000000 0.000000 0.025738 10.199898 0.000000 0.171939 0.000000 -0.001630
1573043388.470885 0.000000 0.000000 0.026336 10.238205 0.000000 0.171939 0.000000 -0.003350
1573043388.490065 0.000000 0.000000 0.027533 10.210671 0.000000 0.171939 0.000000 -0.002866
1573043388.510092 0.000000 0.000000 0.041300 10.183737 0.000000 0.171939 0.000000 -0.004180
1573043388.530127 0.000000 0.000000 0.026336 10.280104 0.000000 0.171939 0.000000 -0.001982
1573043388.550139 0.000000 0.000000 0.026935 10.225037 0.000000 0.171939 0.000000 -0.002408
1573043388.570084 0.000000 0.000000 0.013168 10.168175 0.000000 0.171939 0.000000 -0.003316
1573043388.590212 0.000000 0.000000 0.038307 10.244789 0.000000 0.171939 0.000000 -0.002458
1573043388.610112 0.000000 0.000000 0.052074 10.216657 0.000000 0.171939 0.000000 -0.001432
1573043388.630050 0.000000 0.000000 0.038906 10.223241 0.000000 0.171939 0.000000 -0.003777
1573043388.650199 0.000000 0.000000 0.032322 10.177153 0.000000 0.171939 0.000000 -0.003318
1573043388.670136 0.000000 0.000000 0.032920 10.159795 0.000000 0.171939 0.000000 -0.002673
1573043388.690165 0.000000 0.000000 0.025139 10.224438 0.000000 0.171939 0.000000 -0.002246
1573043388.710081 0.000000 0.000000 0.014964 10.157400 0.000000 0.171939 0.000000 -0.003581
1573043388.730141 0.000000 0.000000 0.039504 10.251373 0.000000 0.171939 0.000000 -0.003838
1573043388.750073 0.000000 0.000000 0.031723 10.220847 0.000000 0.171939 0.000000 -0.003162
1573043388.770103 0.000000 0.000000 0.017957 10.223241 0.000000 0.171939 0.000000 -0.001287
1573043388.790149 0.000000 0.000000 0.026935 10.293870 0.000000 0.171939 0.000000 -0.003011
1573043388.810301 0.000000 0.000000 0.017358 10.184934 0.000000 0.171939 0.000000 -0.001195
1573043388.830030 0.000000 0.000000 0.043096 10.160992 0.000000 0.171939 0.000000 -0.004370
1573043388.850056 0.000000 0.000000 0.002394 10.213664 0.000000 0.171939 0.000000 -0.002102
1573043388.870064 0.000000 0.000000 0.020949 10.206482 0.000000 0.171939 0.000000 -0.002871
1573043388.890035 0.000000 0.000000 0.014964 10.166977 0.000000 0.171939 0.000000 -0.003256
1573043388.910256 0.000000 0.000000 0.051475 10.195707 0.000000 0.171939 0.000000 -0.003758
1573043388.930224 0.000000 0.000000 0.011372 10.262746 0.000000 0.171939 0.000000 -0.000821
1573043388.950065 0.000000 0.000000 0.032322 10.192117 0.000000 0.171939 0.000000 -0.001060
1573043388.970049 0.000000 0.000000 0.028730 10.160394 0.000000 0.171939 0.000000 -0.003034
1573043388.990101 0.000000 0.000000 0.029928 10.300454 0.000000 0.171939 0.000000 -0.004046
1573043389.010047 0.000000 0.000000 0.023942 10.210073 0.000000 0.171939 0.000000 -0.002225
1573043389.030085 0.000000 0.000000 0.022146 10.149021 0.000000 0.171939 0.000000 -0.004384
1573043389.050052 0.000000 0.000000 0.034716 10.243592 0.000000 0.171939 0.000000 -0.001945
1573043389.070308 0.000000 0.000000 0.038906 10.208278 0.000000 0.171939 0.000000 -0.001260
1573043389.090081 0.000000 0.000000 0.025738 10.131064 0.000000 0.171939 0.000000 -0.002500
1573043389.110105 0.000000 0.000000 0.031723 10.137050 0.000000 0.171939 0.000000 -0.004101
1573043389.130166 0.000000 0.000000 0.050877 10.249578 0.000000 0.171939 0.000000 -0.005835
1573043389.150152 0.000000 0.000000 0.010774 10.228029 0.000000 0.171939 0.000000 -0.004294
1573043389.170280 0.000000 0.000000 0.052074 10.239402 0.000000 0.171939 0.000000 -0.003933
1573043389.190120 0.000000 0.000000 0.011971 10.193913 0.000000 0.171939 0.000000 -0.004277
1573043389.210441 0.000000 0.000000 0.035913 10.206482 0.000000 0.171939 0.000000 -0.003488
1573043389.230106 0.000000 0.000000 0.031723 10.222643 0.000000 0.171939 0.000000 -0.002302
1573043389.250150 0.000000 0.000000 0.012570 10.203489 0.000000 0.171939 0.000000 -0.004396
1573043389.270196 0.000000 0.000000 0.044891 10.219051 0.000000 0.171939 0.000000 -0.002409
1573043389.290276 0.000000 0.000000 0.031723 10.175357 0.000000 0.171939 0.000000 -0.001262
1573043389.310288 0.000000 -0.000662 0.006584 10.192117 0.001325 0.171968 0.000000 -0.002002
1573043389.330318 0.000000 -0.000662 0.029329 10.235810 0.001325 0.171968 0.000000 -0.002788
1573043389.350101 0.000000 0.000000 0.026336 10.171765 0.000000 0.171939 0.000000 -0.002581
1573043389.370184 0.000000 0.000000 0.009577 10.274716 0.000000 0.171939 0.000000 -0.002407
1573043389.390081 0.000000 0.000000 0.035314 10.182540 0.000000 0.171939 0.000000 -0.003621
1573043389.410228 0.000000 0.000000 0.023942 10.181342 0.000000 0.171939 0.000000 -0.002740
1573043389.430192 0.000000 0.000000 0.034117 10.226233 0.000000 0.171939 0.000000 -0.002953
1573043389.450212 0.000000 0.000000 0.023343 10.200496 0.000000 0.171939 0.000000 -0.003664
1573043389.470187 0.000000 0.000000 0.017957 10.169372 0.000000 0.171939 0.000000 -0.002529
1573043389.490128 0.000000 0.000000 0.037110 10.231022 0.000000 0.171939 0.000000 -0.002163
1573043389.510129 0.000000 0.000000 0.026935 10.289680 0.000000 0.171939 0.000000 -0.003069
1573043389.530049 0.000000 0.000000 0.017358 10.259154 0.000000 0.171939 0.000000 -0.000978
1573043389.550136 0.000000 0.000000 0.019752 10.234015 0.000000 0.171939 0.000000 -0.001022
1573043389.570090 0.000000 0.000000 0.016759 10.289680 0.000000 0.171939 0.000000 -0.001755
1573043389.590152 0.000000 0.000000 0.045490 10.185533 0.000000 0.171939 0.000000 -0.003372
1573043389.610107 0.000000 0.000000 0.018555 10.222643 0.000000 0.171939 0.000000 -0.003871
1573043389.630207 0.000000 0.000000 0.004788 10.262746 0.000000 0.171939 0.000000 -0.001857
1573043389.650337 0.000000 0.000000 0.028730 10.155605 0.000000 0.171939 0.000000 -0.004386
1573043389.670184 0.000000 0.000000 0.014365 10.252570 0.000000 0.171939 0.000000 -0.005412
1573043389.690184 0.000000 0.000000 0.020351 10.238804 0.000000 0.171939 0.000000 -0.002121
1573043389.710129 0.000000 0.000000 0.030526 10.268731 0.000000 0.171939 0.000000 -0.001260
1573043389.730209 0.000000 0.000000 0.031125 10.231621 0.000000 0.171939 0.000000 -0.002570
1573043389.750224 0.000000 0.000000 0.029928 10.208876 0.000000 0.171939 0.000000 -0.003320
1573043389.770159 0.000000 0.000000 0.034117 10.258555 0.000000 0.171939 0.000000 -0.003672
1573043389.790291 0.000000 0.000000 0.010774 10.186729 0.000000 0.171939 0.000000 -0.002408
1573043389.810148 0.000000 0.000000 0.023942 10.240001 0.000000 0.171939 0.000000 -0.002141
1573043389.830121 0.000000 0.000000 0.038906 10.244190 0.000000 0.171939 0.000000 -0.003908
1573043389.850035 0.000000 0.000000 0.013168 10.195707 0.000000 0.171939 0.000000 -0.001640
1573043389.870177 0.000000 0.000000 0.025738 10.208876 0.000000 0.171939 0.000000 -0.002289
1573043389.890244 0.000000 0.000000 0.046687 10.291476 0.000000 0.171939 0.000000 -0.004543
1573043389.910099 0.000000 0.000000 0.023343 10.242394 0.000000 0.171939 0.000000 -0.002010
1573043389.930070 0.000000 0.000000 0.026336 10.191518 0.000000 0.171939 0.000000 -0.003249
1573043389.950113 0.000000 0.000000 0.021548 10.176554 0.000000 0.171939 0.000000 -0.001302
1573043389.970172 0.000000 0.000000 0.021548 10.235810 0.000000 0.171939 0.000000 -0.001995
1573043389.990194 0.000000 0.000000 0.019752 10.251971 0.000000 0.171939 0.000000 -0.002521
1573043390.010510 0.000000 0.000000 0.030526 10.194510 0.000000 0.171939 0.000000 -0.003957
1573043390.030150 0.000000 0.000000 0.018555 10.208876 0.000000 0.171939 0.000000 -0.001951
1573043390.050244 0.000000 0.000000 0.037110 10.205883 0.000000 0.171939 0.000000 -0.003474
1573043390.070262 0.000000 0.000000 0.037110 10.223840 0.000000 0.171939 0.000000 -0.003084
1573043390.090215 0.000000 0.000000 0.043694 10.238205 0.000000 0.171939 0.000000 -0.002859
1573043390.110143 0.000000 0.000000 0.019154 10.214263 0.000000 0.171939 0.000000 -0.003040
1573043390.130470 0.000000 0.000000 0.040701 10.244789 0.000000 0.171939 0.000000 -0.003131
1573043390.150051 0.000000 0.000000 0.028730 10.177752 0.000000 0.171939 0.000000 -0.001654
1573043390.170042 0.000000 0.000000 0.044293 10.211270 0.000000 0.171939 0.000000 -0.002928
1573043390.190257 0.000000 0.000000 0.017358 10.219649 0.000000 0.171939 0.000000 -0.001555
1573043390.210314 0.000000 0.000000 0.014964 10.262147 0.000000 0.171939 0.000000 -0.001619
1573043390.230185 0.000000 0.000000 0.025139 10.229825 0.000000 0.171939 0.000000 -0.003910
1573043390.250090 0.016000 0.000000 0.035913 10.260351 0.000000 0.171939 0.000000 -0.003492
1573043390.270187 0.032000 0.024000 0.018555 10.249578 0.000000 0.171939 0.000000 -0.002990
1573043390.290271 0.048000 0.048000 0.037709 10.245387 0.000000 0.171939 0.000000 -0.004882
1573043390.309997 0.064000 0.072000 0.070629 10.228628 0.000000 0.171939 0.000000 -0.003884
1573043390.330245 0.080000 0.096000 0.244807 10.231022 0.000000 0.171939 0.000000 -0.007770
1573043390.350111 0.096000 0.120000 0.728436 10.305243 0.000000 0.171939 -0.006385 -0.011198
1573043390.370202 0.112000 0.064146 1.091157 10.247782 0.007949 0.172140 -0.011706 -0.013303
1573043390.390350 0.128000 0.058493 1.769914 10.155006 0.007949 0.172140 -0.025541 -0.017020
1573043390.410220 0.144000 0.163517 1.335965 10.038888 0.056966 0.174010 -0.007449 -0.021798
1573043390.430135 0.160000 0.187517 0.237026 10.092158 0.056966 0.174010 0.009578 -0.024911
1573043390.450240 0.176000 0.211517 0.153827 10.490793 0.056966 0.174010 0.009578 -0.020896
1573043390.470149 0.192000 0.089169 1.325191 10.119692 0.078567 0.177345 -0.011706 -0.025236
1573043390.490141 0.208000 0.248717 1.875258 10.149021 0.078567 0.177345 0.000000 -0.029750
1573043390.510002 0.224000 0.247747 0.746991 10.347141 0.128506 0.182493 0.007449 -0.033795
1573043390.530072 0.240000 0.166854 -0.488417 10.791265 0.128506 0.182493 0.047889 -0.028641
1573043390.550039 0.256000 0.149740 0.643442 9.837176 0.158976 0.189251 0.022348 -0.029730
1573043390.570133 0.272000 0.304512 1.039083 9.912594 0.158976 0.189251 -0.005321 -0.031373
1573043390.590109 0.288000 0.166323 0.186149 10.849325 0.189447 0.197217 0.017027 -0.032115
1573043390.610176 0.304000 0.337277 -0.298677 9.927557 0.189447 0.197217 -0.009578 -0.027691
1573043390.630126 0.320000 0.149837 1.264737 10.109516 0.207994 0.205556 -0.053210 -0.031920
1573043390.650133 0.336000 0.376003 0.741604 9.552865 0.207994 0.205556 0.005321 -0.032151
1573043390.670095 0.352000 0.207781 0.946308 10.166977 0.207994 0.205556 -0.012770 -0.036401
1573043390.690058 0.368000 0.285705 0.353743 10.521917 0.227866 0.215132 0.050017 -0.033675
1573043390.710056 0.384000 0.438067 1.093552 8.790910 0.227866 0.215132 0.009578 -0.037140
1573043390.730039 0.400000 0.295138 -0.113126 10.676344 0.254362 0.225715 0.024477 -0.034652
1573043390.750092 0.400000 0.472819 0.126294 10.252570 0.254362 0.225715 0.000000 -0.031135
1573043390.770015 0.400000 0.310597 -0.086790 9.669582 0.272909 0.237391 -0.019156 -0.027525
1573043390.790172 0.400000 0.463545 1.610699 10.171765 0.272909 0.237391 -0.006385 -0.029563
1573043390.810194 0.400000 0.232016 1.880645 12.517485 0.320602 0.250563 -0.050017 -0.033534
1573043390.830240 0.400000 0.439699 1.245583 8.215703 0.320602 0.250563 0.008514 -0.036527
1573043390.850208 0.400000 0.202924 0.797868 9.798270 0.353722 0.265517 -0.019156 -0.040978
1573043390.870201 0.400000 0.264111 -0.449511 9.801862 0.353722 0.265517 0.038311 -0.037935
1573043390.890244 0.400000 0.423139 0.139462 12.247539 0.353722 0.265517 0.000000 -0.034508
1573043390.910026 0.400000 0.318374 -1.338957 8.776545 0.380218 0.281678 0.078751 -0.030904
1573043390.930071 0.400000 0.297886 -1.797447 10.286089 0.380218 0.281678 0.015963 -0.024955
1573043390.950136 0.400000 0.266314 0.343568 9.496002 0.319277 0.296403 -0.058531 -0.025445
1573043390.970060 0.400000 0.254465 0.579397 9.565434 0.319277 0.296403 -0.057467 -0.027985
1573043390.990106 0.400000 0.301477 0.529119 12.834717 0.332525 0.310898 0.029798 -0.031220
1573043391.010191 0.400000 0.315912 -0.396839 9.503185 0.332525 0.310898 0.024477 -0.027481
1573043391.030100 0.400000 0.448973 -1.160589 10.638037 0.302055 0.324013 0.004257 -0.023040
1573043391.050199 0.400000 0.319334 -0.413598 9.708488 0.302055 0.324013 -0.040440 -0.019457
1573043391.070071 0.400000 0.323989 0.481235 10.102334 0.302055 0.337043 -0.027669 -0.020570
1573043391.090152 0.400000 0.287032 2.113482 10.869077 0.302055 0.337043 -0.041504 -0.025747
1573043391.110131 0.400000 0.353253 0.524929 9.094375 0.302055 0.337043 0.063852 -0.029360
1573043391.130061 0.400000 0.435062 -0.481833 10.660183 0.329876 0.351022 -0.008514 -0.024384
1573043391.150363 0.400000 0.300149 -0.447117 9.157223 0.329876 0.351022 -0.030862 -0.022045
1573043391.169998 0.400000 0.297833 0.460285 11.158176 0.344448 0.365778 -0.017027 -0.023264
1573043391.190264 0.400000 0.282627 0.814627 11.183914 0.344448 0.365778 -0.020220 -0.025264
1573043391.210262 0.400000 0.340878 -0.199317 8.486846 0.352397 0.381111 0.035119 -0.022204
1573043391.230066 0.400000 0.319684 -1.070807 8.324040 0.352397 0.381111 -0.015963 -0.018269
1573043391.250142 0.400000 0.355494 -0.511761 9.752781 0.312999 0.395553 -0.019156 -0.014536
1573043391.270318 0.400000 0.363181 0.436942 11.037270 0.312999 0.395553 -0.015963 -0.013510
1573043391.290058 0.400000 0.365162 0.673968 11.185710 0.316628 0.409506 0.015963 -0.017859
1573043391.310149 0.400000 0.360967 0.223858 9.170989 0.316628 0.409506 0.028733 -0.020741
1573043391.330146 0.400000 0.290821 0.582390 10.584167 0.316628 0.409506 -0.034054 -0.024724
1573043391.350126 0.400000 0.258874 0.674566 9.419987 0.331200 0.423401 -0.044696 -0.027954
1573043391.370199 0.400000 0.270664 0.232238 9.627085 0.331200 0.423401 -0.030862 -0.027809
1573043391.390000 0.400000 0.340542 -0.172981 10.538677 0.334541 0.438532 0.035119 -0.024056
1573043391.410079 0.400000 0.367821 -1.538873 9.816825 0.334541 0.438532 0.042568 -0.019793
1573043391.430172 0.400000 0.337147 -0.970250 9.931747 0.313978 0.452542 -0.035119 -0.015554
1573043391.450152 0.400000 0.310113 0.407014 9.170989 0.313978 0.452542 -0.058531 -0.017215
1573043391.470070 0.400000 0.302272 1.402404 11.216835 0.313978 0.466092 -0.036183 -0.022359
1573043391.490031 0.400000 0.318293 0.899023 10.629058 0.313978 0.466092 0.010642 -0.026646
1573043391.510120 0.400000 0.310532 0.308253 8.318654 0.317952 0.479842 0.012770 -0.028142
1573043391.530294 0.400000 0.441024 0.125696 11.450868 0.317952 0.479842 -0.013835 -0.024413
1573043391.550139 0.400000 0.441024 0.156222 9.779716 0.317952 0.479842 0.000000 -0.023217
1573043391.570086 0.400000 0.346457 0.177769 9.767744 0.321869 0.494254 0.023412 -0.022268
1573043391.590241 0.400000 0.439065 1.373673 10.997766 0.321869 0.494254 -0.008514 -0.026415
1573043391.610408 0.400000 0.414528 1.167772 7.802703 0.370944 0.509730 0.000000 -0.029723
1573043391.630151 0.400000 0.414528 0.116119 10.966043 0.370944 0.509730 -0.006385 -0.030517
1573043391.650242 0.400000 0.202381 0.605733 10.141838 0.397441 0.526644 -0.039375 -0.033480
1573043391.670389 0.400000 0.242334 0.663792 12.524069 0.397441 0.526644 0.030862 -0.036727
1573043391.690091 0.400000 0.254904 -0.268151 7.738658 0.409364 0.544738 0.027669 -0.032510
1573043391.710267 0.400000 0.307095 -2.606687 12.298415 0.409364 0.544738 0.060659 -0.027350
1573043391.730143 0.400000 0.345745 -2.330755 8.756194 0.339149 0.560588 0.029798 -0.021704
1573043391.750259 0.400000 0.430425 -1.358709 11.521497 0.339149 0.560588 0.010642 -0.017187
1573043391.770065 0.400000 0.368771 -1.606509 11.880628 0.339149 0.560588 0.023412 -0.016077
1573043391.790029 0.400000 0.365671 -0.342969 9.038710 0.273716 0.573361 -0.041504 -0.012854
1573043391.810136 0.400000 0.291836 1.843535 10.226233 0.273716 0.573361 -0.103227 -0.017745
1573043391.830084 0.400000 0.290737 1.620276 11.252150 0.323252 0.586854 -0.035119 -0.023908
1573043391.850181 0.400000 0.438374 0.981623 9.818023 0.323252 0.586854 0.009578 -0.028300
1573043391.870231 0.400000 0.372339 0.002394 9.042301 0.335175 0.601525 0.072366 -0.023593
1573043391.890088 0.400000 0.355198 -0.342371 9.630077 0.335175 0.601525 0.017027 -0.018167
1573043391.910226 0.400000 0.281738 0.656610 9.660604 0.357696 0.616629 -0.042568 -0.021072
1573043391.930039 0.400000 0.421152 0.785298 11.481394 0.357696 0.616629 0.000000 -0.024737
1573043391.950285 0.400000 0.322168 -1.049857 8.887277 0.356372 0.632595 0.046825 -0.024136
1573043391.970066 0.400000 0.334535 -0.325013 9.015367 0.356372 0.632595 0.018091 -0.020350
1573043391.990091 0.400000 0.312322 -0.781707 9.758167 0.356372 0.632595 -0.021284 -0.018493
1573043392.010198 0.400000 0.424464 -0.659004 9.871892 0.351072 0.647929 -0.004257 -0.015555
1573043392.030121 0.400000 0.377597 -0.285509 11.733982 0.351072 0.647929 0.013835 -0.011587
1573043392.050176 0.400000 0.430180 0.488417 10.184336 0.328551 0.662458 0.045761 -0.008431
1573043392.070172 0.400000 0.351738 1.139640 10.439917 0.328551 0.662458 -0.028733 -0.012200
1573043392.090132 0.400000 0.321731 1.334169 10.281899 0.352397 0.677334 -0.019156 -0.017349
1573043392.110234 0.400000 0.423801 0.939126 11.027693 0.352397 0.677334 -0.009578 -0.021784
1573043392.130100 0.400000 0.352403 -0.039504 11.228208 0.367489 0.693849 0.067045 -0.023498
1573043392.150222 0.400000 0.344379 -0.538097 8.989030 0.367489 0.693849 0.027669 -0.018802
1573043392.170097 0.400000 0.313966 0.038906 11.401188 0.367489 0.693849 -0.024477 -0.016542
1573043392.190218 0.400000 0.400617 0.208296 10.037690 0.398765 0.710738 0.004257 -0.016418
1573043392.210149 0.400000 0.366456 -0.448314 9.647435 0.398765 0.710738 0.043632 -0.013813
1573043392.230103 0.400000 0.403805 -1.756147 9.835979 0.351015 0.727281 0.032990 -0.009416
1573043392.250202 0.400000 0.359215 0.021548 9.600150 0.351015 0.727281 -0.046825 -0.005563
1573043392.270092 0.400000 0.411878 0.147243 10.073005 0.376244 0.743480 -0.004257 -0.008491
1573043392.290117 0.400000 0.363446 0.727837 12.442666 0.376244 0.743480 0.011706 -0.011559
1573043392.310072 0.400000 0.382529 0.438737 9.564836 0.353549 0.759391 0.017027 -0.010864
1573043392.330157 0.400000 0.336821 0.305261 9.446921 0.353549 0.759391 -0.026605 -0.013024
1573043392.350358 0.400000 0.321924 0.149638 10.466851 0.390817 0.776079 -0.013835 -0.014320
1573043392.370120 0.400000 0.378379 -0.028132 11.061212 0.390817 0.776079 0.046825 -0.012735
1573043392.389975 0.400000 0.384493 -0.137068 12.556391 0.390817 0.776079 0.044696 -0.011171
1573043392.410117 0.400000 0.413203 -0.898424 10.316615 0.373594 0.792682 0.004257 -0.007881
1573043392.430223 0.400000 0.372608 -0.542287 10.235212 0.373594 0.792682 -0.021284 -0.004714
1573043392.450224 0.400000 0.414528 0.230442 10.098742 0.370944 0.808997 -0.005321 -0.004307
1573043392.470274 0.400000 0.392331 1.035492 10.946889 0.370944 0.808997 0.023412 -0.008185
1573043392.490046 0.400000 0.396807 0.040701 10.331578 0.374919 0.825370 0.032990 -0.008425
1573043392.510142 0.400000 0.339535 0.287903 10.937312 0.374919 0.825370 -0.023412 -0.010855
1573043392.530075 0.400000 0.344061 0.320224 10.150218 0.385229 0.842377 0.013835 -0.014878
1573043392.550178 0.400000 0.344225 0.250793 9.829993 0.385229 0.842377 0.023412 -0.016378
1573043392.570037 0.400000 0.357655 -0.399233 8.725069 0.393466 0.859501 0.014899 -0.011506
1573043392.590234 0.400000 0.403267 -1.107318 9.545682 0.393466 0.859501 -0.006385 -0.009581
1573043392.610182 0.400000 0.403267 -0.690129 9.692327 0.393466 0.859501 0.000000 -0.006369
1573043392.630112 0.400000 0.421958 -0.649427 10.791265 0.356084 0.875819 0.000000 -0.002407
1573043392.650098 0.400000 0.382071 0.318429 9.906010 0.356084 0.875819 -0.017027 -0.005253
1573043392.670112 0.400000 0.349443 1.344943 10.150817 0.365645 0.891792 -0.027669 -0.009120
1573043392.690352 0.400000 0.309397 0.575207 10.761338 0.365645 0.891792 -0.048953 -0.013723
1573043392.710193 0.400000 0.403267 0.067636 11.369465 0.393466 0.908685 0.000000 -0.014024
1573043392.730217 0.400000 0.357241 -0.321422 10.038289 0.393466 0.908685 0.011706 -0.011078
1573043392.750163 0.400000 0.406579 -1.378462 10.009559 0.386842 0.925549 0.000000 -0.007802
1573043392.770207 0.400000 0.406579 -0.503979 9.387665 0.386842 0.925549 0.000000 -0.003444
1573043392.790095 0.400000 0.410553 0.118513 9.461287 0.378893 0.941953 0.000000 -0.004184
1573043392.810214 0.400000 0.410553 0.571616 12.916718 0.378893 0.941953 0.000000 -0.007468
1573043392.830167 0.400000 0.339271 0.460884 7.529166 0.378893 0.941953 -0.037247 -0.008297
1573043392.850191 0.400000 0.300763 0.284910 10.743382 0.394791 0.958586 -0.041504 -0.013728
1573043392.870128 0.400000 0.402605 0.281319 9.459491 0.394791 0.958586 0.009578 -0.017905
1573043392.889997 0.400000 0.368472 -0.524929 12.624625 0.402740 0.976082 0.056403 -0.015056
1573043392.910132 0.400000 0.358588 -0.966659 7.544129 0.402740 0.976082 0.012770 -0.010052
1573043392.930041 0.400000 0.347362 -0.356736 13.037026 0.374919 0.992570 -0.040440 -0.006565
1573043392.950030 0.400000 0.380550 -0.429759 10.459070 0.374919 0.992570 -0.012770 -0.004355
1573043392.970069 0.400000 0.417840 -0.101754 11.435306 0.364320 1.008800 0.000000 -0.004116
1573043392.990015 0.400000 0.417840 -0.249596 10.879252 0.364320 1.008800 0.006385 -0.002890
1573043393.010024 0.400000 0.350675 0.612916 8.046912 0.364320 1.008800 -0.050017 -0.005430
1573043393.030083 0.400000 0.313860 1.401805 10.720636 0.372269 1.024771 -0.058531 -0.010636
1573043393.050170 0.400000 0.413865 0.632069 11.122863 0.372269 1.024771 0.007449 -0.015144
1573043393.070222 0.400000 0.375444 -0.197522 9.252393 0.386842 1.041634 0.037247 -0.012186
1573043393.091289 0.400000 0.406579 -0.575805 9.048286 0.386842 1.041634 -0.005321 -0.007714
1573043393.110018 0.400000 0.362884 -0.206500 9.880272 0.376359 1.058382 -0.030862 -0.004850
1573043393.130042 0.400000 0.411821 0.401029 11.428721 0.376359 1.058382 -0.005321 -0.002786
1573043393.150132 0.400000 0.411878 0.451906 9.335590 0.376244 1.074987 0.000000 -0.006174
1573043393.170197 0.400000 0.360919 0.141258 9.810840 0.376244 1.074987 -0.018091 -0.007297
1573043393.190134 0.400000 0.349330 -0.031125 12.107478 0.388167 1.091736 -0.026605 -0.007061
1573043393.210276 0.400000 0.342829 0.234033 9.275137 0.388167 1.091736 -0.012770 -0.010574
1573043393.230027 0.400000 0.405917 0.314239 12.373234 0.388167 1.091736 0.005321 -0.010505
1573043393.250082 0.400000 0.412135 -0.616507 9.115923 0.374919 1.108314 0.038311 -0.006211
1573043393.270026 0.400000 0.367251 -0.554856 11.866860 0.374919 1.108314 -0.036183 -0.003269
1573043393.290038 0.400000 0.411878 -0.310648 9.263166 0.376244 1.124605 0.000000 -0.004376
1573043393.310135 0.400000 0.357469 0.887650 12.108675 0.376244 1.124605 -0.011706 -0.009009
1573043393.330123 0.400000 0.371202 -0.076016 10.162189 0.382868 1.141155 0.021284 -0.010878
1573043393.349988 0.400000 0.306613 0.211887 10.108319 0.382868 1.141155 -0.048953 -0.012558
1573043393.370101 0.400000 0.306599 0.341174 9.394847 0.401415 1.158167 -0.031926 -0.013431
1573043393.390084 0.400000 0.399293 -0.397437 11.580154 0.401415 1.158167 0.000000 -0.009538
1573043393.410023 0.400000 0.399293 -0.827197 10.515334 0.401415 1.158167 0.000000 -0.006949
1573043393.430183 0.400000 0.429424 -1.339556 9.730634 0.344679 1.174259 0.014899 -0.002031
1573043393.450145 0.400000 0.371217 0.141258 9.870695 0.344679 1.174259 -0.056403 -0.002264
1573043393.470202 0.400000 0.417177 1.657386 9.172785 0.365645 1.189889 0.000000 -0.007099
1573043393.490150 0.400000 0.348574 0.864307 11.167155 0.365645 1.189889 -0.013835 -0.011507
1573043393.510110 0.400000 0.329305 0.502184 9.585785 0.380218 1.206210 -0.012770 -0.014074
1573043393.530272 0.400000 0.302969 0.341174 9.791088 0.380218 1.206210 -0.015963 -0.018830
1573043393.550349 0.400000 0.329591 -0.602740 11.629834 0.401415 1.223511 0.052146 -0.017166
1573043393.570126 0.400000 0.357651 -0.653617 10.903194 0.401415 1.223511 0.030862 -0.013266
1573043393.590258 0.400000 0.399293 -0.840365 9.026140 0.401415 1.223511 0.000000 -0.011332
1573043393.610137 0.400000 0.365045 -0.791284 10.127473 0.353549 1.240121 -0.021284 -0.008231
1573043393.630143 0.400000 0.423225 -0.506374 11.066000 0.353549 1.240121 -0.005321 -0.004354
1573043393.650224 0.400000 0.419827 0.717662 12.150574 0.360346 1.255868 0.000000 -0.004939
1573043393.670280 0.400000 0.344300 0.484826 10.117896 0.360346 1.255868 -0.044696 -0.007954
1573043393.690358 0.400000 0.302081 0.996586 9.947907 0.368295 1.271586 -0.058531 -0.013389
1573043393.710134 0.400000 0.295447 0.930147 8.216302 0.368295 1.271586 -0.032990 -0.018803
1573043393.730077 0.400000 0.339514 0.215478 13.603255 0.392141 1.288572 0.029798 -0.017651
1573043393.750321 0.400000 0.388989 -1.399411 9.147047 0.392141 1.288572 0.064916 -0.012396
1573043393.770086 0.384000 0.419827 -1.092355 10.538078 0.360346 1.304550 0.009578 -0.008775
1573043393.790122 0.368000 0.320771 -1.037886 10.014946 0.360346 1.304550 -0.048953 -0.007179
1573043393.810110 0.352000 0.311775 -0.251391 9.548077 0.360346 1.304550 -0.044696 -0.004859
1573043393.830129 0.336000 0.261319 1.040281 10.887632 0.362996 1.320126 -0.042568 -0.010226
1573043393.850149 0.320000 0.322502 -0.210091 9.628881 0.362996 1.320126 0.005321 -0.009488
1573043393.870096 0.304000 0.246116 -0.396240 10.984597 0.343124 1.335155 -0.038311 -0.006335
1573043393.890147 0.288000 0.284438 -0.918775 9.213487 0.343124 1.335155 0.007449 -0.002272
1573043393.909981 0.272000 0.281203 -0.424971 12.247539 0.301594 1.349321 -0.009578 0.001773
1573043393.930120 0.256000 0.299337 -0.451307 8.950723 0.301594 1.349321 0.019156 0.005362
1573043393.950232 0.240000 0.243571 -0.402226 10.362703 0.280858 1.362048 0.000000 0.008124
1573043393.970294 0.224000 0.230269 -0.388459 10.457274 0.280858 1.362048 -0.044696 0.009291
1573043393.990122 0.208000 0.209098 -0.118513 10.362703 0.280858 1.362048 -0.042568 0.009516
1573043394.010166 0.192000 0.211749 -0.324414 10.975020 0.271584 1.374111 -0.031926 0.012216
1573043394.030045 0.176000 0.202928 -0.290895 9.910798 0.271584 1.374111 -0.031926 0.015252
1573043394.050060 0.160000 0.141456 -0.484227 9.768941 0.245088 1.385024 0.000000 0.018908
1573043394.070206 0.144000 0.117456 -0.439935 10.165780 0.245088 1.385024 0.000000 0.023048
1573043394.090072 0.128000 0.199951 -0.413598 9.758766 0.218592 1.394755 -0.020220 0.021885
1573043394.110044 0.112000 0.199128 -1.030105 10.046669 0.218592 1.394755 -0.015963 0.025839
1573043394.130337 0.096000 0.081888 -0.896628 10.447099 0.172224 1.402932 -0.008514 0.030095
1573043394.150116 0.080000 0.190150 0.307655 10.213664 0.172224 1.402932 -0.012770 0.028496
1573043394.170182 0.064000 0.046473 -0.053271 10.363900 0.147053 1.409841 0.000000 0.026778
1573043394.190354 0.048000 0.185410 -0.405219 10.347739 0.147053 1.409841 0.009578 0.031372
1573043394.210199 0.032000 0.114953 0.227449 10.682928 0.147053 1.409841 -0.027669 0.027723
1573043394.230270 0.016000 0.151187 -0.549469 10.541071 0.124186 1.415772 0.021284 0.029650
1573043394.250132 0.000000 0.074152 0.466869 10.841543 0.124186 1.415772 -0.027669 0.026876
1573043394.270276 0.000000 -0.065578 0.753575 10.064027 0.131155 1.421271 0.000000 0.022200
1573043394.290122 0.000000 0.012143 0.323217 10.131663 0.131155 1.421271 -0.013835 0.017758
1573043394.310187 0.000000 0.036557 -0.174178 10.275315 0.125856 1.426712 0.011706 0.018024
1573043394.330082 0.000000 0.083833 -2.235586 10.151415 0.125856 1.426712 0.040440 0.022882
1573043394.350164 0.000000 0.122879 -2.030882 9.752182 0.042394 1.429677 0.013835 0.026602
1573043394.370261 0.000000 0.106443 -1.291073 9.974244 0.042394 1.429677 -0.018091 0.028423
1573043394.390136 0.000000 0.092126 0.615310 10.402806 0.042394 1.429677 -0.026605 0.026921
1573043394.410278 0.000000 0.049943 1.750760 10.295666 0.051667 1.431779 -0.047889 0.022817
1573043394.430131 0.000000 0.049493 1.540070 9.924564 0.051667 1.431779 -0.015963 0.017619
1573043394.450144 0.000000 -0.035770 0.683545 10.052055 0.071539 1.434687 0.006385 0.013280
1573043394.470232 0.000000 0.027447 0.058059 9.946711 0.071539 1.434687 0.020220 0.009408
1573043394.490134 0.000000 0.031504 -0.156820 10.392631 0.080813 1.438228 0.018091 0.011488
1573043394.510112 0.000000 0.080969 -1.558027 10.590751 0.080813 1.438228 0.047889 0.016613
1573043394.530114 0.000000 -0.040406 -1.042076 9.795278 0.080813 1.438228 -0.007449 0.021379
1573043394.550191 0.000000 0.086804 -0.292691 9.813234 0.034214 1.440445 -0.020220 0.024017
1573043394.570164 0.000000 -0.017107 -0.531513 10.240599 0.034214 1.440445 -0.007449 0.025604
1573043394.590146 0.000000 0.121053 -0.095768 9.749189 0.006624 1.441308 -0.017027 0.027597
1573043394.610135 0.000000 0.091841 0.796671 9.860519 0.006624 1.441308 -0.029798 0.023798
1573043394.630191 0.000000 -0.003168 0.855927 10.395025 0.006336 1.441568 0.000000 0.019155
1573043394.650172 0.000000 0.055748 1.763330 10.237008 0.006336 1.441568 -0.017027 0.014508
1573043394.670113 0.000000 0.034151 1.142633 10.136452 0.051667 1.443209 0.011706 0.010124
1573043394.690329 0.000000 0.071276 -0.532111 10.284293 0.051667 1.443209 0.027669 0.014995
1573043394.710124 0.000000 -0.030470 -0.330400 10.095151 0.060941 1.445656 0.006385 0.017851
1573043394.730315 0.000000 -0.030470 -0.134674 10.291476 0.060941 1.445656 0.008514 0.019390
1573043394.750095 0.000000 -0.030470 0.201711 10.402806 0.060941 1.445656 0.000000 0.017291
1573043394.770006 0.000000 -0.027821 -0.049081 9.953295 0.055642 1.448189 0.000000 0.015828
1573043394.790292 0.000000 0.093666 -1.328183 10.104130 0.055642 1.448189 0.023412 0.020551
1573043394.810124 0.000000 -0.007286 -1.325789 10.166379 0.014573 1.449399 0.000000 0.024079
1573043394.830315 0.000000 -0.007286 -0.083199 10.483610 0.014573 1.449399 -0.009578 0.026270
1573043394.850241 0.000000 0.081190 1.334767 10.599131 0.005299 1.449456 -0.028733 0.021365
1573043394.870205 0.000000 -0.002650 0.846949 9.814431 0.005299 1.449456 -0.006385 0.016710
1573043394.890128 0.000000 0.000000 0.329801 10.081984 0.000000 1.449485 0.006385 0.013163
1573043394.910155 0.000000 0.034851 0.793079 10.085574 0.000000 1.449485 -0.010642 0.008673
1573043394.930303 0.000000 0.029730 -0.044891 10.247183 0.025171 1.450493 0.019156 0.005398
1573043394.950299 0.000000 0.040863 -0.335787 10.556035 0.025171 1.450493 0.010642 0.008987
1573043394.970170 0.000000 -0.012586 0.159214 10.245986 0.025171 1.450493 0.000000 0.006921
1573043394.990322 0.000000 -0.012586 0.333991 10.658387 0.025171 1.451500 -0.007449 0.005018
1573043395.010198 0.000000 -0.012586 0.353145 10.060435 0.025171 1.451500 0.000000 0.001660
1573043395.030184 0.000000 -0.010598 -0.339977 10.296265 0.021197 1.452537 0.004257 0.004207
1573043395.050145 0.000000 -0.010598 -0.438139 10.055647 0.021197 1.452537 0.000000 0.008600
1573043395.070231 0.000000 -0.002650 -0.394445 10.351331 0.005299 1.452997 0.005321 0.013141
1573043395.090173 0.000000 -0.002650 0.147243 10.430938 0.005299 1.452997 -0.004257 0.012177
1573043395.110175 0.000000 0.001325 0.469264 10.237606 -0.002650 1.452940 -0.005321 0.007685
1573043395.130057 0.000000 0.001325 0.228048 10.188525 -0.002650 1.452940 0.000000 0.003871
1573043395.150503 0.000000 0.001325 0.143652 10.220847 -0.002650 1.452796 0.000000 0.000733
1573043395.170121 0.000000 0.001325 0.238223 10.071209 -0.002650 1.452796 0.000000 -0.001140
1573043395.190188 0.000000 0.001325 0.183156 10.070012 -0.002650 1.452796 0.005321 -0.005435
1573043395.210253 0.000000 -0.000662 0.109535 10.208876 0.001325 1.452796 0.004257 -0.007935
1573043395.230232 0.000000 -0.000662 0.079607 10.269329 0.001325 1.452796 0.000000 -0.008836
1573043395.250117 0.000000 0.000000 0.123900 10.316016 0.000000 1.452767 0.000000 -0.010177
1573043395.270306 0.000000 0.000000 0.132280 10.344149 0.000000 1.452767 0.000000 -0.010975
1573043395.290154 0.000000 0.000000 0.296282 10.189124 0.000000 1.452767 0.000000 -0.015104
1573043395.310107 0.000000 0.000000 0.190938 10.239402 0.000000 1.452767 0.000000 -0.018664
1573043395.330259 0.000000 0.000000 0.041899 10.271125 0.000000 1.452767 0.000000 -0.014568
1573043395.350288 0.000000 0.000000 0.078410 10.188525 0.000000 1.452767 0.000000 -0.012180
1573043395.370082 0.000000 0.000000 0.133477 10.201095 0.000000 1.452767 0.000000 -0.012704
1573043395.390221 0.000000 0.000000 0.178967 10.272323 0.000000 1.452767 0.000000 -0.016095
1573043395.410135 0.000000 0.000000 0.215478 10.272921 0.000000 1.452767 0.000000 -0.018503
1573043395.430161 0.000000 0.000662 0.191536 10.213066 -0.001325 1.452738 0.000000 -0.020519
1573043395.450135 0.000000 0.000662 0.100556 10.190321 -0.001325 1.452738 0.000000 -0.016126
1573043395.470104 0.000000 -0.000662 0.080206 10.234015 0.001325 1.452796 0.000000 -0.011713
1573043395.490186 0.000000 -0.000662 0.183755 10.266336 0.001325 1.452796 0.000000 -0.014856
1573043395.510292 0.000000 0.000000 0.198120 10.195109 0.000000 1.452767 0.000000 -0.018609
1573043395.530177 0.000000 0.000000 0.198719 10.204686 0.000000 1.452767 0.000000 -0.019533
1573043395.550143 0.000000 0.000000 0.129287 10.193913 0.000000 1.452767 0.000000 -0.016485
1573043395.570145 0.000000 0.000000 0.101155 10.260950 0.000000 1.452767 0.000000 -0.014596
1573043395.590338 0.000000 0.000000 0.084396 10.211270 0.000000 1.452767 0.000000 -0.011632
1573043395.610159 0.000000 0.000000 0.178368 10.215460 0.000000 1.452767 0.000000 -0.014120
1573043395.630088 0.000000 0.000000 0.192135 10.217256 0.000000 1.452767 0.000000 -0.018014
1573043395.650103 0.000000 0.001325 0.165798 10.232220 -0.002650 1.452738 0.000000 -0.018709
1573043395.670170 0.000000 0.001325 0.123900 10.203489 -0.002650 1.452738 0.000000 -0.014491
1573043395.690114 0.000000 0.000000 0.115520 10.225636 0.000000 1.452767 0.000000 -0.011832
1573043395.710091 0.000000 0.000000 0.144849 10.207080 0.000000 1.452767 0.000000 -0.014226
1573043395.730136 0.000000 0.001325 0.172981 10.246585 -0.002650 1.452767 0.000000 -0.016738
1573043395.750108 0.000000 0.001325 0.178368 10.199299 -0.002650 1.452767 0.000000 -0.018158
1573043395.770091 0.000000 -0.000662 0.175375 10.202890 0.001325 1.452796 0.000000 -0.017273
1573043395.790055 0.000000 -0.000662 0.154426 10.254366 0.001325 1.452796 0.000000 -0.015881
1573043395.810204 0.000000 0.000000 0.105943 10.226233 0.000000 1.452767 0.000000 -0.011916
1573043395.830083 0.000000 0.000000 0.134075 10.194510 0.000000 1.452767 0.000000 -0.013358
1573043395.850070 0.000000 0.000000 0.166397 10.272921 0.000000 1.452767 0.000000 -0.016230
1573043395.870202 0.000000 0.000000 0.156820 10.236409 0.000000 1.452767 0.000000 -0.017872
1573043395.890177 0.000000 0.000000 0.143652 10.165780 0.000000 1.452767 0.000000 -0.014288
1573043395.910122 0.000000 0.000000 0.145448 10.197503 0.000000 1.452767 0.000000 -0.016711
1573043395.930069 0.000000 0.000000 0.135871 10.239402 0.000000 1.452767 0.000000 -0.013498
1573043395.950491 0.000000 0.000662 0.161609 10.259752 -0.001325 1.452738 0.000000 -0.016973
1573043395.970160 0.000000 0.000662 0.192733 10.274117 -0.001325 1.452738 0.000000 -0.018784
1573043395.990083 0.000000 0.000000 0.165200 10.241198 0.000000 1.452767 0.000000 -0.017455
1573043396.010300 0.000000 0.000000 0.162207 10.235212 0.000000 1.452767 0.000000 -0.015545
1573043396.030076 0.000000 0.000000 0.129885 10.247782 0.000000 1.452767 0.000000 -0.013061
1573043396.050073 0.000000 0.000000 0.126893 10.222643 0.000000 1.452767 0.000000 -0.013705
1573043396.070130 0.000000 0.000000 0.149638 10.241198 0.000000 1.452767 0.000000 -0.014254
1573043396.090156 0.000000 0.000000 0.172383 10.192715 0.000000 1.452767 0.000000 -0.017068
1573043396.110101 0.000000 0.000000 0.146645 10.184934 0.000000 1.452767 0.000000 -0.014364
1573043396.130031 0.000000 0.000000 0.128090 10.234015 0.000000 1.452796 0.000000 -0.014722
1573043396.150090 0.000000 0.000000 0.135871 10.223241 0.000000 1.452796 0.000000 -0.013287
1573043396.170079 0.000000 0.000000 0.128688 10.197503 0.000000 1.452767 0.000000 -0.012441
1573043396.190146 0.000000 0.000000 0.157419 10.262746 0.000000 1.452767 0.000000 -0.015073
1573043396.210155 0.000000 -0.000662 0.152032 10.190321 0.001325 1.452796 0.000000 -0.014733
1573043396.230258 0.000000 -0.000662 0.155623 10.232818 0.001325 1.452796 0.000000 -0.014873
1573043396.250137 0.000000 0.000000 0.147842 10.220248 0.000000 1.452767 0.000000 -0.014459
1573043396.270107 0.000000 0.000000 0.152032 10.226233 0.000000 1.452767 0.000000 -0.015753
1573043396.290207 0.000000 0.000000 0.165200 10.235212 0.000000 1.452767 0.000000 -0.016305
1573043396.310127 0.000000 -0.000662 0.165798 10.195707 0.001325 1.452796 0.000000 -0.014991
1573043396.330081 0.000000 -0.000662 0.152032 10.222643 0.001325 1.452796 0.000000 -0.016139
1573043396.350441 0.000000 0.000000 0.149638 10.245986 0.000000 1.452767 0.000000 -0.014496
1573043396.370272 0.000000 0.000000 0.143054 10.256760 0.000000 1.452767 0.000000 -0.014474
1573043396.390252 0.000000 0.000000 0.144251 10.281899 0.000000 1.452767 0.000000 -0.013757
1573043396.410129 0.000000 0.000000 0.164003 10.185533 0.000000 1.452767 0.000000 -0.016379
1573043396.430231 0.000000 0.000000 0.162806 10.232220 0.000000 1.452767 0.000000 -0.014935
1573043396.450396 0.000000 0.000000 0.149638 10.268132 0.000000 1.452767 0.000000 -0.014405
1573043396.470108 0.000000 0.000000 0.135272 10.241198 0.000000 1.452767 0.000000 -0.016068
1573043396.490076 0.000000 0.000000 0.129287 10.226233 0.000000 1.452767 0.000000 -0.012673
1573043396.510016 0.000000 0.000000 0.162207 10.245986 0.000000 1.452767 0.000000 -0.015397
1573043396.529893 0.000000 0.000000 0.167594 10.290877 0.000000 1.452767 0.000000 -0.015546
1573043396.549896 0.000000 0.000000 0.144251 10.232220 0.000000 1.452767 0.000000 -0.012772
1573043396.569993 0.000000 0.000662 0.158616 10.192117 -0.001325 1.452767 0.000000 -0.015428
1573043396.589975 0.000000 0.000662 0.139462 10.266336 -0.001325 1.452767 0.000000 -0.013739
1573043396.609938 0.000000 0.000000 0.144849 10.225636 0.000000 1.452767 0.000000 -0.015120
1573043396.630001 0.000000 0.000000 0.165798 10.214861 0.000000 1.452767 0.000000 -0.016386
1573043396.649964 0.000000 0.000000 0.152032 10.196306 0.000000 1.452767 0.000000 -0.016780
1573043396.670164 0.000000 -0.000662 0.149039 10.253169 0.001325 1.452796 0.000000 -0.015507
1573043396.690430 0.000000 -0.000662 0.163404 10.229227 0.001325 1.452796 0.000000 -0.013473
1573043396.710190 0.000000 -0.000634 0.138265 10.245387 0.001267 1.452767 0.000000 -0.013719
1573043396.730093 0.000000 0.000000 0.152630 10.205883 0.000000 1.452767 0.000000 -0.014912
1573043396.750125 0.000000 0.000000 0.131681 10.216657 0.000000 1.452767 0.000000 -0.013843
1573043396.770201 0.000000 0.000000 0.158017 10.258555 0.000000 1.452767 0.000000 -0.015494
1573043396.790064 0.000000 0.000000 0.161609 10.220847 0.000000 1.452767 0.000000 -0.014558
1573043396.810310 0.000000 0.000000 0.158616 10.214861 0.000000 1.452767 0.000000 -0.014915
1573043396.830104 0.000000 -0.000662 0.125696 10.232818 0.001325 1.452796 0.000000 -0.012280
1573043396.850226 0.000000 -0.000662 0.171185 10.210073 0.001325 1.452796 0.000000 -0.015756
1573043396.870027 0.000000 -0.000662 0.159813 10.263943 0.001325 1.452796 0.000000 -0.015018
1573043396.890073 0.000000 -0.000662 0.140659 10.207679 0.001325 1.452796 0.000000 -0.013866
1573043396.910005 0.000000 -0.000662 0.162207 10.219649 0.001325 1.452796 0.000000 -0.015784
1573043396.930051 0.000000 0.000000 0.149638 10.193314 0.000000 1.452767 0.000000 -0.015146
1573043396.950274 0.000000 0.000000 0.160412 10.162787 0.000000 1.452767 0.000000 -0.015464
1573043396.970116 0.000000 0.000000 0.147842 10.196905 0.000000 1.452767 0.000000 -0.015223
1573043396.990114 0.000000 0.000000 0.144251 10.264541 0.000000 1.452767 0.000000 -0.014282
1573043397.010146 0.000000 0.000000 0.156222 10.231621 0.000000 1.452767 0.000000 -0.014824
1573043397.030056 0.000000 0.000000 0.139462 10.178349 0.000000 1.452767 0.000000 -0.014035
1573043397.050394 0.000000 0.000000 0.143652 10.262746 0.000000 1.452767 0.000000 -0.013040
1573043397.070117 0.000000 0.000662 0.157419 10.219051 -0.001325 1.452767 0.000000 -0.015779
1573043397.090280 0.000000 0.000662 0.119112 10.255563 -0.001325 1.452767 0.000000 -0.013454
1573043397.110340 0.000000 0.000000 0.157419 10.242394 0.000000 1.452767 0.000000 -0.015952
1573043397.130192 0.000000 0.000000 0.139462 10.190321 0.000000 1.452767 0.000000 -0.013353
1573043397.150232 0.000000 -0.001325 0.143054 10.214861 0.002650 1.452825 0.000000 -0.013534
1573043397.170155 0.000000 0.001267 0.177171 10.268132 -0.002534 1.452767 0.000000 -0.015244
1573043397.190245 0.000000 0.000000 0.151433 10.159196 0.000000 1.452767 0.000000 -0.015946
1573043397.210141 0.000000 0.000000 0.147243 10.216059 0.000000 1.452767 0.000000 -0.015654
1573043397.230217 0.000000 0.000000 0.141856 10.217256 0.000000 1.452767 0.000000 -0.013724
1573043397.250195 0.000000 0.000000 0.135871 10.219649 0.000000 1.452767 0.000000 -0.013081
1573043397.270178 0.000000 0.000000 0.163404 10.247782 0.000000 1.452767 0.000000 -0.015857
1573043397.290024 0.000000 0.000000 0.153229 10.207080 0.000000 1.452767 0.000000 -0.015472
1573043397.310128 0.000000 0.000000 0.132280 10.117298 0.000000 1.452767 0.000000 -0.015443
1573043397.330173 0.000000 -0.000662 0.171784 10.253767 0.001325 1.452796 0.000000 -0.016928
1573043397.350134 0.000000 -0.000662 0.131681 10.205284 0.001325 1.452796 0.000000 -0.015145
1573043397.370165 0.000000 0.000634 0.158616 10.226832 -0.001267 1.452767 0.000000 -0.014721
1573043397.390297 0.000000 0.000634 0.152032 10.252570 -0.001267 1.452767 0.000000 -0.014758
1573043397.410106 0.000000 -0.000662 0.161609 10.244190 0.001325 1.452796 0.000000 -0.016069
1573043397.430137 0.000000 -0.000662 0.153229 10.242993 0.001325 1.452796 0.000000 -0.016656
1573043397.450140 0.000000 -0.000634 0.171185 10.195707 0.001267 1.452767 0.000000 -0.016666
1573043397.470124 0.000000 -0.000634 0.140061 10.229227 0.001267 1.452767 0.000000 -0.013594
1573043397.490150 0.000000 -0.000634 0.156222 10.229825 0.001267 1.452767 0.000000 -0.014800
1573043397.510091 0.000000 -0.000662 0.152630 10.212467 0.001325 1.452767 0.000000 -0.014783
1573043397.530108 0.000000 -0.000662 0.149039 10.267534 0.001325 1.452767 0.000000 -0.013004
1573043397.550752 0.000000 0.000000 0.155025 10.223840 0.000000 1.452767 0.000000 -0.016198
1573043397.570159 0.000000 0.000000 0.144849 10.242993 0.000000 1.452767 0.000000 -0.015272
1573043397.590208 0.000000 0.000662 0.150835 10.194510 -0.001325 1.452767 0.000000 -0.013908
1573043397.610489 0.000000 0.000662 0.165200 10.234015 -0.001325 1.452767 0.000000 -0.016064
1573043397.630308 0.000000 0.000000 0.163404 10.272921 0.000000 1.452767 0.000000 -0.016367
1573043397.650230 0.000000 0.000000 0.135272 10.246585 0.000000 1.452767 0.000000 -0.014617
1573043397.670253 0.000000 0.000000 0.149638 10.229825 0.000000 1.452767 0.000000 -0.014940
1573043397.690142 0.000000 0.000662 0.143652 10.196306 -0.001325 1.452739 0.000000 -0.014853
1573043397.710042 0.000000 0.000662 0.161609 10.286089 -0.001325 1.452739 0.000000 -0.014415
1573043397.730661 0.000000 0.000000 0.155623 10.275913 0.000000 1.452796 0.000000 -0.015122
1573043397.750186 0.000000 0.000000 0.158017 10.171765 0.000000 1.452796 0.000000 -0.015106
1573043397.770128 0.000000 -0.000662 0.143054 10.253169 0.001325 1.452796 0.000000 -0.015519
1573043397.790390 0.000000 -0.000662 0.157419 10.228628 0.001325 1.452796 0.000000 -0.014502
1573043397.810288 0.000000 0.000000 0.135272 10.164583 0.000000 1.452796 0.000000 -0.015583
1573043397.830211 0.000000 0.000000 0.150236 10.260950 0.000000 1.452796 0.000000 -0.013805
1573043397.850116 0.000000 0.000000 0.153827 10.256162 0.000000 1.452767 0.000000 -0.013221
1573043397.870257 0.000000 0.000000 0.150835 10.232818 0.000000 1.452767 0.000000 -0.014831
1573043397.890124 0.000000 0.000000 0.147842 10.242993 0.000000 1.452767 0.000000 -0.014241
1573043397.910121 0.000000 0.000000 0.160412 10.269329 0.000000 1.452767 0.000000 -0.013964
1573043397.930118 0.000000 0.000000 0.146046 10.157999 0.000000 1.452767 0.000000 -0.014496
1573043397.950168 0.000000 0.000662 0.152630 10.181342 -0.001325 1.452767 0.000000 -0.015434
1573043397.970219 0.000000 0.000662 0.154426 10.253169 -0.001325 1.452767 0.000000 -0.016620
1573043397.990076 0.000000 0.000662 0.165200 10.192117 -0.001325 1.452767 0.000000 -0.015054
1573043398.010121 0.000000 0.000662 0.135871 10.179547 -0.001325 1.452767 0.000000 -0.013255
1573043398.030372 0.000000 0.000000 0.163404 10.231022 0.000000 1.452767 0.000000 -0.016347
1573043398.050154 0.000000 0.000000 0.143652 10.281301 0.000000 1.452767 0.000000 -0.014103
1573043398.070047 0.000000 0.000000 0.140061 10.160992 0.000000 1.452767 0.000000 -0.014528
1573043398.090124 0.000000 0.000000 0.164601 10.236409 0.000000 1.452767 0.000000 -0.015086
1573043398.110319 0.000000 0.000000 0.152630 10.221445 0.000000 1.452767 0.000000 -0.016235
1573043398.130203 0.000000 -0.000662 0.152630 10.226233 0.001325 1.452796 0.000000 -0.015816
1573043398.150060 0.000000 -0.000662 0.152032 10.243592 0.001325 1.452796 0.000000 -0.014990
1573043398.170323 0.000000 0.000000 0.137068 10.262147 0.000000 1.452767 0.000000 -0.014930
1573043398.190179 0.000000 0.000000 0.173580 10.210073 0.000000 1.452767 0.000000 -0.016723
1573043398.210112 0.000000 0.000000 0.152630 10.235810 0.000000 1.452767 0.000000 -0.015493
1573043398.230317 0.000000 0.000000 0.162207 10.232818 0.000000 1.452767 0.000000 -0.015303
1573043398.250082 0.000000 0.000662 0.133477 10.225037 -0.001325 1.452738 0.000000 -0.012997
1573043398.270080 0.000000 0.000662 0.176572 10.219051 -0.001325 1.452738 0.000000 -0.016503
1573043398.290136 0.016000 0.000662 0.174178 10.219051 -0.001325 1.452738 0.000000 -0.015081
1573043398.310427 0.032000 0.023338 0.153229 10.314220 0.001325 1.452796 0.000000 -0.014044
1573043398.330216 0.048000 0.047338 0.162806 10.216657 0.001325 1.452796 0.000000 -0.016066
1573043398.350025 0.064000 0.072000 0.167594 10.300454 0.000000 1.452767 0.000000 -0.016217
1573043398.370166 0.080000 0.096000 0.282516 10.231022 0.000000 1.452767 0.000000 -0.017472
1573043398.390105 0.096000 0.116026 0.992995 10.288483 0.007949 1.452911 -0.006385 -0.021810
1573043398.410631 0.112000 0.140026 1.420959 10.188525 0.007949 1.452911 -0.009578 -0.026464
1573043398.430187 0.128000 0.147725 1.531690 10.234015 0.040550 1.454264 0.000000 -0.030993
1573043398.450149 0.144000 0.171725 1.549048 10.257359 0.040550 1.454264 0.000000 -0.035420
1573043398.470056 0.160000 0.195725 1.366491 10.188525 0.040550 1.454264 0.000000 -0.039803
1573043398.490130 0.176000 -0.040798 1.098939 10.270527 0.100685 1.457892 -0.010642 -0.044388
1573043398.510060 0.192000 -0.040811 1.034894 10.245986 0.100685 1.457892 -0.012770 -0.048850
1573043398.530282 0.208000 -0.057498 1.276109 10.311827 0.147053 1.463764 -0.012770 -0.052351
1573043398.550087 0.224000 -0.003909 -0.099958 10.117298 0.147053 1.463764 0.011706 -0.050350
1573043398.570179 0.240000 0.095608 -2.582146 10.199898 0.148378 1.470615 0.072366 -0.044819
1573043398.590739 0.256000 0.102138 -2.015319 10.047267 0.148378 1.470615 0.024477 -0.040651
1573043398.610237 0.272000 0.368102 -2.081160 10.390237 0.031795 1.472976 0.000000 -0.036257
1573043398.630094 0.288000 0.199372 -0.071227 10.221445 0.031795 1.472976 -0.038311 -0.032416
1573043398.650059 0.304000 0.190628 2.114679 10.925341 0.046368 1.474790 -0.070237 -0.032400
1573043398.670150 0.320000 0.201758 2.495357 9.173384 0.046368 1.474790 -0.048953 -0.038379
1573043398.690143 0.336000 0.456816 2.707243 10.769119 0.046368 1.474790 0.007449 -0.042662
1573043398.710193 0.352000 0.421200 1.918953 8.603563 0.165600 1.480778 0.007449 -0.046991
1573043398.730035 0.368000 0.208560 1.583166 10.390835 0.165600 1.480778 0.017027 -0.050052
1573043398.750165 0.384000 0.460761 1.675941 10.896011 0.182477 1.488666 0.000000 -0.051981
1573043398.770059 0.400000 0.179481 1.851316 10.152014 0.182477 1.488666 -0.032990 -0.055778
1573043398.790076 0.400000 0.459571 1.933318 10.318411 0.280858 1.500093 0.000000 -0.060492
1573043398.810185 0.400000 0.459571 1.931522 10.426149 0.280858 1.500093 -0.009578 -0.064817
1573043398.830021 0.400000 0.197019 0.408211 9.622296 0.317952 1.513793 0.081943 -0.061912
1573043398.850058 0.400000 0.077464 1.479018 9.021352 0.317952 1.513793 -0.048953 -0.064879
1573043398.870193 0.400000 0.056060 1.362899 10.609306 0.317952 1.513793 -0.040440 -0.070522
1573043398.890229 0.400000 0.112522 -1.318008 11.133636 0.380218 1.529249 0.050017 -0.067476
1573043398.910276 0.400000 0.150670 -2.659359 10.822390 0.380218 1.529249 0.063852 -0.061577
1573043398.930163 0.400000 0.178151 -1.571195 7.980473 0.298080 1.543928 0.019156 -0.057627
1573043398.950045 0.400000 0.153493 -2.537255 10.330381 0.298080 1.543928 -0.023412 -0.055747
1573043398.970104 0.400000 0.520800 -2.297835 11.409568 0.158400 1.551845 0.008514 -0.052293
1573043398.990203 0.400000 0.251066 -1.559224 10.385448 0.158400 1.551845 -0.035119 -0.048328
1573043399.010092 0.400000 0.274617 -0.796072 9.952098 0.162951 1.559012 -0.025541 -0.044695
1573043399.030149 0.400000 0.148969 2.549226 8.517372 0.162951 1.559012 -0.143667 -0.050924
1573043399.050174 0.400000 0.193507 2.345719 11.674128 0.268935 1.569660 0.011706 -0.056278
1573043399.070131 0.400000 0.203656 0.607529 10.714651 0.268935 1.569660 0.031926 -0.057484
1573043399.090061 0.400000 0.232852 0.116119 9.400833 0.268935 1.569660 0.043632 -0.053517
1573043399.110266 0.400000 0.246406 -1.030704 10.238804 0.242439 1.580453 0.012770 -0.048518
1573043399.130277 0.400000 0.242796 -0.879271 9.606135 0.242439 1.580453 -0.011706 -0.045324
1573043399.150552 0.400000 0.249248 -0.383072 10.107721 0.237140 1.590959 -0.018091 -0.043542
1573043399.170102 0.400000 0.260462 0.156820 10.451887 0.237140 1.590959 -0.021284 -0.040788
1573043399.190132 0.400000 0.489379 0.660201 10.380660 0.221242 1.600804 0.000000 -0.043205
1573043399.210096 0.400000 0.285654 0.463877 9.910199 0.221242 1.600804 0.028733 -0.045342
1573043399.230172 0.400000 0.489379 1.923741 10.420763 0.221242 1.600804 0.004257 -0.048030
1573043399.250250 0.400000 0.197832 1.583764 9.000402 0.235815 1.610965 -0.026605 -0.052595
1573043399.270160 0.400000 0.186462 1.578976 10.337564 0.235815 1.610965 -0.010642 -0.057423
1573043399.290090 0.400000 0.111029 1.470040 12.739547 0.327226 1.624205 -0.019156 -0.062007
1573043399.310163 0.400000 0.163435 -0.393248 10.000581 0.327226 1.624205 0.035119 -0.060209
1573043399.330181 0.400000 0.203367 -2.193089 9.530120 0.352397 1.639659 0.063852 -0.054303
1573043399.350210 0.400000 0.423801 -1.993173 10.864288 0.352397 1.639659 0.000000 -0.052101
1573043399.370100 0.400000 0.485318 -1.832163 9.117120 0.229364 1.657845 -0.007449 -0.048712
1573043399.390098 0.400000 0.485318 -0.291494 10.884041 0.229364 1.657845 0.000000 -0.044362
1573043399.410066 0.400000 0.199070 2.409165 10.647015 0.229364 1.657845 -0.061724 -0.047374
1573043399.430116 0.400000 0.144212 2.215834 10.704475 0.320602 1.670478 -0.037247 -0.053138
1573043399.450104 0.400000 0.140910 1.161188 9.395446 0.368295 1.678480 0.013835 -0.057202
1573043399.470082 0.400000 0.425126 0.251990 9.767146 0.349748 1.686424 0.004257 -0.056284
1573043399.490150 0.400000 0.262381 -1.992574 10.160992 0.349748 1.686424 0.112805 -0.050598
1573043399.510186 0.400000 0.274794 -0.830189 11.173141 0.319277 1.693362 0.068109 -0.044011
1573043399.530104 0.400000 0.440361 0.447716 9.498995 0.319277 1.693362 0.000000 -0.043960
1573043399.550398 0.400000 0.198718 1.030105 9.818023 0.272909 1.704992 -0.041504 -0.046325
1573043399.570361 0.400000 0.199094 1.207276 11.103709 0.272909 1.704992 -0.019156 -0.050059
1573043399.590073 0.400000 0.150811 1.291672 8.425795 0.293991 1.717916 -0.039375 -0.054139
1573043399.610264 0.400000 0.248537 -0.097564 10.295067 0.293991 1.717916 0.064916 -0.051280
1573043399.630226 0.400000 0.291783 -1.195904 10.287286 0.283508 1.730841 0.074494 -0.045212
1573043399.650158 0.400000 0.322672 -1.079785 10.010158 0.283508 1.730841 0.074494 -0.039034
1573043399.670090 0.400000 0.458246 -0.664391 11.520899 0.283508 1.730841 -0.004257 -0.034153
1573043399.690050 0.400000 0.276180 0.196325 9.849147 0.221760 1.741235 -0.067045 -0.031861
1573043399.710062 0.400000 0.254612 2.443881 10.536881 0.221760 1.741235 -0.057467 -0.037707
1573043399.730055 0.400000 0.245939 1.917755 10.831966 0.253037 1.752032 -0.024477 -0.041592
1573043399.750170 0.400000 0.473481 1.968632 10.918159 0.253037 1.752032 0.006385 -0.043605
1573043399.770299 0.400000 0.262026 0.478840 8.126519 0.311328 1.765305 0.083008 -0.046191
1573043399.790147 0.400000 0.276550 0.109535 11.210251 0.311328 1.765305 0.053210 -0.042071
1573043399.810098 0.400000 0.142212 1.064821 9.108142 0.333850 1.778924 -0.069173 -0.047105
1573043399.830189 0.400000 0.200422 0.804452 11.145009 0.333850 1.778924 0.028733 -0.051128
1573043399.850258 0.400000 0.257836 -1.300051 11.286266 0.324576 1.793608 0.060659 -0.045681
1573043399.870065 0.400000 0.263220 -1.966837 9.630676 0.324576 1.793608 0.034054 -0.040347
1573043399.890381 0.400000 0.437712 -1.174954 10.311827 0.324576 1.793608 -0.007449 -0.035927
1573043399.910183 0.400000 0.478781 -0.326210 10.098742 0.242439 1.805300 -0.008514 -0.031770
1573043399.930128 0.400000 0.478781 0.092177 9.925163 0.242439 1.805300 -0.006385 -0.029875
1573043399.950214 0.400000 0.303414 1.153407 10.942101 0.242439 1.815782 -0.021284 -0.031668
1573043399.970132 0.400000 0.283738 2.576161 10.129868 0.242439 1.815782 -0.021284 -0.035603
1573043399.990262 0.400000 0.289033 1.748366 9.625888 0.324404 1.829231 0.057467 -0.038948
1573043400.010370 0.400000 0.437798 0.886453 11.905766 0.324404 1.829231 0.005321 -0.041951
1573043400.030172 0.400000 0.426451 0.016759 9.771935 0.347098 1.844490 0.000000 -0.041771
1573043400.050183 0.400000 0.262809 0.071826 11.700463 0.347098 1.844490 0.029798 -0.037496
1573043400.070221 0.400000 0.426451 0.958279 9.782109 0.347098 1.844490 0.005321 -0.039580
1573043400.090352 0.400000 0.168753 0.881066 9.899426 0.355047 1.859632 -0.038311 -0.044615
1573043400.110663 0.400000 0.254310 -0.217872 9.586384 0.355047 1.859632 0.051082 -0.041806
1573043400.130167 0.400000 0.259498 0.017358 11.764508 0.370944 1.876011 0.042568 -0.037817
1573043400.150134 0.400000 0.258787 -0.126893 12.515689 0.370944 1.876011 0.028733 -0.035746
1573043400.170153 0.400000 0.326732 -1.551443 8.478467 0.347098 1.891671 0.071301 -0.031352
1573043400.190279 0.400000 0.321886 -1.493383 9.786300 0.347098 1.891671 0.029798 -0.025681
1573043400.210063 0.400000 0.456921 -0.721253 9.691130 0.286157 1.904422 0.000000 -0.021278
1573043400.230530 0.400000 0.456921 -0.070629 10.587160 0.286157 1.904422 -0.005321 -0.017096
1573043400.250137 0.400000 0.459571 1.014543 10.827178 0.280858 1.916740 0.000000 -0.020410
1573043400.270101 0.400000 0.317866 1.526304 8.992621 0.280858 1.916740 -0.021284 -0.024936
1573043400.290075 0.400000 0.459571 1.650802 9.750386 0.280858 1.916740 -0.008514 -0.029604
1573043400.310088 0.400000 0.265904 1.310825 9.032125 0.360346 1.931445 0.019156 -0.033850
1573043400.330044 0.400000 0.270894 0.984615 12.094908 0.360346 1.931445 0.039375 -0.036087
1573043400.350113 0.400000 0.276257 -1.377863 8.274960 0.409364 1.948996 0.047889 -0.031475
1573043400.370087 0.400000 0.287570 -0.995988 7.805098 0.409364 1.948996 0.054274 -0.030233
1573043400.390110 0.400000 0.427661 -1.355118 11.786057 0.344679 1.965021 0.000000 -0.025204
1573043400.410182 0.400000 0.332923 -1.163582 9.115324 0.344679 1.965021 0.011706 -0.020820
1573043400.430069 0.400000 0.389560 -0.992995 11.100716 0.312653 1.979033 0.031926 -0.015931
1573043400.450164 0.400000 0.317079 1.336563 8.255207 0.312653 1.979033 -0.043632 -0.018338
1573043400.470097 0.400000 0.308598 1.253365 9.929353 0.312653 1.979033 -0.020220 -0.023780
1573043400.490257 0.400000 0.315155 1.055244 10.423157 0.310464 1.992816 0.011706 -0.027796
1573043400.510186 0.400000 0.343830 -0.015562 10.032902 0.310464 1.992816 0.034054 -0.025636
1573043400.530218 0.400000 0.361043 -0.235230 11.919533 0.344448 2.007692 0.055338 -0.022201
1573043400.550331 0.400000 0.365245 -0.327407 8.932766 0.344448 2.007692 0.026605 -0.017706
1573043400.570087 0.400000 0.428438 -0.134075 8.556877 0.343124 2.022539 0.000000 -0.017159
1573043400.590104 0.400000 0.328284 0.377087 10.269928 0.343124 2.022539 -0.020220 -0.016796
1573043400.610162 0.400000 0.418502 0.373495 10.477027 0.362996 2.038020 0.000000 -0.019167
1573043400.630124 0.400000 0.295755 0.690129 11.575965 0.362996 2.038020 -0.012770 -0.022506
1573043400.650256 0.400000 0.415853 0.235829 9.583989 0.368295 2.053760 0.006385 -0.020005
1573043400.670184 0.400000 0.289207 0.202909 9.685742 0.368295 2.053760 -0.012770 -0.023286
1573043400.690150 0.400000 0.353961 -0.077812 11.069592 0.368295 2.053760 0.051082 -0.020551
1573043400.710376 0.400000 0.307222 -0.469862 11.021708 0.361152 2.070133 -0.011706 -0.020567
1573043400.730156 0.400000 0.419424 -0.824204 8.869919 0.361152 2.070133 -0.005321 -0.017358
1573043400.750100 0.400000 0.345634 -0.696713 9.311648 0.370944 2.086393 0.010642 -0.015481
1573043400.770307 0.400000 0.414528 -0.589572 9.573813 0.370944 2.086393 0.000000 -0.011180
1573043400.790088 0.400000 0.368822 0.765546 10.938509 0.338343 2.101674 -0.017027 -0.009677
1573043400.810099 0.400000 0.338188 0.611719 12.575544 0.338343 2.101674 -0.032990 -0.013250
1573043400.830052 0.400000 0.312431 0.568024 9.476849 0.359021 2.117214 -0.024477 -0.017696
1573043400.850080 0.400000 0.317842 1.006163 10.072407 0.359021 2.117214 0.010642 -0.022232
1573043400.870071 0.400000 0.346662 -0.288501 9.190742 0.359021 2.117214 0.045761 -0.022087
1573043400.890159 0.400000 0.370695 -1.086369 11.159374 0.370944 2.133416 0.054274 -0.017451
1573043400.910120 0.400000 0.366761 -0.862511 8.471883 0.370944 2.133416 0.024477 -0.013470
1573043400.930103 0.400000 0.348446 -0.958878 11.954847 0.359021 2.149130 -0.029798 -0.009641
1573043400.950238 0.400000 0.356006 0.007781 9.344569 0.359021 2.149130 -0.025541 -0.008810
1573043400.970607 0.400000 0.426451 0.416591 9.398438 0.347098 2.164354 -0.007449 -0.011795
1573043400.990159 0.400000 0.426451 0.509366 11.446079 0.347098 2.164354 0.004257 -0.015219
1573043401.010178 0.400000 0.429763 -0.129287 9.560047 0.340474 2.179290 -0.007449 -0.011842
1573043401.030328 0.400000 0.312288 1.104326 10.112510 0.340474 2.179290 -0.042568 -0.016684
1573043401.050227 0.400000 0.353843 1.287482 9.628282 0.340474 2.179290 0.036183 -0.020973
1573043401.070256 0.400000 0.321731 0.605733 11.651981 0.390817 2.195665 0.046825 -0.024064
1573043401.090055 0.400000 0.318936 -1.334169 9.151237 0.390817 2.195665 0.012770 -0.019174
1573043401.110039 0.400000 0.411821 -0.747589 9.633070 0.376359 2.212818 -0.004257 -0.015183
1573043401.130160 0.400000 0.374295 -1.226430 9.939528 0.376359 2.212818 0.026605 -0.011762
1573043401.150078 0.400000 0.398135 -0.276530 9.959879 0.378893 2.229628 0.026605 -0.006740
1573043401.170101 0.400000 0.410553 -0.407613 8.690952 0.378893 2.229628 0.000000 -0.005760
1573043401.190082 0.400000 0.328882 0.312443 10.351331 0.354816 2.245689 -0.062788 -0.008696
1573043401.210352 0.400000 0.325759 0.678756 8.654441 0.354816 2.245689 -0.035119 -0.013748
1573043401.230397 0.400000 0.409229 0.573411 12.823942 0.381543 2.262124 0.005321 -0.017509
1573043401.250127 0.400000 0.346721 0.093374 8.497022 0.381543 2.262124 0.020220 -0.015737
1573043401.270127 0.400000 0.323626 -0.522534 11.054627 0.381543 2.262124 -0.027669 -0.012693
1573043401.290087 0.400000 0.334158 0.703895 9.968259 0.348480 2.278216 -0.018091 -0.015426
1573043401.310123 0.400000 0.379227 0.365116 10.912172 0.348480 2.278216 0.027669 -0.013734
1573043401.330076 0.400000 0.384614 -0.541090 10.231022 0.372269 2.294452 0.028733 -0.010448
1573043401.350049 0.400000 0.413865 -0.937928 11.235989 0.372269 2.294452 0.000000 -0.008332
1573043401.370461 0.400000 0.362200 -0.378284 10.066421 0.342144 2.310026 -0.058531 -0.006241
1573043401.390216 0.400000 0.330248 0.745195 9.942521 0.342144 2.310026 -0.057467 -0.010541
1573043401.410377 0.400000 0.326494 0.764349 10.311228 0.342144 2.310026 -0.029798 -0.015719
1573043401.430124 0.400000 0.413865 -0.113126 8.815451 0.372269 2.334235 -0.006385 -0.015261
1573043401.450066 0.400000 0.330700 -0.066439 11.176133 0.372269 2.334235 -0.027669 -0.012206
1573043401.470152 0.400000 0.398384 -0.226252 9.142259 0.378893 2.350557 0.035119 -0.008053
1573043401.490127 0.400000 0.338439 0.362722 12.811373 0.378893 2.350557 -0.035119 -0.008804
1573043401.510221 0.400000 0.362988 0.222661 6.624157 0.361671 2.358416 -0.018091 -0.008341
1573043401.530205 0.400000 0.329495 0.866701 12.023082 0.361671 2.358416 -0.037247 -0.011974
1573043401.550137 0.400000 0.311055 0.969652 11.048642 0.364320 2.374335 -0.046825 -0.013865
1573043401.570205 0.400000 0.348609 0.205901 9.242816 0.364320 2.374335 0.019156 -0.016911
1573043401.590131 0.400000 0.417177 -0.746991 12.831125 0.365645 2.390424 0.006385 -0.014075
1573043401.610276 0.400000 0.417177 -0.172981 7.310695 0.365645 2.390424 0.006385 -0.010407
1573043401.630046 0.400000 0.350322 0.135871 11.813589 0.365645 2.390424 -0.035119 -0.007752
1573043401.650117 0.400000 0.354290 0.647033 9.513959 0.351072 2.405823 -0.022348 -0.010459
1573043401.670079 0.400000 0.315690 1.391630 13.409325 0.351072 2.405823 -0.043632 -0.014774
1573043401.690062 0.400000 0.415190 -0.007781 8.048707 0.369620 2.421712 0.000000 -0.013978
1573043401.710087 0.400000 0.320906 0.208296 10.685921 0.369620 2.421712 -0.019156 -0.015792
1573043401.730077 0.400000 0.366673 -0.247800 8.492233 0.373594 2.437859 0.019156 -0.012371
1573043401.750097 0.400000 0.412300 -0.232238 11.199477 0.373594 2.437859 0.061724 -0.010056
1573043401.770154 0.400000 0.422477 -0.993594 12.169727 0.355047 2.453690 0.000000 -0.006321
1573043401.790080 0.400000 0.384780 -0.259172 7.370550 0.355047 2.453690 -0.025541 -0.003453
1573043401.810092 0.384000 0.344486 1.454478 10.116699 0.359021 2.469176 -0.040440 -0.008730
1573043401.830126 0.368000 0.318356 1.233612 9.336189 0.359021 2.469176 -0.012770 -0.013583
1573043401.850143 0.352000 0.372489 0.523133 13.475165 0.359021 2.469176 0.000000 -0.017860
1573043401.870163 0.336000 0.273707 -0.434548 8.215703 0.381543 2.485554 0.037247 -0.018664
1573043401.890339 0.320000 0.255502 -0.785897 11.611878 0.381543 2.485554 0.013835 -0.013759
1573043401.910046 0.304000 0.247565 -0.682946 9.740211 0.377569 2.502106 0.018091 -0.011625
1573043401.930202 0.288000 0.226128 -1.019331 10.316016 0.377569 2.502106 0.014899 -0.010601
1573043401.950296 0.272000 0.259987 -1.480814 10.553042 0.337076 2.518026 0.031926 -0.005803
1573043401.970035 0.256000 0.239462 -1.150414 8.156446 0.337076 2.518026 0.000000 -0.000981
1573043401.990182 0.240000 0.232850 -1.400009 10.877457 0.282183 2.530923 -0.025541 0.002075
1573043402.010142 0.224000 0.225582 -0.790087 9.965266 0.282183 2.530923 -0.026605 0.005591
1573043402.030083 0.208000 0.207494 -0.209493 10.542867 0.257012 2.542264 0.000000 0.009753
1573043402.050372 0.192000 0.183494 0.065841 10.599131 0.257012 2.542264 0.000000 0.010879
1573043402.070159 0.176000 0.217100 0.016759 9.965266 0.257012 2.542264 0.015963 0.008967
1573043402.090188 0.160000 0.148742 -0.268151 10.259752 0.230516 2.552484 0.004257 0.008422
1573043402.110140 0.144000 0.170688 -0.162207 9.892242 0.230516 2.552484 -0.010642 0.010892
1573043402.130018 0.128000 0.163677 -0.156222 10.189722 0.218592 2.562128 -0.019156 0.014459
1573043402.150127 0.112000 0.150913 -0.280720 9.877279 0.218592 2.562128 -0.012770 0.015685
1573043402.170230 0.096000 0.065328 -0.265158 10.433332 0.205344 2.571196 0.007449 0.016966
1573043402.190214 0.080000 0.041328 -0.715866 10.084976 0.205344 2.571196 0.008514 0.020944
1573043402.210156 0.064000 0.031901 -0.587776 11.127651 0.176199 2.579227 0.004257 0.024195
1573043402.230265 0.048000 0.180048 -1.464653 9.688137 0.176199 2.579227 0.032990 0.029151
1573043402.250134 0.032000 0.164131 -1.517325 10.522516 0.176199 2.579227 0.012770 0.034003
1573043402.270247 0.016000 -0.005654 -0.988805 10.426149 0.107309 2.584841 0.004257 0.038542
1573043402.290118 0.000000 0.116960 1.113304 10.148422 0.107309 2.584841 -0.039375 0.035623
1573043402.310085 0.000000 0.080453 2.427721 9.850344 0.082138 2.588324 -0.044696 0.031456
1573043402.330058 0.000000 -0.041069 1.054646 9.442133 0.082138 2.588324 -0.009578 0.029261
1573043402.350268 0.000000 0.150004 -0.761356 10.381857 0.086112 2.592468 0.030862 0.033674
1573043402.370084 0.000000 -0.043056 -0.358532 10.025720 0.086112 2.592468 -0.005321 0.033838
1573043402.390145 0.000000 0.177014 -1.195305 10.412982 0.086112 2.592468 0.034054 0.038565
1573043402.410197 0.000000 0.111996 0.126893 10.442310 0.059616 2.597131 -0.046825 0.035853
1573043402.430115 0.000000 -0.029808 -0.500987 10.474632 0.059616 2.597131 0.008514 0.037475
1573043402.450101 0.000000 0.107544 0.927155 9.961076 0.045043 2.599262 -0.042568 0.032824
1573043402.470105 0.000000 0.072349 1.300650 10.235212 0.079834 2.601075 -0.030862 0.027391
1573043402.490158 0.000000 0.147081 -0.299874 10.636241 0.058291 2.602341 0.038311 0.029115
1573043402.510150 0.000000 0.125163 0.433949 9.680954 0.058291 2.602341 0.024477 0.026946
1573043402.530170 0.000000 -0.033782 0.389058 10.380061 0.067565 2.603810 0.000000 0.022601
1573043402.550256 0.000000 -0.033782 0.845153 10.732608 0.067565 2.603810 0.007449 0.020685
1573043402.570617 0.000000 -0.045043 0.171185 10.240001 0.090087 2.607552 0.000000 0.017307
1573043402.590212 0.000000 0.100031 -1.483806 10.440515 0.090087 2.607552 0.050017 0.021012
1573043402.610243 0.000000 0.124142 -1.959056 10.247782 0.041069 2.609999 0.017027 0.026211
1573043402.630143 0.000000 -0.020534 -1.087566 10.050858 0.041069 2.609999 0.000000 0.030629
1573043402.650241 0.000000 0.110210 0.296881 9.989806 0.041069 2.609999 -0.020220 0.029384
1573043402.670245 0.000000 0.076538 1.974618 10.462661 0.010598 2.610316 -0.048953 0.024200
1573043402.690314 0.000000 0.119639 0.834978 10.408194 0.010598 2.610316 0.030862 0.020050
1573043402.710219 0.000000 -0.014573 0.994791 10.459668 0.029146 2.611582 0.009578 0.016928
1573043402.730073 0.000000 0.043726 0.571017 10.439318 0.029146 2.611582 -0.019156 0.014725
1573043402.750113 0.000000 0.042353 0.363919 10.237606 0.058291 2.615180 0.024477 0.010384
1573043402.770101 0.000000 0.073789 -0.678756 10.249578 0.058291 2.615180 0.039375 0.014287
1573043402.790188 0.000000 0.075206 -0.483629 10.156203 0.058291 2.615180 0.012770 0.018827
1573043402.810038 0.000000 -0.025344 -0.185551 10.333973 0.050688 2.617655 0.000000 0.021703
1573043402.830085 0.000000 -0.025834 0.160412 9.984420 0.051667 2.618778 -0.008514 0.017404
1573043402.850098 0.000000 0.029263 0.712874 10.616488 0.050342 2.619871 -0.011706 0.012760
1573043402.870055 0.000000 -0.025171 -0.433351 10.663176 0.050342 2.619871 0.000000 0.015813
1573043402.890097 0.000000 0.093387 -1.156998 9.904214 0.042394 2.620792 0.015963 0.020363
1573043402.910213 0.000000 -0.021197 -0.321422 10.311228 0.042394 2.620792 0.006385 0.023935
1573043402.930015 0.000000 -0.003312 -0.134674 10.245986 0.006624 2.621886 0.000000 0.023984
1573043402.950082 0.000000 -0.003312 0.313640 10.230424 0.006624 2.621886 -0.008514 0.021955
1573043402.970514 0.000000 0.002534 0.134075 9.974843 -0.005069 2.621685 -0.008514 0.017376
1573043402.990010 0.000000 0.001325 0.427365 10.842741 -0.002650 2.621627 0.000000 0.014078
1573043403.010020 0.000000 0.001325 0.020351 10.269928 -0.002650 2.621627 -0.004257 0.009917
1573043403.030254 0.000000 0.000662 0.286706 10.053253 -0.001325 2.621598 0.004257 0.005568
1573043403.050194 0.000000 0.000662 0.167594 10.432734 -0.001325 2.621598 0.000000 0.001304
1573043403.070132 0.000000 0.000000 -0.044293 10.352528 0.000000 2.621570 0.000000 0.003602
1573043403.090263 0.000000 0.000000 0.132280 10.213066 0.000000 2.621570 0.000000 -0.000618
1573043403.110207 0.000000 0.000662 0.136469 10.098742 -0.001325 2.621512 0.000000 -0.004935
1573043403.130387 0.000000 0.000662 0.104746 10.340557 -0.001325 2.621512 0.000000 -0.008165
1573043403.150025 0.000000 0.000634 0.200514 10.354922 -0.001267 2.621541 0.000000 -0.009982
1573043403.170140 0.000000 0.000634 0.204106 10.108918 -0.001267 2.621541 0.000000 -0.013276
1573043403.190127 0.000000 0.000634 0.065242 10.286688 -0.001267 2.621541 0.000000 -0.010548
1573043403.210210 0.000000 0.000662 0.064045 10.255563 -0.001325 2.621512 0.000000 -0.007361
1573043403.230212 0.000000 0.000662 0.154426 10.262147 -0.001325 2.621512 0.000000 -0.011109
1573043403.250169 0.000000 0.000000 0.152630 10.298658 0.000000 2.621569 0.000000 -0.014742
1573043403.270102 0.000000 0.000000 0.153827 10.218452 0.000000 2.621569 0.000000 -0.015055
1573043403.290167 0.000000 0.000000 0.123900 10.244190 0.000000 2.621540 0.000000 -0.013726
1573043403.310016 0.000000 0.000000 0.053870 10.262147 0.000000 2.621540 0.000000 -0.010475
1573043403.330061 0.000000 0.000634 0.131681 10.123881 -0.001267 2.621540 0.000000 -0.011363
1573043403.350142 0.000000 0.000634 0.139462 10.160394 -0.001267 2.621540 0.000000 -0.012279
1573043403.370145 0.000000 0.000000 0.123900 10.200496 0.000000 2.621511 0.000000 -0.012698
1573043403.390216 0.000000 0.000000 0.099359 10.234613 0.000000 2.621511 0.000000 -0.012285
1573043403.410057 0.000000 0.000000 0.158616 10.178349 0.000000 2.621511 0.000000 -0.014557
1573043403.430230 0.000000 -0.000662 0.087987 10.233417 0.001325 2.621540 0.000000 -0.011327
1573043403.450095 0.000000 -0.000662 0.111330 10.222643 0.001325 2.621540 0.000000 -0.009257
1573043403.470114 0.000000 0.000000 0.137667 10.233417 0.000000 2.621569 0.000000 -0.013167
1573043403.490669 0.000000 0.000000 0.104746 10.224438 0.000000 2.621569 0.000000 -0.009696
1573043403.510113 0.000000 0.000662 0.151433 10.277111 -0.001325 2.621540 0.000000 -0.013502
1573043403.530220 0.000000 0.000662 0.154426 10.231022 -0.001325 2.621540 0.000000 -0.014311
1573043403.550091 0.000000 0.001267 0.093374 10.224438 -0.002534 2.621512 0.000000 -0.010587
1573043403.570107 0.000000 0.001267 0.095170 10.190321 -0.002534 2.621512 0.000000 -0.009390
1573043403.590111 0.000000 0.000000 0.123301 10.205284 0.000000 2.621512 0.000000 -0.011944
1573043403.610051 0.000000 0.000000 0.108338 10.210671 0.000000 2.621512 0.000000 -0.012870
1573043403.630062 0.000000 0.000000 0.113126 10.208278 0.000000 2.621512 0.000000 -0.011072
1573043403.650119 0.000000 0.000000 0.147842 10.255563 0.000000 2.621541 0.000000 -0.013287
1573043403.670018 0.000000 0.000000 0.083199 10.281301 0.000000 2.621541 0.000000 -0.009385
1573043403.690145 0.000000 -0.000662 0.099359 10.213664 0.001325 2.621569 0.000000 -0.008898
1573043403.710110 0.000000 -0.000662 0.140061 10.215460 0.001325 2.621569 0.000000 -0.011974
1573043403.730059 0.000000 0.000000 0.128688 10.220847 0.000000 2.621541 0.000000 -0.012578
1573043403.750067 0.000000 0.000000 0.119112 10.229227 0.000000 2.621541 0.000000 -0.013071
1573043403.770126 0.000000 -0.000662 0.101155 10.156802 0.001325 2.621569 0.000000 -0.009657
1573043403.790105 0.000000 -0.000662 0.104746 10.234015 0.001325 2.621569 0.000000 -0.010336
1573043403.810118 0.000000 -0.000662 0.130484 10.271125 0.001325 2.621569 0.000000 -0.011859
1573043403.830352 0.000000 0.001267 0.131083 10.242394 -0.002534 2.621512 0.000000 -0.013666
1573043403.850161 0.000000 0.001267 0.119112 10.244190 -0.002534 2.621512 0.000000 -0.011572
1573043403.870213 0.000000 -0.000662 0.118513 10.162189 0.001325 2.621541 0.000000 -0.010909
1573043403.890077 0.000000 -0.000662 0.116717 10.233417 0.001325 2.621541 0.000000 -0.011818
1573043403.910067 0.000000 0.000000 0.128090 10.240001 0.000000 2.621570 0.000000 -0.012886
1573043403.930127 0.000000 0.000000 0.110133 10.220847 0.000000 2.621570 0.000000 -0.012396
1573043403.950239 0.000000 0.000662 0.120907 10.172364 -0.001325 2.621512 0.000000 -0.012456
1573043403.970024 0.000000 0.000662 0.097564 10.216657 -0.001325 2.621512 0.000000 -0.012058
1573043403.990123 0.000000 -0.000634 0.117914 10.251373 0.001267 2.621541 0.000000 -0.011556
1573043404.010108 0.000000 -0.000634 0.125696 10.276512 0.001267 2.621541 0.000000 -0.010251
1573043404.030036 0.000000 -0.000634 0.148441 10.241198 0.001267 2.621541 0.000000 -0.013338
1573043404.050203 0.000000 -0.000662 0.131083 10.259154 0.001325 2.621541 0.000000 -0.011141
1573043404.070123 0.000000 -0.000662 0.105943 10.232220 0.001325 2.621541 0.000000 -0.012710
1573043404.090093 0.000000 0.000000 0.126893 10.225037 0.000000 2.621512 0.000000 -0.013170
1573043404.110087 0.000000 0.000000 0.112527 10.216657 0.000000 2.621512 0.000000 -0.010220
1573043404.129989 0.000000 -0.001325 0.159214 10.178948 0.002650 2.621569 0.000000 -0.012125
1573043404.150096 0.000000 -0.001325 0.147842 10.182540 0.002650 2.621569 0.000000 -0.014496
1573043404.170120 0.000000 0.000000 0.133477 10.202890 0.000000 2.621541 0.000000 -0.013072
1573043404.190163 0.000000 0.000000 0.132280 10.275315 0.000000 2.621541 0.000000 -0.011808
1573043404.210166 0.000000 0.000000 0.120309 10.281899 0.000000 2.621541 0.000000 -0.012314
1573043404.230189 0.000000 0.000000 0.123900 10.172963 0.000000 2.621541 0.000000 -0.010209
1573043404.250117 0.000000 0.000000 0.133477 10.224438 0.000000 2.621541 0.000000 -0.013107
1573043404.270187 0.000000 -0.001267 0.130484 10.213066 0.002534 2.621569 0.000000 -0.012817
1573043404.290307 0.000000 -0.001267 0.122703 10.163984 0.002534 2.621569 0.000000 -0.011653
1573043404.310056 0.000000 0.000662 0.131083 10.253767 -0.001325 2.621511 0.000000 -0.013101
1573043404.330095 0.000000 0.000662 0.135272 10.290278 -0.001325 2.621511 0.000000 -0.013223
1573043404.350368 0.000000 -0.001267 0.099958 10.278308 0.002534 2.621569 0.000000 -0.012395
1573043404.370278 0.000000 -0.001267 0.131083 10.289082 0.002534 2.621569 0.000000 -0.013383
1573043404.390103 0.000000 0.000662 0.118513 10.250774 -0.001325 2.621540 0.000000 -0.011511
1573043404.410258 0.000000 0.000662 0.105345 10.238205 -0.001325 2.621540 0.000000 -0.012835
1573043404.430077 0.000000 0.000662 0.102352 10.242993 -0.001325 2.621540 0.000000 -0.012225
1573043404.450071 0.000000 0.000634 0.127491 10.205883 -0.001267 2.621511 0.000000 -0.012389
1573043404.470111 0.000000 0.000634 0.104746 10.293271 -0.001267 2.621511 0.000000 -0.010227
1573043404.490246 0.000000 -0.000662 0.117914 10.248381 0.001325 2.621540 0.000000 -0.012032
1573043404.510025 0.000000 -0.000662 0.108338 10.219649 0.001325 2.621540 0.000000 -0.010522
1573043404.530058 0.000000 0.000634 0.119112 10.217854 -0.001267 2.621540 0.000000 -0.011383
1573043404.550420 0.000000 0.000634 0.093972 10.266336 -0.001267 2.621540 0.000000 -0.010045
1573043404.570249 0.000000 0.000662 0.141856 10.270527 -0.001325 2.621511 0.000000 -0.012803
1573043404.590252 0.000000 0.000662 0.117316 10.223840 -0.001325 2.621511 0.000000 -0.012976
1573043404.610155 0.000000 0.000662 0.117914 10.219051 -0.001325 2.621511 0.000000 -0.014087
1573043404.630122 0.000000 0.000000 0.101754 10.236409 0.000000 2.621511 0.000000 -0.010688
1573043404.650119 0.000000 0.000000 0.120907 10.216059 0.000000 2.621511 0.000000 -0.012095
1573043404.670115 0.000000 0.001325 0.118513 10.199898 -0.002650 2.621511 0.000000 -0.011579
1573043404.690625 0.000000 0.001325 0.138265 10.206482 -0.002650 2.621511 0.000000 -0.012956
1573043404.710103 0.000000 0.000634 0.104746 10.242394 -0.001267 2.621511 0.000000 -0.010486
1573043404.730103 0.000000 0.000634 0.117316 10.245986 -0.001267 2.621511 0.000000 -0.011535
1573043404.750372 0.000000 0.000000 0.122104 10.219649 0.000000 2.621540 0.000000 -0.011299
1573043404.770243 0.000000 0.000000 0.108338 10.228628 0.000000 2.621540 0.000000 -0.012209
1573043404.790122 0.000000 0.000000 0.113725 10.261548 0.000000 2.621540 0.000000 -0.011408
1573043404.810510 0.000000 0.000000 0.135871 10.196905 0.000000 2.621540 0.000000 -0.012675
1573043404.830165 0.000000 0.000000 0.120309 10.230424 0.000000 2.621540 0.000000 -0.010423
1573043404.850175 0.000000 -0.000662 0.147243 10.249578 0.001325 2.621540 0.000000 -0.014368
1573043404.870024 0.000000 -0.000662 0.134075 10.242394 0.001325 2.621540 0.000000 -0.011988
1573043404.890295 0.000000 -0.001267 0.137068 10.266336 0.002534 2.621569 0.000000 -0.014630
1573043404.910145 0.000000 -0.001267 0.126294 10.226233 0.002534 2.621569 0.000000 -0.012967
1573043404.930033 0.000000 0.000000 0.104746 10.259154 0.000000 2.621569 0.000000 -0.011121
1573043404.950264 0.000000 0.000000 0.122104 10.252570 0.000000 2.621569 0.000000 -0.011899
1573043404.970200 0.000000 -0.000634 0.103549 10.208278 0.001267 2.621569 0.000000 -0.011439
1573043404.990020 0.000000 -0.000634 0.130484 10.204686 0.001267 2.621569 0.000000 -0.011630
1573043405.010179 0.000000 -0.000634 0.140061 10.235810 0.001267 2.621569 0.000000 -0.013345
1573043405.030451 0.000000 0.000000 0.128688 10.214263 0.000000 2.621540 0.000000 -0.011720
1573043405.050101 0.000000 0.000000 0.125696 10.254964 0.000000 2.621540 0.000000 -0.010923
1573043405.070293 0.000000 0.000000 0.143054 10.193314 0.000000 2.621540 0.000000 -0.014028
1573043405.091357 0.000000 0.000000 0.118513 10.234613 0.000000 2.621540 0.000000 -0.012653
1573043405.110168 0.000000 -0.000662 0.123900 10.208278 0.001325 2.621569 0.000000 -0.011885
1573043405.130138 0.000000 -0.000662 0.123900 10.212467 0.001325 2.621569 0.000000 -0.011606
1573043405.150203 0.000000 0.001267 0.126893 10.223241 -0.002534 2.621511 0.000000 -0.011967
1573043405.170208 0.000000 0.001267 0.109535 10.234613 -0.002534 2.621511 0.000000 -0.012054
1573043405.190265 0.000000 0.001267 0.108936 10.214861 -0.002534 2.621511 0.000000 -0.010704
1573043405.210013 0.000000 0.000000 0.104746 10.182540 0.000000 2.621511 0.000000 -0.012815
1573043405.230085 0.000000 0.000000 0.108936 10.264541 0.000000 2.621511 0.000000 -0.013420
1573043405.250130 0.000000 0.001267 0.128090 10.231022 -0.002534 2.621511 0.000000 -0.011432
1573043405.270215 0.000000 0.001267 0.117316 10.213664 -0.002534 2.621511 0.000000 -0.013268
1573043405.290148 0.000000 0.000662 0.116717 10.265738 -0.001325 2.621511 0.000000 -0.011286
1573043405.310100 0.000000 0.000662 0.119710 10.258555 -0.001325 2.621511 0.000000 -0.011806
1573043405.330035 0.000000 -0.001267 0.128688 10.207080 0.002534 2.621569 0.000000 -0.012369
1573043405.350259 0.000000 -0.001267 0.106542 10.204686 0.002534 2.621569 0.000000 -0.010120
1573043405.370152 0.000000 -0.000662 0.109535 10.224438 0.001325 2.621540 0.000000 -0.010293
1573043405.390216 0.000000 -0.000662 0.119710 10.218452 0.001325 2.621540 0.000000 -0.012008
1573043405.410173 0.000000 -0.000662 0.107141 10.225636 0.001325 2.621540 0.000000 -0.012568
1573043405.430193 0.000000 -0.000634 0.128688 10.265738 0.001267 2.621569 0.000000 -0.013295
1573043405.450140 0.000000 -0.000634 0.116119 10.224438 0.001267 2.621569 0.000000 -0.011969
1573043405.470128 0.000000 0.000000 0.117914 10.197503 0.000000 2.621540 0.000000 -0.011849
1573043405.490541 0.000000 0.000000 0.116717 10.202890 0.000000 2.621540 0.000000 -0.011518
1573043405.510333 0.000000 -0.000634 0.128688 10.208876 0.001267 2.621540 0.000000 -0.013695
1573043405.530070 0.000000 -0.000634 0.099958 10.237606 0.001267 2.621540 0.000000 -0.011835
1573043405.550415 0.000000 0.000000 0.123301 10.196905 0.000000 2.621511 0.000000 -0.011932
1573043405.570091 0.000000 0.000000 0.111929 10.146029 0.000000 2.621511 0.000000 -0.012525
1573043405.590043 0.000000 0.000634 0.108338 10.223241 -0.001267 2.621511 0.000000 -0.010667
1573043405.610217 0.000000 0.000634 0.125696 10.269928 -0.001267 2.621511 0.000000 -0.011829
1573043405.630176 0.000000 0.000634 0.118513 10.258555 -0.001267 2.621511 0.000000 -0.009444
1573043405.650214 0.000000 -0.000662 0.111330 10.208876 0.001325 2.621569 0.000000 -0.011794
1573043405.670054 0.000000 -0.000662 0.114922 10.222643 0.001325 2.621569 0.000000 -0.013014
